 %time 1483743499
 %usr 0.31 0.00 0.00 0.00 0.00 0.00 0.00 0.00 5.00 0.00 0.00 0.00 0.00 0.00 0.00 0.00 0.00
 %sys 0.12 0.00 0.00 0.00 0.00 0.00 0.00 0.00 1.00 0.00 0.00 0.00 0.00 0.00 0.00 0.00 0.00
 %idle 99.56 100.00 100.00 100.00 100.00 100.00 100.00 100.00 94.00 100.00 100.00 100.00 100.00 100.00 100.00 100.00 100.00
 %time 1483743500
 %usr 0.44 0.00 0.00 0.00 0.00 0.00 0.00 5.05 0.00 0.00 0.00 1.00 0.00 0.00 0.00 0.00 0.00
 %sys 0.19 0.00 0.00 0.00 0.00 0.00 0.00 2.02 0.00 0.00 0.00 0.00 0.99 0.00 0.00 0.00 0.00
 %idle 99.38 100.00 100.00 100.00 100.00 100.00 100.00 92.93 100.00 100.00 100.00 99.00 99.01 100.00 100.00 100.00 100.00
 %time 1483743501
 %usr 0.19 0.00 0.00 0.00 0.00 2.00 0.00 0.00 0.00 0.00 0.00 0.99 0.00 0.00 0.00 0.00 0.00
 %sys 0.12 0.00 0.00 0.00 0.00 0.00 0.00 0.00 0.00 0.00 0.00 0.99 0.00 0.00 0.00 0.00 0.00
 %idle 99.63 100.00 100.00 100.00 100.00 98.00 100.00 100.00 100.00 100.00 100.00 98.02 100.00 100.00 100.00 100.00 100.00
 %time 1483743502
 %usr 0.31 0.00 0.00 0.00 0.00 4.00 0.00 0.00 0.00 0.00 0.00 0.00 0.00 0.00 0.00 0.00 0.00
 %sys 0.19 0.00 0.00 0.00 0.00 2.00 0.00 0.00 0.00 1.00 0.00 0.00 0.00 0.00 0.00 0.00 0.00
 %idle 99.50 100.00 100.00 100.00 100.00 94.00 100.00 100.00 100.00 99.00 100.00 100.00 100.00 100.00 100.00 100.00 100.00
 %time 1483743503
 %usr 0.31 0.00 0.00 0.00 0.00 0.00 0.00 0.00 0.00 3.96 0.00 0.00 0.00 0.00 0.00 0.00 0.00
 %sys 0.31 1.00 0.00 0.00 0.00 0.00 0.00 0.00 0.00 2.97 0.00 0.99 0.00 0.00 0.00 0.99 0.00
 %idle 95.26 99.00 97.98 100.00 91.92 100.00 100.00 100.00 100.00 39.60 99.00 99.01 100.00 100.00 100.00 99.01 100.00
 %time 1483743505
 %usr 2.31 0.00 0.00 0.00 0.00 0.00 0.00 0.00 0.00 18.18 19.80 0.00 0.00 0.00 0.00 0.00 0.00
 %sys 0.56 0.00 0.00 0.00 0.00 0.00 0.00 0.99 0.00 5.05 2.97 0.00 0.00 0.00 0.00 0.00 0.00
 %idle 94.06 100.00 100.00 100.00 100.00 100.00 100.00 99.01 100.00 28.28 75.25 100.00 100.00 100.00 100.00 100.00 100.00
 %time 1483743506
 %usr 0.87 0.00 1.98 0.00 10.10 0.00 0.00 0.00 0.00 1.00 0.00 0.00 0.00 0.00 0.00 0.00 0.00
 %sys 0.50 1.00 1.98 0.00 1.01 0.00 0.00 0.00 0.00 1.00 2.00 0.00 0.99 0.00 0.00 0.00 0.00
 %idle 93.82 99.00 85.15 99.00 42.42 100.00 100.00 100.00 100.00 81.00 96.00 100.00 99.01 100.00 100.00 100.00 100.00
 %time 1483743507
 %usr 1.81 1.00 5.05 4.00 8.00 0.00 0.00 0.00 0.00 2.94 8.91 0.00 0.00 0.00 0.00 0.00 0.00
 %sys 0.94 2.00 4.04 1.00 1.00 0.00 0.00 0.00 0.00 1.96 3.96 0.00 0.00 0.00 0.00 0.00 0.00
 %idle 93.94 97.00 87.88 95.00 59.00 100.00 100.00 100.00 100.00 84.31 80.20 100.00 100.00 100.00 100.00 100.00 100.00
 %time 1483743508
 %usr 2.38 2.02 13.86 2.02 4.00 2.00 0.00 0.00 3.03 7.92 0.99 1.00 0.00 0.00 0.00 0.00 0.00
 %sys 0.44 0.00 2.97 0.00 0.00 0.00 0.00 0.00 0.00 0.99 1.98 1.00 0.00 0.00 0.00 0.00 0.00
 %idle 97.00 97.98 83.17 97.98 93.00 98.00 100.00 100.00 96.97 90.10 97.03 98.00 100.00 100.00 100.00 100.00 100.00
 %time 1483743509
 %usr 0.06 0.00 0.00 0.00 0.00 0.00 0.00 0.00 0.00 1.00 0.00 0.00 0.00 0.00 0.00 0.00 0.00
 %sys 0.31 0.00 1.00 0.00 0.00 0.00 0.00 0.00 0.00 3.00 1.00 0.00 0.00 0.00 0.00 0.00 0.00
 %idle 98.88 97.98 99.00 100.00 96.00 100.00 100.00 100.00 100.00 92.00 99.00 99.00 100.00 100.00 100.00 100.00 100.00
 %time 1483743510
 %usr 5.50 0.00 0.00 0.00 0.00 0.00 0.00 0.00 0.00 42.00 46.00 0.00 0.00 0.00 0.00 0.00 0.99
 %sys 2.25 1.00 0.00 0.99 0.00 0.00 0.99 0.00 0.00 13.00 16.00 1.01 1.00 0.00 0.00 0.00 1.98
 %idle 89.74 99.00 100.00 99.01 100.00 100.00 99.01 100.00 100.00 21.00 21.00 98.99 99.00 100.00 100.00 100.00 97.03
 %time 1483743511
 %usr 2.37 0.00 0.00 0.00 0.00 0.00 0.00 0.00 0.00 10.00 28.28 0.00 0.00 0.00 0.00 0.00 0.00
 %sys 2.37 1.01 1.98 0.99 0.99 0.00 0.00 0.00 0.00 8.00 19.19 2.00 1.00 1.98 1.00 0.00 0.00
 %idle 86.82 98.99 98.02 99.01 99.01 100.00 100.00 100.00 100.00 0.00 0.00 98.00 99.00 98.02 99.00 100.00 100.00
 %time 1483743512
 %usr 2.88 0.00 0.00 0.00 0.00 0.00 0.00 0.00 0.00 21.00 24.75 0.00 0.00 0.00 0.00 0.00 0.00
 %sys 2.50 1.00 0.00 1.00 0.00 0.00 0.00 0.99 0.00 15.00 15.84 2.00 0.00 2.00 1.00 0.00 0.00
 %idle 86.80 99.00 100.00 99.00 97.00 100.00 100.00 99.01 100.00 0.00 0.00 98.00 100.00 98.00 99.00 100.00 100.00
 %time 1483743514
 %usr 2.75 0.00 0.00 0.00 0.00 0.00 0.00 0.00 0.00 20.00 24.00 0.00 0.00 0.00 0.00 0.00 0.00
 %sys 2.38 1.00 0.00 0.00 0.99 0.00 0.00 0.00 0.00 13.00 16.00 2.02 1.98 1.00 1.00 0.00 0.00
 %idle 86.87 99.00 100.00 100.00 99.01 100.00 100.00 100.00 100.00 0.00 0.00 97.98 98.02 99.00 99.00 100.00 100.00
 %time 1483743515
 %usr 2.31 0.00 0.00 0.00 0.00 0.00 0.00 0.00 0.00 16.00 21.78 0.00 0.00 0.00 0.00 0.00 0.00
 %sys 2.13 0.00 2.00 0.00 1.00 0.99 0.00 0.00 0.00 11.00 13.86 2.00 1.00 1.00 0.99 0.00 0.00
 %idle 86.99 100.00 98.00 100.00 99.00 99.01 100.00 100.00 100.00 0.00 0.00 98.00 99.00 99.00 99.01 100.00 100.00
 %time 1483743516
 %usr 2.07 0.00 0.00 0.00 0.00 0.00 0.00 0.00 0.00 16.00 17.00 0.00 0.00 0.00 0.00 0.00 0.00
 %sys 1.69 0.00 1.01 0.00 0.99 0.00 0.00 0.00 0.00 11.00 11.00 1.01 1.00 0.00 0.00 0.99 0.00
 %idle 87.23 100.00 98.99 100.00 99.01 100.00 100.00 100.00 100.00 0.00 0.00 98.99 99.00 100.00 100.00 99.01 100.00
 %time 1483743517
 %usr 2.38 0.00 0.00 0.00 0.00 0.00 0.00 0.00 0.00 16.16 23.00 0.00 0.00 0.00 0.00 0.00 0.00
 %sys 2.07 1.01 1.00 1.00 0.00 1.00 0.00 0.00 0.00 10.10 15.00 1.00 2.00 1.00 0.00 0.00 0.00
 %idle 87.10 98.99 99.00 99.00 100.00 99.00 100.00 100.00 100.00 0.00 0.00 99.00 98.00 99.00 100.00 100.00 100.00
 %time 1483743518
 %usr 2.50 0.00 0.00 0.00 0.00 0.00 0.00 0.00 0.00 23.76 15.15 0.00 0.00 0.00 0.00 0.00 0.00
 %sys 2.25 1.98 1.00 0.99 0.99 1.00 0.00 0.00 0.00 15.84 11.11 1.01 0.00 1.98 0.00 0.00 0.00
 %idle 86.88 98.02 99.00 99.01 99.01 99.00 100.00 100.00 100.00 0.00 0.00 98.99 100.00 98.02 100.00 100.00 100.00
 %time 1483743519
 %usr 2.13 0.00 0.00 0.00 0.00 0.00 0.00 0.00 0.00 18.18 17.00 0.00 0.00 0.00 0.00 0.00 0.00
 %sys 1.63 1.00 1.00 1.00 0.00 0.00 0.00 0.00 0.00 11.11 10.00 1.00 0.00 1.00 0.00 0.99 1.00
 %idle 87.28 99.00 99.00 99.00 100.00 100.00 100.00 100.00 100.00 0.00 0.00 99.00 100.00 99.00 100.00 99.01 99.00
 %time 1483743520
 %usr 2.07 0.00 0.00 0.00 0.00 0.00 0.00 0.00 0.00 16.16 17.00 0.00 0.00 0.00 0.00 0.00 0.00
 %sys 1.69 1.01 1.00 0.99 0.00 0.00 0.00 0.00 0.00 10.10 11.00 1.00 1.00 1.00 0.00 0.00 1.00
 %idle 87.17 98.99 99.00 99.01 100.00 100.00 100.00 100.00 100.00 0.00 0.00 99.00 99.00 99.00 100.00 100.00 99.00
 %time 1483743521
 %usr 2.50 0.00 0.00 0.00 0.00 0.00 0.00 0.00 0.00 16.16 24.00 0.00 0.00 0.00 0.00 0.00 0.00
 %sys 2.00 1.01 0.00 0.00 0.00 0.00 0.00 0.00 0.00 10.10 14.00 1.01 1.00 2.00 0.00 0.00 1.00
 %idle 87.05 98.99 100.00 100.00 100.00 100.00 100.00 100.00 100.00 0.00 0.00 98.99 99.00 98.00 100.00 100.00 99.00
 %time 1483743523
 %usr 2.81 0.00 0.00 0.00 0.00 0.00 0.00 0.00 0.00 17.00 27.72 0.00 0.00 0.00 0.00 0.00 0.00
 %sys 2.38 1.98 1.01 1.00 1.00 0.99 0.00 0.00 0.00 11.00 18.81 2.00 1.00 0.99 0.00 0.00 1.00
 %idle 86.99 98.02 98.99 99.00 99.00 99.01 100.00 100.00 100.00 0.00 0.00 98.00 99.00 99.01 100.00 100.00 99.00
 %time 1483743524
 %usr 2.81 0.00 0.00 0.00 0.00 0.00 0.00 0.00 0.00 28.00 15.84 0.00 0.00 0.00 0.00 0.00 0.00
 %sys 2.44 1.01 0.00 0.00 1.00 0.99 0.00 0.00 0.00 19.00 10.89 2.00 1.00 1.00 0.99 0.00 1.00
 %idle 86.88 98.99 100.00 100.00 99.00 99.01 100.00 100.00 100.00 0.00 0.00 98.00 99.00 99.00 99.01 100.00 99.00
 %time 1483743525
 %usr 2.88 0.00 0.00 0.00 0.00 0.00 0.00 0.00 0.00 18.18 27.72 0.00 0.00 0.00 0.00 0.00 0.00
 %sys 2.25 1.00 1.00 0.00 0.00 0.99 0.00 0.00 0.00 11.11 17.82 1.01 0.00 1.00 0.00 0.00 0.00
 %idle 87.10 99.00 99.00 100.00 100.00 99.01 100.00 100.00 100.00 0.00 0.00 98.99 100.00 99.00 100.00 100.00 100.00
 %time 1483743526
 %usr 2.50 0.00 0.00 0.00 0.00 0.00 0.00 0.00 0.00 21.00 19.00 0.00 0.00 0.00 0.00 0.00 0.00
 %sys 2.13 1.00 1.00 0.99 0.00 0.99 0.00 0.00 0.00 14.00 12.00 1.01 0.00 0.99 0.00 0.00 0.00
 %idle 86.99 99.00 99.00 99.01 100.00 99.01 100.00 100.00 100.00 0.00 0.00 98.99 100.00 99.01 100.00 100.00 100.00
 %time 1483743527
 %usr 1.88 0.00 0.00 0.00 0.00 0.00 0.00 0.00 0.00 6.06 23.00 0.00 0.00 0.00 0.00 0.00 0.00
 %sys 1.63 1.00 1.00 1.00 0.00 0.00 0.00 0.00 0.00 4.04 16.00 1.00 1.00 0.00 0.00 1.00 0.99
 %idle 87.12 99.00 99.00 99.00 100.00 100.00 100.00 100.00 100.00 0.00 0.00 99.00 99.00 100.00 100.00 99.00 99.01
 %time 1483743528
 %usr 1.31 0.00 0.00 0.00 0.00 0.00 0.00 0.00 0.00 9.90 12.00 0.00 0.00 0.00 0.00 0.00 0.00
 %sys 1.25 1.00 0.00 1.00 0.00 0.00 0.00 0.00 0.00 7.92 8.00 1.00 1.00 1.00 0.00 0.00 0.00
 %idle 86.62 99.00 100.00 99.00 90.91 100.00 100.00 100.00 100.00 0.00 0.00 99.00 99.00 99.00 100.00 100.00 100.00
 %time 1483743529
 %usr 1.62 0.00 0.00 0.00 0.00 0.00 0.00 0.00 0.00 9.90 16.00 0.00 0.00 0.00 0.00 0.00 0.00
 %sys 1.44 1.00 1.00 0.00 0.00 0.00 0.00 0.00 0.00 6.93 11.00 0.00 0.00 0.00 0.00 0.00 0.00
 %idle 87.19 99.00 99.00 100.00 100.00 100.00 100.00 100.00 100.00 0.00 0.00 100.00 100.00 100.00 100.00 100.00 100.00
 %time 1483743531
 %usr 1.31 0.00 0.00 0.00 0.00 0.00 0.00 0.00 0.00 12.12 8.91 0.00 0.00 0.00 0.00 0.00 0.00
 %sys 1.00 0.99 0.00 0.00 0.00 0.00 0.00 0.00 0.00 7.07 6.93 0.00 0.00 0.00 0.00 0.00 0.00
 %idle 87.36 99.01 100.00 100.00 100.00 100.00 100.00 100.00 100.00 0.00 0.00 100.00 100.00 100.00 100.00 100.00 100.00
 %time 1483743532
 %usr 1.19 0.00 0.00 0.00 0.00 0.00 0.00 0.00 0.00 7.00 11.00 0.00 0.00 0.00 0.00 0.00 0.00
 %sys 0.94 0.00 1.00 0.00 0.00 0.00 0.00 0.00 0.00 5.00 7.00 1.00 0.00 0.00 1.00 0.00 0.00
 %idle 87.25 100.00 99.00 100.00 100.00 100.00 100.00 100.00 100.00 0.00 0.00 99.00 100.00 100.00 99.00 100.00 100.00
 %time 1483743533
 %usr 1.62 0.00 0.00 0.00 0.00 0.00 0.00 0.00 0.00 12.87 13.13 0.00 0.00 0.00 0.00 0.00 0.00
 %sys 1.38 0.00 1.00 0.00 0.00 0.00 0.00 0.00 0.00 8.91 8.08 1.00 0.00 0.00 0.99 0.00 1.00
 %idle 87.19 100.00 99.00 100.00 100.00 100.00 100.00 100.00 100.00 0.00 0.00 99.00 100.00 100.00 99.01 100.00 99.00
 %time 1483743534
 %usr 1.25 0.00 0.00 0.00 0.00 0.00 0.00 0.00 0.00 9.90 10.10 0.00 0.00 0.00 0.00 0.00 0.00
 %sys 1.12 1.00 0.00 0.99 0.00 0.00 0.00 0.00 0.00 5.94 7.07 1.00 0.00 0.00 0.99 0.00 0.00
 %idle 87.19 99.00 100.00 99.01 100.00 100.00 100.00 100.00 100.00 0.00 0.00 99.00 100.00 100.00 99.01 100.00 100.00
 %time 1483743535
 %usr 2.25 0.00 0.00 0.00 0.00 0.00 0.00 0.00 0.00 17.00 18.37 0.00 0.00 0.00 0.00 0.00 0.00
 %sys 1.81 1.00 1.00 0.00 0.00 0.00 0.00 0.00 0.00 12.00 11.22 1.01 1.00 1.00 1.00 0.00 0.99
 %idle 87.17 99.00 99.00 100.00 100.00 100.00 100.00 100.00 100.00 0.00 0.00 98.99 99.00 99.00 99.00 100.00 99.01
 %time 1483743536
 %usr 1.44 0.00 0.00 0.00 0.00 0.00 0.00 0.00 0.00 9.00 14.00 0.00 0.00 0.00 0.00 0.00 0.00
 %sys 1.31 1.00 0.99 0.00 0.00 0.00 0.00 0.00 0.00 6.00 9.00 1.00 0.00 1.00 0.99 0.00 0.00
 %idle 87.13 99.00 99.01 100.00 100.00 100.00 100.00 100.00 100.00 0.00 0.00 99.00 100.00 99.00 99.01 100.00 100.00
 %time 1483743537
 %usr 1.81 0.00 0.00 0.00 0.00 0.00 0.00 0.00 0.00 13.00 16.00 0.00 0.00 0.00 0.00 0.00 0.00
 %sys 1.44 1.00 0.00 1.00 0.00 0.00 0.00 0.99 0.00 8.00 11.00 0.00 1.00 0.00 0.00 0.00 0.00
 %idle 87.23 99.00 100.00 99.00 100.00 100.00 100.00 99.01 100.00 0.00 0.00 100.00 99.00 100.00 100.00 100.00 100.00
 %time 1483743538
 %usr 1.31 0.00 0.00 0.00 0.00 0.00 0.00 0.00 0.00 9.00 12.87 0.00 0.00 0.00 0.00 0.00 0.00
 %sys 1.13 0.00 0.00 0.00 0.00 0.00 0.00 0.00 0.00 5.00 8.91 1.00 1.00 1.00 0.00 0.00 0.00
 %idle 87.24 100.00 100.00 100.00 100.00 100.00 100.00 100.00 100.00 0.00 0.00 99.00 99.00 99.00 100.00 100.00 100.00
 %time 1483743540
 %usr 1.31 0.00 0.00 0.00 0.00 0.00 0.00 0.00 0.00 9.90 12.00 0.00 0.00 0.00 0.00 0.00 0.00
 %sys 1.06 0.00 0.00 1.00 0.99 0.00 0.00 0.00 0.00 5.94 8.00 0.00 0.00 0.00 0.00 0.00 0.00
 %idle 87.30 100.00 100.00 99.00 99.01 100.00 100.00 100.00 100.00 0.00 0.00 100.00 100.00 100.00 100.00 100.00 100.00
 %time 1483743541
 %usr 0.88 0.00 0.00 0.00 0.00 0.00 0.00 0.00 0.00 5.05 9.00 0.00 0.00 0.00 0.00 0.00 0.00
 %sys 0.75 0.00 0.00 0.00 0.00 0.00 0.00 0.00 0.00 3.03 5.00 0.99 0.99 0.00 0.00 0.00 0.00
 %idle 87.31 100.00 100.00 100.00 100.00 100.00 100.00 100.00 100.00 0.00 0.00 99.01 99.01 100.00 100.00 100.00 100.00
 %time 1483743542
 %usr 1.19 0.00 0.00 0.00 0.00 0.00 0.00 0.00 0.00 7.92 11.88 0.00 0.00 0.00 0.00 0.00 0.00
 %sys 1.12 0.00 0.00 0.00 0.99 0.00 0.00 0.00 0.00 5.94 7.92 1.00 1.00 0.00 0.00 0.00 0.00
 %idle 87.26 100.00 100.00 100.00 99.01 100.00 100.00 100.00 100.00 0.00 0.00 99.00 99.00 100.00 100.00 100.00 100.00
 %time 1483743543
 %usr 1.25 0.00 0.00 0.00 0.00 0.00 0.00 0.00 0.00 12.12 7.92 0.00 0.00 0.00 0.00 0.00 0.00
 %sys 1.06 0.00 0.00 1.00 0.99 0.00 0.00 0.00 0.00 7.07 5.94 0.99 0.00 0.99 0.99 0.00 0.00
 %idle 87.25 100.00 100.00 99.00 99.01 100.00 100.00 100.00 100.00 0.00 0.00 99.01 100.00 99.01 99.01 100.00 100.00
 %time 1483743544
 %usr 1.00 0.00 0.00 0.00 0.00 0.00 0.00 0.00 0.00 7.00 7.92 0.00 0.00 0.00 0.00 0.00 0.00
 %sys 0.94 1.00 0.00 0.00 0.00 0.00 0.00 0.00 0.00 5.00 5.94 0.99 1.00 0.99 0.00 0.00 0.00
 %idle 87.20 99.00 100.00 100.00 100.00 100.00 100.00 100.00 100.00 0.00 0.00 99.01 99.00 99.01 100.00 100.00 100.00
 %time 1483743545
 %usr 1.81 0.00 0.00 0.00 0.00 0.00 0.00 0.00 0.00 15.84 12.87 0.00 0.00 0.00 0.00 0.00 0.00
 %sys 1.44 1.00 1.00 0.99 0.00 0.00 0.00 0.00 0.00 9.90 8.91 1.00 1.00 0.00 0.00 0.00 1.00
 %idle 87.17 99.00 99.00 99.01 100.00 100.00 100.00 100.00 100.00 0.00 0.00 99.00 99.00 100.00 100.00 100.00 99.00
 %time 1483743546
 %usr 2.12 0.00 0.00 0.00 0.00 0.00 0.00 0.00 0.00 17.82 15.84 0.00 0.00 0.00 0.00 0.00 0.00
 %sys 1.88 1.01 1.00 1.01 0.00 0.00 0.00 0.00 0.00 11.88 10.89 1.00 1.00 0.00 1.00 0.00 0.00
 %idle 87.00 98.99 99.00 98.99 100.00 100.00 100.00 100.00 100.00 0.00 0.00 99.00 99.00 100.00 99.00 100.00 100.00
 %time 1483743548
 %usr 1.75 0.00 0.00 0.00 0.00 0.00 0.00 0.00 0.00 13.00 14.14 0.00 0.00 0.00 0.00 0.00 0.00
 %sys 1.50 1.00 1.01 0.99 0.00 0.00 0.00 0.00 0.00 9.00 10.10 1.98 1.00 0.00 0.00 0.00 0.00
 %idle 87.17 99.00 98.99 99.01 100.00 100.00 100.00 100.00 100.00 0.00 0.00 98.02 99.00 100.00 100.00 100.00 100.00
 %time 1483743549
 %usr 1.50 0.00 0.00 0.00 0.00 0.00 0.00 0.00 0.00 11.00 14.00 0.00 0.00 0.00 0.00 0.00 0.00
 %sys 1.44 2.00 1.00 0.00 1.00 0.00 0.00 0.00 0.00 7.00 10.00 1.00 0.00 0.99 0.00 0.00 0.00
 %idle 87.12 98.00 99.00 100.00 99.00 100.00 100.00 100.00 100.00 0.00 0.00 99.00 100.00 99.01 100.00 100.00 100.00
 %time 1483743550
 %usr 1.25 0.00 0.00 0.00 0.00 0.00 0.00 0.00 0.00 6.00 14.00 0.00 0.00 0.00 0.00 0.00 0.00
 %sys 1.12 1.00 0.00 0.00 0.00 0.00 0.00 0.99 0.00 4.00 9.00 1.00 0.00 1.00 0.00 0.00 0.00
 %idle 87.19 99.00 100.00 100.00 100.00 100.00 100.00 99.01 100.00 0.00 0.00 99.00 100.00 99.00 100.00 100.00 100.00
 %time 1483743551
 %usr 1.69 0.00 0.00 0.00 0.00 0.00 0.00 0.00 0.00 12.00 14.14 0.00 0.00 0.00 0.00 0.00 0.00
 %sys 1.56 0.99 1.00 0.99 0.00 1.00 0.00 0.00 0.00 8.00 9.09 1.01 1.98 1.00 0.99 0.00 0.00
 %idle 87.05 99.01 99.00 99.01 100.00 99.00 100.00 100.00 100.00 0.00 0.00 98.99 98.02 99.00 99.01 100.00 100.00
 %time 1483743552
 %usr 1.63 0.00 0.00 0.00 0.00 0.00 0.00 0.00 0.00 13.13 13.27 0.00 0.00 0.00 0.00 0.00 0.00
 %sys 1.38 1.00 0.00 0.00 0.99 0.00 0.99 0.00 0.00 8.08 8.16 1.00 1.00 1.00 0.00 0.00 0.00
 %idle 87.29 99.00 100.00 100.00 99.01 100.00 99.01 100.00 100.00 0.00 0.00 99.00 99.00 99.00 100.00 100.00 100.00
 %time 1483743553
 %usr 1.75 0.00 0.00 0.00 0.00 0.00 0.00 0.00 0.00 12.12 15.31 0.00 0.00 0.00 0.00 0.00 0.00
 %sys 1.62 1.00 1.00 0.99 0.99 0.99 0.00 0.00 0.00 9.09 9.18 1.98 1.00 0.00 0.99 0.00 0.00
 %idle 87.07 99.00 99.00 99.01 99.01 99.01 100.00 100.00 100.00 0.00 0.00 98.02 99.00 100.00 99.01 100.00 100.00
 %time 1483743554
 %usr 0.81 0.00 0.00 0.00 0.00 0.00 0.00 0.00 0.00 4.90 9.90 0.00 0.00 0.00 0.00 0.00 0.00
 %sys 0.75 0.00 0.00 0.99 0.00 0.00 0.00 0.00 0.00 3.92 5.94 0.00 0.99 0.00 0.00 0.00 0.00
 %idle 87.31 100.00 100.00 99.01 100.00 100.00 100.00 100.00 100.00 0.00 0.00 100.00 99.01 100.00 100.00 100.00 100.00
 %time 1483743555
 %usr 1.75 0.00 0.00 0.00 0.00 0.00 0.00 0.00 0.00 12.12 16.00 0.00 0.00 0.00 0.00 0.00 0.00
 %sys 1.62 1.00 0.99 1.00 0.00 1.00 1.96 0.00 0.00 7.07 11.00 1.98 0.00 0.00 0.00 0.00 0.00
 %idle 87.07 99.00 99.01 99.00 100.00 99.00 98.04 100.00 100.00 0.00 0.00 98.02 100.00 100.00 100.00 100.00 100.00
 %time 1483743557
 %usr 2.81 0.00 0.00 0.00 0.00 0.00 0.00 0.00 0.00 22.22 23.23 0.00 0.00 0.00 0.00 0.00 0.00
 %sys 2.38 1.01 2.00 0.99 0.00 0.00 0.00 0.00 0.00 14.14 15.15 1.01 1.00 0.00 0.00 0.00 0.00
 %idle 86.99 98.99 98.00 99.01 100.00 100.00 100.00 100.00 100.00 0.00 0.00 98.99 99.00 100.00 100.00 100.00 100.00
 %time 1483743558
 %usr 2.32 0.00 0.00 0.00 0.00 0.00 0.00 0.00 0.00 20.20 17.00 0.00 0.00 0.00 0.00 0.00 0.00
 %sys 2.00 1.01 1.01 1.00 0.00 0.00 0.00 0.00 0.00 13.13 12.00 2.00 1.00 1.00 0.00 1.00 0.00
 %idle 87.11 98.99 98.99 99.00 100.00 100.00 100.00 100.00 100.00 0.00 0.00 98.00 99.00 99.00 100.00 99.00 100.00
 %time 1483743559
 %usr 1.75 0.00 0.00 0.00 0.00 0.00 0.00 0.00 0.00 12.00 16.67 0.00 0.00 0.00 0.00 0.00 0.00
 %sys 1.62 1.00 1.00 1.00 0.00 0.00 0.99 0.00 0.00 8.00 11.76 1.00 1.00 0.00 0.00 0.00 0.00
 %idle 87.12 99.00 99.00 99.00 100.00 100.00 99.01 100.00 100.00 0.00 0.00 99.00 99.00 100.00 100.00 100.00 100.00
 %time 1483743560
 %usr 3.32 0.00 0.00 0.00 0.00 0.00 0.00 0.00 0.00 24.00 28.00 0.00 0.00 0.00 0.00 0.00 0.00
 %sys 2.69 1.01 1.00 1.00 0.00 1.00 0.00 0.00 0.00 17.00 18.00 1.01 1.00 1.98 0.00 0.00 0.00
 %idle 86.86 98.99 99.00 99.00 100.00 99.00 100.00 100.00 100.00 0.00 0.00 98.99 99.00 98.02 100.00 100.00 100.00
 %time 1483743561
 %usr 1.88 0.00 0.00 0.00 0.00 0.00 0.00 0.00 0.00 10.20 19.00 0.00 0.00 0.00 0.00 0.00 0.00
 %sys 1.69 1.00 0.00 0.00 1.00 0.00 0.00 0.00 0.00 7.14 13.00 0.00 1.00 1.00 0.99 0.99 0.00
 %idle 87.12 99.00 100.00 100.00 99.00 100.00 100.00 100.00 100.00 0.00 0.00 100.00 99.00 99.00 99.01 99.01 100.00
 %time 1483743562
 %usr 2.13 0.00 0.00 0.00 0.00 0.00 0.00 0.00 0.00 16.16 18.18 0.00 0.00 0.00 0.00 0.00 0.00
 %sys 1.81 1.00 1.01 1.00 1.00 0.00 0.00 0.00 0.00 10.10 12.12 1.00 0.00 0.00 1.00 0.00 0.00
 %idle 87.11 99.00 98.99 99.00 99.00 100.00 100.00 100.00 100.00 0.00 0.00 99.00 100.00 100.00 99.00 100.00 100.00
 %time 1483743563
 %usr 1.31 0.00 0.00 0.00 0.00 0.00 0.00 0.00 0.00 6.06 15.00 0.00 0.00 0.00 0.00 0.00 0.00
 %sys 1.19 1.00 0.99 0.99 0.00 1.00 0.99 0.00 0.00 5.05 9.00 0.99 0.00 1.00 0.00 0.00 0.00
 %idle 87.18 99.00 99.01 99.01 100.00 99.00 99.01 100.00 100.00 0.00 0.00 99.01 100.00 99.00 100.00 100.00 100.00
 %time 1483743565
 %usr 2.13 0.00 0.00 0.00 0.00 0.00 0.00 0.00 0.00 12.00 22.00 0.00 0.00 0.00 0.00 0.00 0.00
 %sys 3.56 1.98 1.00 1.00 1.00 0.00 0.00 0.00 0.99 17.00 32.00 1.00 1.00 1.00 1.00 0.00 0.00
 %idle 86.99 98.02 99.00 99.00 99.00 100.00 100.00 100.00 99.01 0.00 0.00 99.00 99.00 99.00 99.00 100.00 100.00
 %time 1483743566
 %usr 2.44 0.00 0.00 0.00 0.00 0.00 0.00 0.00 0.00 19.19 19.80 0.00 0.00 0.00 0.00 0.00 0.00
 %sys 4.07 1.01 1.01 0.00 1.00 0.00 0.00 0.00 0.00 28.28 29.70 0.00 0.00 0.00 0.00 1.00 0.00
 %idle 87.05 98.99 98.99 100.00 99.00 100.00 100.00 100.00 100.00 0.00 0.00 100.00 100.00 100.00 100.00 99.00 100.00
 %time 1483743567
 %usr 2.75 0.00 0.00 0.00 0.00 0.00 0.00 0.00 0.00 21.00 23.23 0.00 0.00 0.00 0.00 0.00 0.00
 %sys 4.76 2.00 1.01 1.00 1.00 0.00 0.00 0.00 0.00 32.00 35.35 1.01 1.00 1.98 0.00 0.00 0.00
 %idle 86.98 98.00 98.99 99.00 99.00 100.00 100.00 100.00 100.00 0.00 0.00 98.99 99.00 98.02 100.00 100.00 100.00
 %time 1483743568
 %usr 2.38 0.00 0.00 0.00 0.00 0.00 0.00 0.00 0.00 19.00 20.20 0.00 0.00 0.00 0.00 0.00 0.00
 %sys 4.19 2.00 2.97 1.00 0.00 0.00 0.00 0.00 0.00 28.00 30.30 0.00 0.00 1.00 0.99 0.00 0.00
 %idle 86.99 98.00 97.03 99.00 100.00 100.00 100.00 100.00 100.00 0.00 0.00 100.00 100.00 99.00 99.01 100.00 100.00
 %time 1483743569
 %usr 2.07 0.00 0.00 0.00 0.00 0.00 0.00 0.00 0.00 10.00 22.22 0.00 0.00 0.00 0.00 0.00 0.00
 %sys 3.13 2.00 1.00 1.00 0.00 0.00 0.00 0.00 0.00 13.00 32.32 1.00 1.00 1.00 0.00 0.00 0.00
 %idle 87.17 98.00 99.00 99.00 100.00 100.00 100.00 100.00 100.00 0.00 0.00 99.00 99.00 99.00 100.00 100.00 100.00
 %time 1483743570
 %usr 2.69 0.00 0.00 0.00 0.00 0.00 0.00 0.00 0.00 21.00 22.77 0.00 0.00 0.00 0.00 0.00 0.00
 %sys 4.57 1.01 1.01 0.00 1.00 0.99 0.00 0.00 0.00 31.00 32.67 1.01 1.98 1.98 0.00 0.00 0.00
 %idle 87.04 98.99 98.99 100.00 99.00 99.01 100.00 100.00 100.00 0.00 0.00 98.99 98.02 98.02 100.00 100.00 100.00
 %time 1483743572
 %usr 2.56 0.00 0.00 0.00 0.00 0.00 0.00 0.00 0.00 22.00 19.00 0.00 0.00 0.00 0.00 0.00 0.00
 %sys 4.63 1.02 1.00 1.00 0.00 0.00 0.00 0.99 0.00 35.00 30.00 1.00 1.00 2.00 0.00 0.00 0.00
 %idle 86.93 98.98 99.00 99.00 100.00 100.00 100.00 99.01 100.00 0.00 0.00 99.00 99.00 98.00 100.00 100.00 100.00
 %time 1483743573
 %usr 3.13 0.00 0.00 0.00 0.00 0.00 0.00 0.00 0.00 23.00 27.27 0.00 0.00 0.00 0.00 0.00 0.00
 %sys 5.20 1.01 2.00 1.00 0.00 0.00 0.00 0.00 0.00 35.00 39.39 1.00 1.00 2.00 0.00 0.00 0.00
 %idle 86.98 98.99 98.00 99.00 100.00 100.00 100.00 100.00 100.00 0.00 0.00 99.00 99.00 98.00 100.00 100.00 100.00
 %time 1483743574
 %usr 2.88 0.00 0.00 0.00 0.00 0.00 0.00 0.00 0.00 26.26 20.79 0.00 0.00 0.00 0.00 0.00 0.00
 %sys 4.69 3.00 1.98 1.98 1.00 0.00 0.00 0.00 0.00 35.35 30.69 0.00 0.00 0.00 1.00 0.00 0.00
 %idle 86.98 97.00 98.02 98.02 99.00 100.00 100.00 100.00 100.00 0.00 0.00 100.00 100.00 100.00 99.00 100.00 100.00
 %time 1483743575
 %usr 2.38 0.00 0.00 0.00 0.00 0.00 0.00 0.00 0.00 19.00 19.00 0.00 1.00 0.00 0.00 0.00 0.00
 %sys 3.88 2.00 1.01 2.00 1.00 0.00 0.99 0.00 0.99 26.00 26.00 1.98 0.00 1.00 0.00 0.00 0.00
 %idle 86.87 98.00 98.99 98.00 99.00 100.00 99.01 100.00 99.01 0.00 0.00 98.02 99.00 99.00 100.00 100.00 100.00
 %time 1483743576
 %usr 3.13 0.00 0.00 0.00 0.00 0.00 0.00 0.00 0.00 28.28 22.00 0.00 0.00 0.00 0.00 0.00 0.00
 %sys 5.13 2.00 1.01 1.01 0.00 0.00 2.00 0.00 0.00 43.43 31.00 1.01 0.00 1.00 0.00 1.00 0.00
 %idle 86.98 98.00 98.99 98.99 100.00 100.00 98.00 100.00 100.00 0.00 0.00 98.99 100.00 99.00 100.00 99.00 100.00
 %time 1483743577
 %usr 2.69 0.00 0.00 0.00 0.00 0.00 0.00 0.00 0.00 21.21 21.00 0.00 0.00 0.00 0.00 0.00 0.00
 %sys 4.63 2.00 1.98 2.00 1.00 0.00 0.99 0.00 0.00 33.33 33.00 1.00 1.00 1.00 0.00 0.00 0.00
 %idle 86.98 98.00 98.02 98.00 99.00 100.00 99.01 100.00 100.00 0.00 0.00 99.00 99.00 99.00 100.00 100.00 100.00
 %time 1483743578
 %usr 2.82 0.00 0.00 0.00 0.00 0.00 0.00 0.00 0.00 21.00 23.23 0.00 0.00 0.00 0.00 0.00 0.00
 %sys 4.51 2.00 1.01 1.00 2.00 0.00 0.00 0.00 0.00 31.00 33.33 1.01 0.99 0.99 0.00 0.00 0.00
 %idle 86.98 98.00 98.99 99.00 98.00 100.00 100.00 100.00 100.00 0.00 0.00 98.99 99.01 99.01 100.00 100.00 100.00
 %time 1483743580
 %usr 2.19 0.00 0.00 0.00 0.00 0.00 0.00 0.00 0.00 14.00 21.78 0.00 0.00 0.00 0.00 0.00 0.00
 %sys 3.82 1.00 1.01 1.00 0.00 2.00 0.00 0.00 0.00 23.00 30.69 0.00 1.00 1.00 0.00 0.00 0.00
 %idle 87.11 99.00 98.99 99.00 100.00 98.00 100.00 100.00 100.00 0.00 0.00 100.00 99.00 99.00 100.00 100.00 100.00
 %time 1483743581
 %usr 2.94 0.00 0.00 0.00 0.00 0.00 0.00 0.00 0.00 23.00 24.24 0.00 0.00 0.00 0.00 0.00 0.00
 %sys 5.19 2.00 1.00 0.00 1.00 1.00 1.00 0.00 0.00 36.00 37.37 1.01 1.98 1.98 0.00 0.99 0.00
 %idle 86.87 98.00 99.00 100.00 99.00 99.00 99.00 100.00 100.00 0.00 0.00 98.99 98.02 98.02 100.00 99.01 100.00
 %time 1483743582
 %usr 2.50 0.00 0.00 0.00 0.00 0.00 0.00 0.00 0.00 23.00 15.84 0.00 0.00 0.00 0.00 0.00 0.00
 %sys 4.19 0.00 1.00 2.00 1.00 1.00 0.00 0.00 0.00 35.00 24.75 1.00 0.99 1.98 0.00 0.00 0.00
 %idle 86.99 100.00 99.00 98.00 99.00 99.00 100.00 100.00 100.00 0.00 0.00 99.00 99.01 98.02 100.00 100.00 100.00
 %time 1483743583
 %usr 2.94 0.00 0.00 0.00 0.00 0.00 0.00 0.00 0.00 19.00 28.00 0.00 0.00 0.00 0.00 0.00 0.00
 %sys 5.25 1.01 2.97 0.00 0.99 0.99 0.99 0.00 0.00 32.00 42.00 2.00 0.00 1.00 0.00 0.00 0.00
 %idle 86.88 98.99 97.03 100.00 99.01 99.01 99.01 100.00 100.00 0.00 0.00 98.00 100.00 99.00 100.00 100.00 100.00
 %time 1483743584
 %usr 2.81 0.00 0.00 0.00 0.00 0.00 0.00 0.00 0.00 23.23 22.00 0.00 0.00 0.00 0.00 0.00 0.00
 %sys 4.87 1.98 1.01 1.00 0.00 0.00 0.00 0.00 0.00 34.34 34.00 1.01 2.00 0.00 0.99 0.00 0.00
 %idle 86.88 98.02 98.99 99.00 100.00 100.00 100.00 100.00 100.00 0.00 0.00 98.99 98.00 100.00 99.01 100.00 100.00
 %time 1483743585
 %usr 2.38 0.00 0.00 0.00 0.00 0.00 0.00 0.00 0.00 14.00 25.25 0.00 0.00 0.00 0.00 0.00 0.00
 %sys 4.01 0.99 1.00 2.00 0.00 1.00 0.99 0.00 0.00 20.00 36.36 1.00 1.01 1.00 0.00 0.00 0.00
 %idle 87.05 99.01 99.00 98.00 100.00 99.00 99.01 100.00 100.00 0.00 0.00 99.00 98.99 99.00 100.00 100.00 100.00
 %time 1483743586
 %usr 2.75 0.00 0.00 0.00 0.00 0.00 0.00 0.00 0.00 20.20 24.75 0.00 0.00 0.00 0.00 0.00 0.00
 %sys 4.63 1.98 0.00 1.00 1.00 1.00 0.00 0.00 0.00 29.29 36.63 1.01 1.00 1.00 0.99 1.00 0.00
 %idle 86.99 98.02 100.00 99.00 99.00 99.00 100.00 100.00 100.00 0.00 0.00 98.99 99.00 99.00 99.01 99.00 100.00
 %time 1483743588
 %usr 2.56 0.00 0.00 0.00 0.00 0.00 0.00 0.00 0.00 16.00 25.00 0.00 0.00 0.00 0.00 0.00 0.00
 %sys 4.38 1.01 0.00 2.00 0.00 0.00 0.00 0.00 0.00 25.00 37.00 1.01 1.00 1.00 1.00 0.00 0.00
 %idle 86.94 98.99 100.00 98.00 100.00 100.00 100.00 100.00 100.00 0.00 0.00 98.99 99.00 99.00 99.00 100.00 100.00
 %time 1483743589
 %usr 2.19 0.99 0.00 0.00 0.00 0.00 0.00 0.00 0.00 21.21 13.13 0.00 0.00 0.00 0.00 0.00 0.00
 %sys 3.38 0.99 1.00 1.00 0.00 0.00 0.00 0.00 0.00 30.30 18.18 1.00 0.00 1.00 0.99 0.00 0.00
 %idle 86.86 98.02 99.00 99.00 100.00 100.00 100.00 100.00 100.00 0.00 0.00 94.00 100.00 99.00 99.01 100.00 100.00
 %time 1483743590
 %usr 2.81 0.00 0.00 0.00 0.00 0.00 0.00 0.00 0.00 21.00 23.00 0.00 0.00 0.00 0.00 0.00 0.00
 %sys 4.69 1.01 1.00 0.99 0.00 0.00 0.00 0.00 0.00 33.00 35.00 1.01 1.00 1.01 1.00 1.00 0.00
 %idle 86.93 98.99 99.00 99.01 100.00 100.00 100.00 100.00 100.00 0.00 0.00 98.99 99.00 98.99 99.00 99.00 100.00
 %time 1483743591
 %usr 1.63 0.00 0.00 0.00 0.00 0.00 0.00 0.00 0.00 11.00 15.00 0.00 0.00 0.00 0.00 0.00 0.00
 %sys 2.88 0.00 0.00 0.00 1.00 0.00 0.00 0.00 0.00 18.00 22.00 1.00 0.99 1.00 1.00 0.00 0.00
 %idle 87.18 100.00 100.00 100.00 99.00 100.00 100.00 100.00 100.00 0.00 0.00 99.00 99.01 99.00 99.00 100.00 100.00
 %time 1483743592
 %usr 1.87 0.00 0.00 0.00 0.00 0.00 0.00 0.00 0.00 17.82 12.87 0.00 0.00 0.00 0.00 0.00 0.00
 %sys 3.12 0.00 1.00 0.00 0.00 0.00 0.00 0.00 0.00 24.75 17.82 1.00 1.98 0.99 0.00 0.99 0.00
 %idle 87.07 100.00 99.00 100.00 100.00 100.00 100.00 100.00 100.00 0.00 0.00 99.00 98.02 99.01 100.00 99.01 100.00
 %time 1483743593
 %usr 2.12 0.00 0.00 0.00 0.00 0.00 0.00 0.00 0.00 14.00 21.00 0.00 0.00 0.00 0.00 0.00 0.00
 %sys 3.62 1.00 0.99 0.99 0.00 0.00 0.00 0.00 0.00 20.00 31.00 1.98 1.00 1.00 1.00 1.00 0.00
 %idle 87.06 99.00 99.01 99.01 100.00 100.00 100.00 100.00 100.00 0.00 0.00 98.02 99.00 99.00 99.00 99.00 100.00
 %time 1483743595
 %usr 2.37 0.00 0.00 0.00 0.00 0.00 0.00 0.00 0.00 18.81 17.82 0.00 0.00 0.00 0.00 0.00 0.00
 %sys 3.81 0.00 0.00 0.00 0.00 1.00 0.00 0.00 0.00 27.72 25.74 1.00 1.00 2.00 0.00 1.00 0.99
 %idle 86.95 100.00 100.00 100.00 100.00 99.00 100.00 100.00 100.00 0.00 0.00 99.00 99.00 98.00 100.00 99.00 99.01
 %time 1483743596
 %usr 1.88 0.00 0.00 0.00 0.00 0.00 0.00 0.00 0.00 9.00 20.79 0.00 0.00 0.00 0.00 0.00 0.00
 %sys 3.19 1.00 0.99 0.00 0.00 0.99 0.00 0.00 0.00 16.00 29.70 1.00 1.00 1.00 0.00 0.00 0.00
 %idle 87.19 99.00 99.01 100.00 100.00 99.01 100.00 100.00 100.00 0.00 0.00 99.00 99.00 99.00 100.00 100.00 100.00
 %time 1483743597
 %usr 1.94 0.00 0.00 0.00 0.00 0.00 0.00 0.00 0.00 14.85 17.00 0.00 0.00 0.00 0.00 0.00 0.00
 %sys 2.88 1.00 1.00 0.00 0.00 0.00 0.00 0.00 0.00 16.83 23.00 1.00 0.00 1.00 0.00 0.00 0.00
 %idle 87.12 99.00 99.00 100.00 100.00 100.00 100.00 100.00 100.00 0.00 0.00 99.00 100.00 99.00 100.00 100.00 100.00
 %time 1483743598
 %usr 2.19 0.00 0.00 0.00 0.00 0.00 0.00 0.00 0.00 16.16 18.81 0.00 0.00 0.00 0.00 0.00 0.00
 %sys 3.76 1.00 1.01 0.00 0.00 0.00 0.00 0.00 0.00 26.26 27.72 0.00 1.00 1.00 0.00 1.00 0.00
 %idle 87.10 99.00 98.99 100.00 100.00 100.00 100.00 100.00 100.00 0.00 0.00 100.00 99.00 99.00 100.00 99.00 100.00
 %time 1483743599
 %usr 1.63 0.00 0.00 0.00 0.00 0.00 0.00 0.00 0.00 11.00 14.85 0.00 0.00 0.00 0.00 0.00 0.00
 %sys 2.69 1.00 0.00 0.00 0.99 0.00 0.00 0.00 0.00 17.00 20.79 1.00 0.00 1.00 0.00 1.00 0.00
 %idle 87.18 99.00 100.00 100.00 99.01 100.00 100.00 100.00 100.00 0.00 0.00 99.00 100.00 99.00 100.00 99.00 100.00
 %time 1483743600
 %usr 1.88 0.00 0.00 0.00 0.00 0.00 0.00 0.00 0.00 11.00 18.37 0.00 0.00 0.00 0.00 0.00 0.00
 %sys 3.19 2.00 1.00 0.00 0.00 1.00 0.99 0.00 0.00 16.00 25.51 0.00 1.00 0.99 1.00 0.99 0.00
 %idle 86.93 98.00 99.00 100.00 100.00 99.00 99.01 100.00 100.00 0.00 0.00 100.00 99.00 99.01 99.00 99.01 100.00
 %time 1483743601
 %usr 2.32 1.00 1.00 0.00 0.00 0.00 0.00 0.00 0.00 14.00 14.14 0.00 6.00 0.00 0.00 0.00 0.00
 %sys 3.50 1.00 1.00 0.99 1.00 0.99 0.00 0.00 0.00 21.00 20.20 1.00 8.00 2.00 0.00 0.00 0.00
 %idle 83.54 98.00 91.00 94.06 85.00 96.04 100.00 100.00 100.00 0.00 0.00 99.00 81.00 92.00 100.00 98.00 100.00
 %time 1483743603
 %usr 1.44 0.00 0.00 0.00 0.00 0.00 0.00 0.00 0.00 6.93 16.00 0.00 0.00 0.00 0.00 0.00 0.00
 %sys 2.31 1.00 1.00 1.00 0.00 0.00 0.00 0.99 0.00 9.90 23.00 0.00 0.00 0.00 0.99 0.00 0.00
 %idle 87.18 99.00 99.00 99.00 100.00 100.00 100.00 99.01 100.00 0.00 0.00 100.00 100.00 100.00 99.01 100.00 100.00
 %time 1483743604
 %usr 1.69 0.00 0.00 0.00 0.00 0.00 0.00 0.00 0.00 11.11 14.85 0.00 0.00 0.00 0.00 0.00 0.00
 %sys 2.75 1.00 1.00 0.00 0.00 0.00 0.00 0.00 0.00 18.18 21.78 0.00 0.00 2.00 0.00 0.00 0.00
 %idle 87.19 99.00 99.00 100.00 100.00 100.00 100.00 100.00 100.00 0.00 0.00 100.00 100.00 98.00 100.00 100.00 100.00
 %time 1483743605
 %usr 2.07 0.00 0.00 0.00 0.00 0.00 0.00 0.00 0.00 12.87 20.00 0.00 0.00 0.00 0.00 0.00 0.00
 %sys 3.44 0.00 1.98 0.99 0.00 0.00 0.00 0.00 0.00 18.81 31.00 1.01 1.00 0.00 0.99 0.00 0.00
 %idle 87.11 100.00 98.02 99.01 100.00 100.00 100.00 100.00 100.00 0.00 0.00 98.99 99.00 100.00 99.01 100.00 100.00
 %time 1483743606
 %usr 1.12 0.00 0.00 0.00 0.00 0.00 0.00 0.00 0.00 0.00 18.00 0.00 0.00 0.00 0.00 0.00 0.00
 %sys 1.94 0.00 1.00 1.00 0.99 0.00 0.00 0.00 0.00 0.00 26.00 0.00 0.99 0.99 0.00 0.00 0.00
 %idle 87.25 100.00 99.00 99.00 99.01 100.00 100.00 100.00 100.00 0.00 0.00 100.00 99.01 99.01 100.00 100.00 100.00
 %time 1483743607
 %usr 2.81 0.00 0.00 0.00 0.00 0.00 0.00 0.00 0.00 12.87 31.00 0.00 0.00 0.00 0.00 0.00 0.00
 %sys 4.50 1.00 1.00 1.00 0.99 1.00 0.00 0.00 0.00 21.78 42.00 1.01 2.00 1.00 1.00 0.00 0.00
 %idle 86.69 99.00 99.00 99.00 94.06 99.00 100.00 100.00 100.00 0.00 0.00 98.99 98.00 99.00 99.00 100.00 100.00
 %time 1483743608
 %usr 1.69 0.00 0.00 0.00 0.00 0.00 0.00 0.00 0.00 11.11 16.00 0.00 0.00 0.00 0.00 0.00 0.00
 %sys 2.94 0.99 1.00 0.00 0.99 0.00 0.00 0.00 0.00 18.18 23.00 1.00 1.00 0.99 0.00 0.00 1.00
 %idle 87.17 99.01 99.00 100.00 99.01 100.00 100.00 100.00 100.00 0.00 0.00 99.00 99.00 99.01 100.00 100.00 99.00
 %time 1483743609
 %usr 2.12 0.00 0.00 0.00 0.00 0.00 0.00 0.00 0.00 13.13 20.00 0.00 0.00 0.00 0.00 0.00 0.00
 %sys 3.62 1.01 0.99 1.00 0.00 0.00 0.00 0.00 0.00 19.19 30.00 1.00 0.00 1.00 0.00 1.00 0.99
 %idle 87.00 98.99 99.01 99.00 100.00 100.00 100.00 100.00 100.00 0.00 0.00 99.00 100.00 99.00 100.00 99.00 99.01
 %time 1483743611
 %usr 3.38 0.00 0.00 0.00 0.00 0.00 0.00 0.00 0.00 22.77 31.00 0.00 0.00 0.00 0.00 0.00 0.00
 %sys 5.76 2.00 1.00 2.00 1.00 0.00 1.00 0.00 0.00 32.67 48.00 1.00 1.00 1.00 0.00 1.00 1.00
 %idle 86.73 98.00 99.00 98.00 99.00 100.00 99.00 100.00 100.00 0.00 0.00 99.00 99.00 99.00 100.00 99.00 99.00
 %time 1483743612
 %usr 3.37 0.00 0.00 0.00 0.00 0.00 0.00 0.00 0.00 23.00 30.69 0.00 0.00 0.00 0.00 0.00 0.00
 %sys 5.68 3.00 1.00 1.98 1.00 0.00 0.00 0.00 0.00 32.00 45.54 1.00 0.00 1.98 0.00 0.99 1.98
 %idle 86.63 97.00 99.00 98.02 99.00 100.00 100.00 100.00 100.00 0.00 0.00 99.00 100.00 98.02 100.00 99.01 98.02
 %time 1483743613
 %usr 3.00 0.00 0.00 0.00 0.00 0.00 0.00 0.00 0.00 22.77 25.00 0.00 0.00 0.00 0.00 0.00 0.00
 %sys 5.26 2.00 2.00 1.00 1.00 0.00 0.00 0.00 0.00 36.63 38.00 1.01 1.00 1.00 0.99 0.00 1.00
 %idle 86.86 98.00 98.00 99.00 99.00 100.00 100.00 100.00 100.00 0.00 0.00 98.99 99.00 99.00 99.01 100.00 99.00
 %time 1483743614
 %usr 1.94 0.00 0.00 0.00 0.00 0.00 0.00 0.00 0.00 14.00 16.00 0.00 0.00 0.00 0.00 0.00 0.00
 %sys 3.44 1.01 1.00 1.00 0.00 0.00 0.00 0.00 0.00 24.00 25.00 1.00 1.00 1.00 0.00 0.00 1.00
 %idle 87.05 98.99 99.00 99.00 100.00 100.00 100.00 100.00 100.00 0.00 0.00 99.00 99.00 99.00 100.00 100.00 99.00
 %time 1483743615
 %usr 3.89 0.00 0.00 0.00 0.00 0.00 0.00 0.00 0.00 30.69 33.00 0.00 0.00 0.00 0.00 0.00 0.00
 %sys 6.83 2.02 2.02 2.00 1.01 0.00 0.00 0.00 0.00 45.54 50.00 1.01 1.00 2.00 0.00 0.99 0.00
 %idle 86.71 97.98 97.98 98.00 98.99 100.00 100.00 100.00 100.00 0.00 0.00 98.99 99.00 98.00 100.00 99.01 100.00
 %time 1483743616
 %usr 4.57 0.00 0.00 0.00 0.00 0.00 0.00 0.00 0.00 34.00 39.60 0.00 0.00 0.00 0.00 0.00 0.00
 %sys 7.95 2.02 1.01 2.00 1.00 0.99 0.00 0.00 0.00 51.00 60.40 2.00 1.01 2.00 0.00 1.00 1.00
 %idle 86.48 97.98 98.99 98.00 99.00 99.01 100.00 100.00 100.00 0.00 0.00 98.00 98.99 98.00 100.00 99.00 99.00
 %time 1483743617
 %usr 4.89 0.00 0.00 0.00 0.00 0.00 0.00 0.00 0.00 39.00 39.00 0.00 0.00 0.00 0.00 0.00 0.00
 %sys 8.28 2.00 1.01 1.98 0.00 1.00 0.00 1.00 0.00 57.00 59.00 3.00 1.01 2.00 1.01 1.00 1.98
 %idle 86.52 98.00 98.99 98.02 100.00 99.00 100.00 99.00 100.00 0.00 0.00 97.00 98.99 98.00 98.99 99.00 98.02
 %time 1483743619
 %usr 4.89 0.00 0.00 0.00 0.00 0.00 0.00 0.00 0.00 39.00 39.60 0.00 0.00 0.00 0.00 0.00 0.00
 %sys 8.59 2.02 1.00 1.00 0.99 0.00 0.00 0.00 0.00 61.00 60.40 1.02 2.00 3.00 1.98 1.00 1.01
 %idle 86.52 97.98 99.00 99.00 99.01 100.00 100.00 100.00 100.00 0.00 0.00 98.98 98.00 97.00 98.02 99.00 98.99
 %time 1483743620
 %usr 4.95 0.00 0.00 0.00 0.00 0.00 0.00 0.00 0.00 39.00 40.00 0.00 0.00 0.00 0.00 0.00 0.00
 %sys 8.15 2.00 1.01 0.00 1.00 0.00 0.00 0.00 0.00 57.00 60.00 1.02 0.00 2.02 2.00 1.01 1.00
 %idle 86.65 98.00 98.99 100.00 99.00 100.00 100.00 100.00 100.00 0.00 0.00 98.98 100.00 97.98 98.00 98.99 99.00
 %time 1483743621
 %usr 4.77 0.00 0.00 0.00 0.00 0.00 0.00 0.00 0.00 37.76 38.38 0.00 0.00 0.00 0.00 0.00 0.00
 %sys 8.41 1.01 1.01 1.00 1.00 0.00 0.00 0.00 0.00 60.20 61.62 2.00 1.01 3.00 1.00 2.00 1.00
 %idle 86.64 98.99 98.99 99.00 99.00 100.00 100.00 100.00 100.00 0.00 0.00 98.00 98.99 97.00 99.00 98.00 99.00
 %time 1483743622
 %usr 7.14 0.00 0.00 0.00 0.00 0.00 0.00 0.00 0.00 37.62 76.24 0.00 0.00 0.00 0.00 0.00 0.00
 %sys 5.58 0.00 1.01 1.00 0.00 0.00 0.00 0.00 0.00 55.45 23.76 2.00 1.01 2.02 1.00 0.00 0.00
 %idle 86.90 100.00 98.99 99.00 100.00 100.00 100.00 100.00 100.00 0.00 0.00 98.00 98.99 97.98 99.00 100.00 100.00
 %time 1483743623
 %usr 8.81 0.00 0.00 0.00 0.00 0.00 0.00 0.00 0.00 41.00 100.00 0.00 0.00 0.00 0.00 0.00 0.00
 %sys 4.25 0.00 0.99 0.00 0.00 0.00 0.00 1.00 0.00 59.00 0.00 1.00 1.00 3.00 1.00 0.00 1.00
 %idle 86.94 100.00 99.01 100.00 100.00 100.00 100.00 99.00 100.00 0.00 0.00 99.00 99.00 97.00 99.00 100.00 99.00
 %time 1483743624
 %usr 8.77 0.00 0.00 0.00 0.00 0.00 0.00 0.00 0.00 40.59 100.00 0.00 0.00 0.00 0.00 0.00 0.00
 %sys 4.13 0.00 0.00 0.00 0.00 0.00 0.00 0.00 0.00 59.41 0.00 1.01 1.01 2.97 0.99 0.00 0.00
 %idle 87.10 100.00 100.00 100.00 100.00 100.00 100.00 100.00 100.00 0.00 0.00 98.99 98.99 97.03 99.01 100.00 100.00
 %time 1483743625
 %usr 8.77 0.00 0.00 0.00 0.00 0.00 0.00 0.00 0.00 40.40 100.00 0.00 0.00 0.00 0.00 0.00 0.00
 %sys 4.07 1.01 0.00 0.00 0.00 0.00 0.00 1.00 1.00 56.57 0.00 1.01 1.00 1.01 1.00 1.00 1.00
 %idle 86.97 98.99 100.00 100.00 100.00 100.00 100.00 99.00 99.00 0.00 0.00 98.99 99.00 98.99 99.00 99.00 99.00
 %time 1483743627
 %usr 8.83 0.00 0.00 0.00 0.00 0.00 0.00 0.00 0.00 41.00 100.00 0.00 0.00 0.00 0.00 0.00 0.00
 %sys 4.13 1.00 1.01 1.00 1.00 0.00 0.00 0.00 0.00 59.00 0.00 0.00 0.00 1.01 0.00 0.99 1.00
 %idle 87.04 99.00 98.99 99.00 99.00 100.00 100.00 100.00 100.00 0.00 0.00 100.00 100.00 98.99 100.00 99.01 99.00
 %time 1483743628
 %usr 8.83 0.00 0.00 0.00 0.00 0.00 0.00 0.00 0.00 41.00 100.00 0.00 0.00 0.00 0.00 0.00 0.00
 %sys 4.13 1.01 1.98 1.00 1.00 0.00 0.00 0.99 0.99 59.00 0.00 0.00 1.00 1.01 0.00 0.00 0.00
 %idle 87.04 98.99 98.02 99.00 99.00 100.00 100.00 99.01 99.01 0.00 0.00 100.00 99.00 98.99 100.00 100.00 100.00
 %time 1483743629
 %usr 8.82 0.00 0.00 0.00 0.00 0.00 0.00 0.00 0.00 41.00 100.00 0.00 0.00 0.00 0.00 0.00 0.00
 %sys 4.25 1.00 1.00 1.00 0.00 0.00 0.00 0.00 0.00 59.00 0.00 1.00 1.00 1.00 1.00 0.00 1.00
 %idle 86.93 99.00 99.00 99.00 100.00 100.00 100.00 100.00 100.00 0.00 0.00 99.00 99.00 99.00 99.00 100.00 99.00
 %time 1483743630
 %usr 9.45 0.00 0.00 0.00 0.00 0.00 0.00 0.00 0.00 50.00 100.00 0.00 0.00 0.00 0.00 0.00 0.00
 %sys 3.44 0.00 0.00 1.00 0.00 0.00 0.00 0.00 0.00 49.00 0.00 1.00 0.00 1.00 0.00 1.00 0.00
 %idle 87.11 100.00 100.00 99.00 100.00 100.00 100.00 100.00 100.00 1.00 0.00 99.00 100.00 99.00 100.00 99.00 100.00
 %time 1483743631
 %usr 1.81 0.98 4.04 3.00 16.00 0.00 0.00 0.00 0.00 0.00 4.04 0.00 0.00 0.00 0.00 0.00 0.00
 %sys 0.81 0.98 2.02 0.00 6.00 0.00 0.99 0.00 0.00 1.00 1.01 0.00 0.00 1.00 0.00 1.00 0.00
 %idle 94.44 98.04 92.93 97.00 33.00 100.00 99.01 100.00 100.00 99.00 93.94 100.00 100.00 99.00 100.00 99.00 100.00
 %time 1483743632
 %usr 1.81 0.00 1.00 0.00 0.00 0.00 0.00 0.00 0.00 8.08 19.80 0.00 0.00 0.00 0.00 0.00 0.00
 %sys 0.62 0.99 2.00 0.00 0.99 0.00 0.00 0.00 0.00 2.02 4.95 0.00 0.00 0.00 0.00 0.00 0.00
 %idle 96.69 99.01 97.00 100.00 95.05 100.00 100.00 100.00 100.00 84.85 70.30 100.00 100.00 100.00 100.00 100.00 100.00
 %time 1483743633
 %usr 2.94 2.00 8.08 3.00 2.97 0.00 0.00 0.00 0.00 5.94 15.00 12.12 0.00 0.00 0.00 0.00 0.00
 %sys 0.69 1.00 2.02 0.00 0.99 0.00 0.00 0.00 0.99 0.99 4.00 2.02 0.99 0.99 0.00 1.00 0.00
 %idle 95.18 97.00 84.85 97.00 86.14 100.00 100.00 100.00 99.01 90.10 80.00 85.86 99.01 99.01 100.00 99.00 100.00
