time              msgs_alloc        msgs_max          errors            send_count        recv_count        route_count       drop_count        send_length       recv_length       route_length      drop_length      
1481672814        0                 1067              0                 28840470          29066290          0                 34                149141377834      126734536077      0                 6528             
1481672815        0                 1067              0                 28840529          29066346          0                 34                149141402314      126734559021      0                 6528             
1481672816        0                 1067              0                 28840593          29066408          0                 34                149141429484      126734582693      0                 6528             
1481672817        0                 1067              0                 28840651          29066464          0                 34                149141454265      126734604805      0                 6528             
1481672818        0                 1067              0                 28840707          29066518          0                 34                149141477425      126734626669      0                 6528             
1481672820        0                 1067              0                 28840763          29066572          0                 34                149141500585      126734648533      0                 6528             
1481672821        0                 1067              0                 28840817          29066624          0                 34                149141523361      126734669741      0                 6528             
1481672822        0                 1067              0                 28840875          29066680          0                 34                149141548142      126734691853      0                 6528             
1481672823        0                 1067              0                 28840944          29066747          0                 34                149141578030      126734716861      0                 6528             
1481672824        0                 1067              0                 28840999          29066800          0                 34                149141600998      126734738429      0                 6528             
1481672825        0                 1067              0                 28841053          29066852          0                 34                149141623774      126734759637      0                 6528             
1481672827        0                 1067              0                 28841111          29066907          0                 34                149141648556      126734781557      0                 6528             
1481672828        0                 1067              0                 28841181          29066976          0                 34                149141679356      126734806573      0                 6528             
1481672829        0                 1067              0                 28841237          29067030          0                 34                149141702516      126734828437      0                 6528             
1481672830        0                 1067              0                 28841295          29067086          0                 34                149141727298      126734850549      0                 6528             
1481672831        0                 1067              0                 28841353          29067142          0                 34                149141752080      126734872661      0                 6528             
1481672832        0                 1067              0                 28841417          29067204          0                 34                149141779252      126734896333      0                 6528             
1481672833        0                 1067              0                 28841482          29067267          0                 34                149141804884      126734920269      0                 6528             
1481672834        0                 1067              0                 28841537          29067320          0                 34                149141827852      126734941837      0                 6528             
1481672835        0                 1067              0                 28841591          29067372          0                 34                149141850628      126734963045      0                 6528             
1481672837        0                 1067              0                 28841645          29067424          0                 34                149141873404      126734984253      0                 6528             
1481672838        0                 1067              0                 28841720          29067497          0                 34                149141905684      126735010757      0                 6528             
1481672839        0                 1067              0                 28841776          29067551          0                 34                149141928844      126735032621      0                 6528             
1481672840        0                 1067              0                 28841831          29067604          0                 34                149141951812      126735054189      0                 6528             
1481672841        0                 1067              0                 28841885          29067656          0                 34                149141974588      126735075397      0                 6528             
1481672842        0                 1067              0                 28841951          29067720          0                 34                149142003382      126735099317      0                 6528             
1481672843        0                 1067              0                 28842019          29067786          0                 34                149142033080      126735123965      0                 6528             
1481672844        0                 1067              0                 28842074          29067839          0                 34                149142056048      126735145533      0                 6528             
1481672846        0                 1067              0                 28842153          29067916          0                 34                149142119244      126735173205      0                 6528             
1481672847        0                 1067              0                 28842214          29067975          0                 34                149142142020      126735194973      0                 6528             
1481672848        0                 1067              0                 28842283          29068042          0                 34                149142168808      126735218549      0                 6528             
1481672849        0                 1067              0                 28842347          29068104          0                 34                149142195980      126735242221      0                 6528             
1481672850        0                 1067              0                 28842411          29068166          0                 34                149142222956      126735265949      0                 6528             
1481672851        0                 1067              0                 28842470          29068223          0                 34                149142247930      126735288421      0                 6528             
1481672852        0                 1067              0                 28842532          29068283          0                 34                149142274718      126735311437      0                 6528             
1481672853        0                 1067              0                 28842596          29068345          0                 34                149142302418      126735335181      0                 6528             
1481672854        0                 1067              0                 28842650          29068397          0                 34                149142325194      126735356389      0                 6528             
1481672856        0                 1067              0                 28842714          29068459          0                 34                149142351714      126735380269      0                 6528             
1481672857        0                 1067              0                 28842768          29068511          0                 34                149142374490      126735401477      0                 6528             
1481672859        0                 1067              0                 28843860          29069601          0                 34                149142629778      126735621981      0                 6528             
1481672860        0                 1067              0                 28843942          29069681          0                 34                149142665944      126735649725      0                 6528             
1481672861        0                 1067              0                 28843997          29069734          0                 34                149142688912      126735671293      0                 6528             
1481672862        0                 1067              0                 28844052          29069787          0                 34                149142711880      126735692861      0                 6528             
1481672863        0                 1067              0                 28844120          29069853          0                 34                149142741578      126735717509      0                 6528             
1481672864        0                 1067              0                 28844269          29070000          0                 34                149142807586      126736835869      0                 6528             
1481672865        0                 1067              0                 28844512          29070241          0                 34                149142891370      126737974373      0                 6528             
1481672867        0                 1067              0                 28845100          29070823          0                 34                149143089090      126745145716      0                 6528             
1481672868        0                 1067              0                 28845780          29071496          0                 34                149143342050      126759078684      0                 6528             
1481672869        0                 1067              0                 28845928          29071644          0                 34                149143459601      126768572636      0                 6528             
1481672870        0                 1067              0                 28846095          29071816          0                 34                149143562265      126786468196      0                 6528             
1481672871        0                 1067              0                 28846206          29071925          0                 34                149143609969      126786512508      0                 6528             
1481672872        0                 1067              0                 28846391          29072108          0                 34                149143676425      126819090788      0                 6528             
1481672873        0                 1067              0                 28846515          29072230          0                 34                149143787033      126819138172      0                 6528             
1481672875        0                 1067              0                 28846721          29072433          0                 34                149143879534      126861136548      0                 6528             
1481672877        0                 1067              0                 28846876          29072596          0                 34                149143935862      126888438460      0                 6528             
1481672880        0                 1067              0                 28847010          29072719          0                 34                149144011183      126888502316      0                 6528             
1481672881        0                 1067              0                 28847175          29072882          0                 34                149144156390      126901141076      0                 6528             
1481672882        0                 1067              0                 28847349          29073054          0                 34                149144219414      126933704004      0                 6528             
1481672883        0                 1067              0                 28848502          29074205          0                 34                149144541016      126933949164      0                 6528             
1481672884        0                 1067              0                 28848613          29074314          0                 34                149144588720      126933993476      0                 6528             
1481672885        0                 1067              0                 28848792          29074491          0                 34                149144655824      126961316084      0                 6528             
1481672886        0                 1067              0                 28848920          29074617          0                 34                149144709912      126961366244      0                 6528             
1481672888        0                 1067              0                 28849052          29074747          0                 34                149144763104      126968763404      0                 6528             
1481672889        0                 1067              0                 28849189          29074882          0                 34                149144896964      126973011732      0                 6528             
1481672890        0                 1067              0                 28849338          29075029          0                 34                149144954996      126988796692      0                 6528             
1481672891        0                 1067              0                 28849488          29075177          0                 34                149145072455      126999343492      0                 6528             
1481672892        0                 1067              0                 28849630          29075317          0                 34                149145147625      127010940892      0                 6528             
1481672893        0                 1067              0                 28849803          29075488          0                 34                149145211137      127036180836      0                 6528             
1481672894        0                 1067              0                 28849935          29075618          0                 34                149145264329      127043582092      0                 6528             
1481672896        0                 1067              0                 28850093          29075774          0                 34                149145386519      127052030996      0                 6528             
1481672897        0                 1067              0                 28850243          29075922          0                 34                149145444103      127068868940      0                 6528             
1481672898        0                 1067              0                 28850389          29076066          0                 34                149145500639      127081524324      0                 6528             
1481672899        0                 1067              0                 28850544          29076219          0                 34                149145558975      127101508828      0                 6528             
1481672900        0                 1067              0                 28850663          29076336          0                 34                149145610039      127101555156      0                 6528             
1481672902        0                 1067              0                 28850845          29076516          0                 34                149145755311      127124715948      0                 6528             
1481672903        0                 1067              0                 28850981          29076650          0                 34                149145809495      127134211124      0                 6528             
1481672904        0                 1067              0                 28851132          29076799          0                 34                149145867375      127153142340      0                 6528             
1481672905        0                 1067              0                 28851291          29076955          0                 34                149145949129      127164768300      0                 6528             
1481672907        0                 1067              0                 28851462          29077125          0                 34                149146069695      127182658852      0                 6528             
1481672908        0                 1067              0                 28852687          29078348          0                 34                149146366791      127215463900      0                 6528             
1481672909        0                 1067              0                 28852827          29078486          0                 34                149146461843      127222866964      0                 6528             
1481672910        0                 1067              0                 28852964          29078621          0                 34                149146536643      127231309492      0                 6528             
1481672911        0                 1067              0                 28853123          29078778          0                 34                149146596107      127254468940      0                 6528             
1481672912        0                 1067              0                 28853273          29078925          0                 34                149146654139      127269246700      0                 6528             
1481672914        0                 1067              0                 28853392          29079043          0                 34                149146703811      127273487316      0                 6528             
1481672915        0                 1067              0                 28853604          29079253          0                 34                149146899737      127303904292      0                 6528             
1481672916        0                 1067              0                 28853751          29079398          0                 34                149146956257      127321724252      0                 6528             
1481672917        0                 1067              0                 28853862          29079507          0                 34                149147003961      127321768564      0                 6528             
1481672918        0                 1067              0                 28854039          29079682          0                 34                149147067801      127354340124      0                 6528             
1481672919        0                 1067              0                 28854199          29079839          0                 34                149147187339      127372224404      0                 6528             
1481672920        0                 1067              0                 28854363          29080002          0                 34                149147309183      127386989132      0                 6528             
1481672921        0                 1067              0                 28854521          29080157          0                 34                149147368663      127410086740      0                 6528             
1481672923        0                 1067              0                 28854662          29080297          0                 34                149147424159      127421697092      0                 6528             
1481672924        0                 1067              0                 28854843          29080476          0                 34                149147528861      127452172508      0                 6528             
1481672925        0                 1067              0                 28855013          29080643          0                 34                149147632811      127469035292      0                 6528             
1481672926        0                 1067              0                 28855175          29080804          0                 34                149147692795      127495308500      0                 6528             
1481672927        0                 1067              0                 28855314          29080941          0                 34                149147787233      127505844380      0                 6528             
1481672928        0                 1067              0                 28855465          29081090          0                 34                149147844697      127523755252      0                 6528             
1481672929        0                 1067              0                 28855594          29081217          0                 34                149147896793      127532195868      0                 6528             
1481672931        0                 1067              0                 28855745          29081366          0                 34                149147955657      127547977492      0                 6528             
1481672932        0                 1067              0                 28855926          29081545          0                 34                149148020337      127580578780      0                 6528             
1481672933        0                 1067              0                 28857120          29082737          0                 34                149148412510      127589225804      0                 6528             
1481672934        0                 1067              0                 28857231          29082846          0                 34                149148460214      127589270116      0                 6528             
1481672935        0                 1067              0                 28857386          29082999          0                 34                149148520374      127605081540      0                 6528             
1481672936        0                 1067              0                 28857552          29083163          0                 34                149148581542      127631359604      0                 6528             
1481672937        0                 1067              0                 28857718          29083326          0                 34                149148682510      127653467956      0                 6528             
1481672938        0                 1067              0                 28857936          29083543          0                 34                149148796678      127700683548      0                 6528             
1481672940        0                 1067              0                 28858083          29083688          0                 34                149148854550      127714367220      0                 6528             
1481672941        0                 1067              0                 28858229          29083832          0                 34                149148910742      127730176004      0                 6528             
1481672942        0                 1067              0                 28858356          29083957          0                 34                149148962350      127738493340      0                 6528             
1481672943        0                 1067              0                 28858530          29084129          0                 34                149149126277      127757426332      0                 6528             
1481672944        0                 1067              0                 28858698          29084295          0                 34                149149187901      127785781468      0                 6528             
1481672945        0                 1067              0                 28858870          29084465          0                 34                149149252325      127812053220      0                 6528             
1481672946        0                 1067              0                 28859032          29084625          0                 34                149149312837      127836245884      0                 6528             
1481672948        0                 1067              0                 28859170          29084761          0                 34                149149406955      127845733148      0                 6528             
1481672949        0                 1067              0                 28859319          29084908          0                 34                149149503766      127860465588      0                 6528             
1481672950        0                 1067              0                 28859512          29085099          0                 34                149149656478      127884668964      0                 6528             
1481672951        0                 1067              0                 28859660          29085245          0                 34                149149713238      127903595204      0                 6528             
1481672952        0                 1067              0                 28859796          29085378          0                 34                149149767286      127915203228      0                 6528             
1481672953        0                 1067              0                 28859948          29085529          0                 34                149149825518      127935179652      0                 6528             
1481672954        0                 1067              0                 28860114          29085693          0                 34                149149886670      127962522676      0                 6528             
1481672955        0                 1067              0                 28860283          29085860          0                 34                149150009635      127981351540      0                 6528             
1481672957        0                 1067              0                 28860424          29085999          0                 34                149150104904      127990839828      0                 6528             
1481672958        0                 1067              0                 28861594          29087167          0                 34                149150390120      127999496972      0                 6528             
1481672959        0                 1067              0                 28861741          29087312          0                 34                149150446640      128018332740      0                 6528             
1481672960        0                 1067              0                 28861889          29087457          0                 34                149150525621      128026786356      0                 6528             
1481672961        0                 1067              0                 28862077          29087644          0                 34                149150671589      128059291100      0                 6528             
1481672962        0                 1067              0                 28862232          29087797          0                 34                149150730829      128079280212      0                 6528             
1481672963        0                 1067              0                 28862379          29087942          0                 34                149150787317      128098206092      0                 6528             
1481672965        0                 1067              0                 28862498          29088059          0                 34                149150836973      128102446308      0                 6528             
1481672966        0                 1067              0                 28862690          29088249          0                 34                149150905845      128139219844      0                 6528             
1481672967        0                 1067              0                 28862871          29088428          0                 34                149151048993      128161191756      0                 6528             
1481672968        0                 1067              0                 28863004          29088559          0                 34                149151100721      128167531508      0                 6528             
1481672969        0                 1067              0                 28863169          29088722          0                 34                149151161513      128193809468      0                 6528             
1481672970        0                 1067              0                 28863348          29088899          0                 34                149151307281      128215888412      0                 6528             
1481672971        0                 1067              0                 28863479          29089028          0                 34                149151359761      128225374164      0                 6528             
1481672973        0                 1067              0                 28863652          29089199          0                 34                149151423377      128254799964      0                 6528             
1481672974        0                 1067              0                 28863802          29089347          0                 34                149151480561      128274775180      0                 6528             
1481672975        0                 1067              0                 28863953          29089496          0                 34                149151579289      128286370644      0                 6528             
1481672976        0                 1067              0                 28864123          29089664          0                 34                149151681193      128312641524      0                 6528             
1481672977        0                 1067              0                 28864271          29089810          0                 34                149151737889      128330527380      0                 6528             
1481672978        0                 1067              0                 28864412          29089949          0                 34                149151792809      128345258012      0                 6528             
1481672979        0                 1067              0                 28864584          29090119          0                 34                149151875686      128372532972      0                 6528             
1481672981        0                 1067              0                 28864752          29090285          0                 34                149151998417      128391463940      0                 6528             
1481672982        0                 1067              0                 28864957          29090488          0                 34                149152069369      128438627540      0                 6528             
1481672983        0                 1067              0                 28866159          29091688          0                 34                149152423022      128457757188      0                 6528             
1481672984        0                 1067              0                 28866307          29091834          0                 34                149152479702      128476683428      0                 6528             
1481672986        0                 1067              0                 28866494          29092019          0                 34                149152592707      128502958228      0                 6528             
1481672987        0                 1067              0                 28866633          29092156          0                 34                149152647243      128517688204      0                 6528             
1481672989        0                 1067              0                 28866785          29092315          0                 34                149152783575      128531375660      0                 6528             
1481672992        0                 1067              0                 28866905          29092433          0                 34                149152834831      128531422348      0                 6528             
1481672995        0                 1067              0                 28867038          29092564          0                 34                149152930258      128531472556      0                 6528             
1481672998        0                 1067              0                 28867150          29092674          0                 34                149152978154      128531517228      0                 6528             
1481673000        0                 1067              0                 28867273          29092795          0                 34                149153050109      128531564460      0                 6528             
1481673003        0                 1067              0                 28867392          29092912          0                 34                149153120450      128531611244      0                 6528             
1481673006        0                 1067              0                 28867520          29093038          0                 34                149153213493      128531659740      0                 6528             
1481673009        0                 1067              0                 28868676          29094192          0                 34                149153495701      128531905140      0                 6528             
1481673011        0                 1067              0                 28868807          29094321          0                 34                149153589778      128531954436      0                 6528             
1481673014        0                 1067              0                 28868925          29094437          0                 34                149153640322      128532001340      0                 6528             
1481673017        0                 1067              0                 28869058          29094568          0                 34                149153735370      128532051524      0                 6528             
1481673019        0                 1067              0                 28869171          29094679          0                 34                149153783458      128532096492      0                 6528             
1481673021        0                 1067              0                 28869321          29094827          0                 34                149153883014      128532277228      0                 6528             
1481673022        0                 1067              0                 28869381          29094885          0                 34                149153927070      128532299996      0                 6528             
1481673023        0                 1067              0                 28869447          29094949          0                 34                149153955150      128532324396      0                 6528             
1481673024        0                 1067              0                 28869501          29095001          0                 34                149153977926      128532345604      0                 6528             
1481673025        0                 1067              0                 28869562          29095060          0                 34                149154003478      128532368844      0                 6528             
1481673026        0                 1067              0                 28869625          29095121          0                 34                149154026638      128532391268      0                 6528             
1481673028        0                 1067              0                 28869691          29095185          0                 34                149154051614      128532414300      0                 6528             
1481673029        0                 1067              0                 28869757          29095249          0                 34                149154080414      128532438220      0                 6528             
1481673030        0                 1067              0                 28869815          29095305          0                 34                149154104870      128532460436      0                 6528             
1481673031        0                 1067              0                 28869869          29095357          0                 34                149154127646      128532481644      0                 6528             
1481673032        0                 1067              0                 28869928          29095414          0                 34                149154152622      128532504116      0                 6528             
1481673033        0                 1067              0                 28871034          29096518          0                 34                149154414838      128532728060      0                 6528             
1481673034        0                 1067              0                 28871088          29096570          0                 34                149154437614      128532749268      0                 6528             
1481673035        0                 1067              0                 28871148          29096628          0                 34                149154462454      128532772140      0                 6528             
1481673037        0                 1067              0                 28871203          29096681          0                 34                149154485422      128532793708      0                 6528             
1481673038        0                 1067              0                 28871281          29096757          0                 34                149154520246      128532820340      0                 6528             
