TIMESTAMP        home1-RQ         home1-RD         home1-WR         work-RQ          work-RD          work-WR          scratch-RQ       scratch-RD       scratch-WR       
1481672831        185487           1213746850        0                64686             2564471418       503996370         237566           1139999312        34992194504      
1481672832        185487           1213746850        0                64734             2564475406       503998493         237567           1139999312        34992194504      
1481672834        185487           1213746850        0                64783             2564479394       504000616         237567           1139999312        34992194504      
1481672835        185487           1213746850        0                64832             2564483382       504002739         237567           1139999312        34992194504      
1481672836        185487           1213746850        0                64881             2564487370       504004859         237567           1139999312        34992194504      
1481672837        185487           1213746850        0                64930             2564491358       504006982         237569           1139999312        34992194504      
1481672838        185487           1213746850        0                64979             2564495350       504009104         237569           1139999312        34992194504      
1481672839        185487           1213746850        0                65028             2564499342       504011228         237569           1139999312        34992194504      
1481672840        185489           1213746850        0                65077             2564503334       504013350         237569           1139999312        34992194504      
1481672841        185489           1213746850        0                65126             2564507326       504015474         237569           1139999312        34992194504      
1481672843        185489           1213746850        0                65175             2564511318       504017598         237569           1139999312        34992194504      
1481672844        185489           1213746850        0                65224             2564515310       504019720         237569           1139999312        34992194504      
1481672845        185489           1213746850        0                65273             2564519302       504021842         237569           1139999312        34992194504      
1481672846        185489           1213746850        0                65322             2564523294       504023965         237569           1139999312        34992194504      
1481672847        185489           1213746850        0                65371             2564527286       504026088         237569           1139999312        34992194504      
1481672848        185489           1213746850        0                65420             2564531278       504028211         237569           1139999312        34992194504      
1481672849        185489           1213746850        0                65469             2564535270       504030333         237569           1139999312        34992194504      
1481672850        185491           1213746850        0                65518             2564539262       504032456         237569           1139999312        34992194504      
1481672851        185491           1213746850        0                65567             2564543254       504034577         237569           1139999312        34992194504      
1481672853        185491           1213746850        0                65616             2564547246       504036699         237569           1139999312        34992194504      
1481672854        185491           1213746850        0                65665             2564551238       504038821         237569           1139999312        34992194504      
1481672855        185491           1213746850        0                65714             2564555230       504040944         237569           1139999312        34992194504      
1481672856        185491           1213746850        0                65763             2564559222       504043066         237569           1139999312        34992194504      
1481672857        185491           1213746850        0                65812             2564563214       504045188         237569           1139999312        34992194504      
1481672859        185491           1213746850        0                65861             2564567206       504047309         237569           1139999312        34992194504      
1481672860        185491           1213746850        0                65910             2564571198       504049431         237569           1139999312        34992194504      
1481672861        185493           1213746850        0                65959             2564575190       504051552         237569           1139999312        34992194504      
1481672862        185497           1213746850        0                66008             2564579182       504053674         237569           1139999312        34992194504      
1481672863        185497           1213746850        0                66057             2564583174       504055797         237569           1139999312        34992194504      
1481672864        185515           1213763834        0                66175             2564662834       504076823         237569           1139999312        34992194504      
1481672865        185517           1213763834        0                66284             2564742522       504097855         237569           1139999312        34992194504      
1481672867        185517           1213763834        0                66446             2564831330       504118892         237624           1542652496        34992194504      
1481672868        185517           1213763834        0                66628             3416354878       504139913         237624           3080283472        34992194504      
1481672870        185517           1213763834        0                66734             3454183118       504160904         237624           3080283472        34992194504      
1481672873        185521           1213763834        0                66848             3454262622       504181906         237624           3080283472        34992194504      
1481672875        185521           1213763834        0                66954             3454342126       504202908         237624           3080283472        34992194504      
1481672878        185521           1213763834        0                67070             3454421634       504223911         237624           3080283472        34992194504      
1481672880        185521           1213763834        0                67176             3525804506       504244946         237624           3080283472        34992194504      
1481672881        185525           1213763834        0                67282             3660101926       504265961         237624           3080283472        34992194504      
1481672882        185525           1213763834        0                67396             3744067710       504286979         237624           3080283472        34992194504      
1481672883        185525           1213763834        0                67502             3857393622       504307997         237624           3080283472        34992194504      
1481672884        185525           1213763834        0                67608             4071382818       504329013         237628           3080283472        34992194504      
1481672886        185525           1213763834        0                67714             4302149230       504350030         237634           3080283472        34992194504      
1481672887        185525           1213763834        0                67832             4457418110       504371036         237636           3080283472        34992194504      
1481672888        185525           1213763834        0                67938             4633658498       504392046         237636           3080283472        34992194504      
1481672889        185525           1213763834        0                68044             4788927354       504413056         237636           3080283472        34992194504      
1481672890        185525           1213763834        0                68150             4881281626       504434064         237636           3080283472        34992194504      
1481672891        185529           1213763834        0                68266             4944275758       504455071         237636           3080283472        34992194504      
1481672892        185529           1213763834        0                68372             5007269878       504476078         237636           3080283472        34992194504      
1481672894        185529           1213763834        0                68482             5024126654       504497087         237636           3080283472        34992194504      
1481672895        185529           1213763834        0                68588             5061954950       504518096         237636           3080283472        34992194504      
1481672896        185529           1213763834        0                68694             5099783246       504539105         237636           3080283472        34992194504      
1481672898        185536           1213763834        0                68810             5146000126       504560108         237638           3080283472        34992194504      
1481672901        185540           1213763834        0                68917             5175439790       504581115         237638           3080283472        34992194504      
1481672903        185540           1213763834        0                69030             5183907926       504602123         237638           3080283472        34992194504      
1481672906        185540           1213763834        0                69144             5183987462       504623130         237638           3080283472        34992194504      
1481672909        185540           1213763834        0                69252             5184067002       504644141         237638           3080283472        34992194504      
1481672912        185544           1213763834        0                69364             5184146546       504665150         237638           3080283472        34992194504      
1481672915        185544           1213763834        0                69470             5184226094       504686161         237638           3080283472        34992194504      
1481672917        185544           1213763834        0                69584             5184305642       504707174         237639           3080283472        34992194504      
1481672920        185544           1213763834        0                69690             5184385194       504728188         237639           3080283472        34992194504      
1481672923        185548           1213763834        0                69806             5184464746       504749202         237639           3080283472        34992194504      
1481672926        185548           1213763834        0                69912             5184544302       504770217         237639           3080283472        34992194504      
1481672928        185548           1213763834        0                70026             5184623866       504791233         237639           3080283472        34992194504      
1481672931        185552           1213763834        0                70136             5184703430       504812250         237639           3080283472        34992194504      
1481672934        185552           1213763834        0                70242             5184782994       504833267         237641           3080283472        34992194504      
1481672937        185552           1213763834        0                70352             5184862558       504854281         237643           3080283472        34992194504      
1481672939        185552           1213763834        0                70460             5184942122       504875297         237643           3080283472        34992194504      
1481672942        185556           1213763834        0                70570             5185021686       504896313         237651           3080283472        34992194504      
1481672945        185556           1213763834        0                70678             5185101250       504917328         237651           3080283472        34992194504      
1481672948        185556           1213763834        0                70786             5185180818       504938344         237653           3080283472        34992194504      
1481672950        185560           1213763834        0                70892             5185260386       504959362         237653           3080283472        34992194504      
1481672953        185560           1213763834        0                71002             5185339954       504980380         237653           3080283472        34992194504      
1481672956        185560           1213763834        0                71108             5185419522       505001397         237655           3080283472        34992194504      
1481672959        185560           1213763834        0                71218             5185499090       505022415         237655           3080283472        34992194504      
1481672961        185564           1213763834        0                71330             5185578658       505043433         237655           3080283472        34992194504      
1481672964        185564           1213763834        0                71436             5185658226       505064450         237655           3080283472        34992194504      
1481672967        185564           1213763834        0                71546             5185737794       505085468         237657           3080283472        34992194504      
1481672969        185564           1213763834        0                71654             5185817362       505106481         237657           3080283472        34992194504      
1481672972        185568           1213763834        0                71764             5185896930       505127495         237657           3080283472        34992194504      
1481672975        185568           1213763834        0                71870             5185976498       505148513         237657           3080283472        34992194504      
1481672978        185568           1213763834        0                71978             5186056066       505169531         237657           3080283472        34992194504      
1481672980        185572           1213763834        0                72084             5186135634       505190547         237659           3080283472        34992194504      
1481672983        185572           1213763834        0                72196             5186215202       505211565         237659           3080283472        34992194504      
1481672986        185572           1213763834        0                72302             5186294770       505232582         237659           3080283472        34992194504      
1481672989        185572           1213763834        0                72412             5186374338       505253600         237659           3080283472        34992194504      
1481672992        185576           1213763834        0                72522             5186453906       505274615         237661           3080283472        34992194504      
1481672994        185576           1213763834        0                72628             5186533474       505295631         237661           3080283472        34992194504      
1481672997        185576           1213763834        0                72738             5186613046       505316650         237661           3080283472        34992194504      
1481673000        185576           1213763834        0                72844             5186692618       505337668         237661           3080283472        34992194504      
1481673003        185580           1213763834        0                72954             5186772190       505358684         237661           3080283472        34992194504      
1481673005        185580           1213763834        0                73060             5186851762       505379702         237661           3080283472        34992194504      
1481673008        185580           1213763834        0                73170             5186931334       505400721         237661           3080283472        34992194504      
1481673011        185584           1213763834        0                73276             5187010918       505421742         237661           3080283472        34992194504      
1481673014        185584           1213763834        0                73386             5187090490       505442761         237663           3080283472        34992194504      
1481673016        185584           1213763834        0                73498             5187170062       505463779         237665           3080283472        34992194504      
1481673019        185584           1213763834        0                73604             5187249634       505484795         237665           3080283472        34992194504      
1481673021        185589           1213763834        0                73654             5187253630       505486920         237665           3080283472        34992194504      
1481673022        185589           1213763834        0                73707             5187257626       505489043         237665           3080283472        34992194504      
1481673023        185589           1213763834        0                73756             5187261622       505491165         237665           3080283472        34992194504      
1481673024        185589           1213763834        0                73805             5187265618       505493288         237665           3080283472        34992194504      
1481673025        185589           1213763834        0                73854             5187269618       505495411         237667           3080283472        34992194504      
1481673026        185589           1213763834        0                73907             5187273618       505497537         237667           3080283472        34992194504      
1481673028        185589           1213763834        0                73956             5187277618       505499662         237667           3080283472        34992194504      
1481673029        185589           1213763834        0                74005             5187281618       505501786         237667           3080283472        34992194504      
1481673030        185589           1213763834        0                74054             5187285618       505503911         237667           3080283472        34992194504      
1481673031        185591           1213763834        0                74103             5187289618       505506036         237667           3080283472        34992194504      
1481673032        185591           1213763834        0                74154             5187293618       505508159         237667           3080283472        34992194504      
1481673034        185591           1213763834        0                74203             5187297618       505510285         237667           3080283472        34992194504      
1481673035        185591           1213763834        0                74252             5187301618       505512408         237667           3080283472        34992194504      
1481673036        185591           1213763834        0                74301             5187305618       505514531         237667           3080283472        34992194504      
1481673037        185591           1213763834        0                74354             5187309618       505516655         237667           3080283472        34992194504      
1481673038        185591           1213763834        0                74403             5187313618       505518780         237667           3080283472        34992194504      
1481673039        185591           1213763834        0                74452             5187317618       505520905         237669           3080283472        34992194504      
1481673040        185591           1213763834        0                74503             5187321618       505523029         237669           3080283472        34992194504      
1481673041        185593           1213763834        0                74556             5187325618       505525155         237669           3080283472        34992194504      
1481673042        185593           1213763834        0                74605             5187329618       505527275         237669           3080283472        34992194504      
1481673044        185593           1213763834        0                74654             5187333618       505529400         237669           3080283472        34992194504      
1481673045        185593           1213763834        0                74703             5187337618       505531525         237669           3080283472        34992194504      
1481673046        185593           1213763834        0                74752             5187341618       505533650         237669           3080283472        34992194504      
1481673047        185593           1213763834        0                74805             5187345618       505535775         237669           3080283472        34992194504      
1481673048        185593           1213763834        0                74854             5187349618       505537900         237669           3080283472        34992194504      
1481673049        185602           1213767172        0                74903             5187353618       505540020         237669           3080283472        34992194504      
