 %time 1481737767
 %usr 0.00 0.00 0.00 0.00 0.00 0.00 0.00 0.00 0.00 0.00 0.00 0.00 0.00 0.00 0.00 0.00 0.00
 %sys 0.00 0.00 0.00 0.00 0.00 0.00 0.00 0.00 0.00 0.00 0.00 0.00 0.00 0.00 0.00 0.00 0.00
 %idle 100.00 100.00 100.00 100.00 100.00 100.00 100.00 100.00 100.00 100.00 100.00 100.00 100.00 100.00 100.00 100.00 100.00
 %time 1481737768
 %usr 0.00 0.00 0.00 0.00 0.00 0.00 0.00 0.00 0.00 0.00 0.00 0.00 0.00 0.00 0.00 0.00 0.00
 %sys 0.06 0.00 0.00 0.00 0.00 0.00 0.00 0.00 0.00 0.00 0.99 0.00 0.00 0.00 0.00 0.00 0.00
 %idle 99.94 100.00 100.00 100.00 100.00 100.00 100.00 100.00 100.00 100.00 99.01 100.00 100.00 100.00 100.00 100.00 100.00
 %time 1481737769
 %usr 0.00 0.00 0.00 0.00 0.00 0.00 0.00 0.00 0.00 0.00 0.00 0.00 0.00 0.00 0.00 0.00 0.00
 %sys 0.06 0.00 0.00 0.00 0.00 0.00 0.00 0.00 0.00 0.00 0.00 0.00 0.00 0.00 0.00 0.00 0.00
 %idle 99.94 100.00 100.00 100.00 100.00 100.00 100.00 100.00 100.00 100.00 100.00 100.00 100.00 100.00 100.00 100.00 100.00
 %time 1481737770
 %usr 0.00 0.00 0.00 0.00 0.00 0.00 0.00 0.00 0.00 0.00 0.00 0.00 0.00 0.00 0.00 0.00 0.00
 %sys 0.06 0.00 0.00 0.99 0.00 0.00 0.00 0.00 0.00 0.00 0.00 0.00 0.00 0.00 0.00 0.99 0.00
 %idle 99.94 100.00 100.00 99.01 100.00 100.00 100.00 100.00 100.00 100.00 100.00 100.00 100.00 100.00 100.00 99.01 100.00
 %time 1481737772
 %usr 0.00 0.00 0.00 0.00 0.00 0.00 0.00 0.00 0.00 0.00 0.00 0.00 0.00 0.00 0.00 0.00 0.00
 %sys 0.06 0.00 0.00 0.00 0.00 0.00 0.00 0.00 0.00 0.00 0.00 0.00 0.00 0.00 0.00 0.00 0.00
 %idle 99.88 100.00 100.00 100.00 100.00 100.00 100.00 100.00 100.00 99.00 100.00 100.00 100.00 100.00 100.00 100.00 100.00
 %time 1481737773
 %usr 0.00 0.00 0.00 0.00 0.00 0.00 0.00 0.00 0.00 0.00 0.00 0.00 0.00 0.00 0.00 0.00 0.00
 %sys 0.06 0.99 0.00 0.00 0.00 0.00 0.00 0.00 0.00 0.00 0.00 0.00 0.00 0.00 0.00 0.00 0.00
 %idle 99.94 99.01 100.00 100.00 100.00 100.00 100.00 100.00 100.00 100.00 100.00 100.00 100.00 100.00 100.00 100.00 100.00
 %time 1481737774
 %usr 0.00 0.00 0.00 0.00 0.00 0.00 0.00 0.00 0.00 0.00 0.00 0.00 0.00 0.00 0.00 0.00 0.00
 %sys 0.00 0.00 0.00 0.00 0.00 0.00 0.00 0.00 0.00 0.00 0.00 0.00 0.00 0.00 0.99 0.00 0.00
 %idle 100.00 100.00 100.00 100.00 100.00 100.00 100.00 100.00 100.00 100.00 100.00 100.00 100.00 100.00 99.01 100.00 100.00
 %time 1481737775
 %usr 0.00 0.00 0.00 0.00 0.00 0.00 0.00 0.00 0.00 0.00 0.00 0.00 0.00 0.00 0.00 0.00 0.00
 %sys 0.06 0.00 0.00 0.00 0.00 0.00 0.00 0.00 0.00 0.00 0.98 0.00 0.00 0.99 0.00 0.00 0.99
 %idle 99.94 100.00 100.00 100.00 100.00 100.00 100.00 100.00 100.00 100.00 99.02 100.00 100.00 99.01 100.00 100.00 99.01
 %time 1481737776
 %usr 0.00 0.00 0.00 0.00 0.00 0.00 0.00 0.00 0.00 0.00 0.00 0.00 0.00 0.00 0.00 0.00 0.00
 %sys 0.06 0.00 0.00 0.00 0.00 0.00 0.00 0.00 0.00 0.98 0.00 0.00 0.00 0.00 0.00 0.00 0.00
 %idle 99.88 100.00 100.00 100.00 100.00 100.00 100.00 100.00 100.00 97.06 100.00 100.00 100.00 100.00 100.00 100.00 100.00
 %time 1481737777
 %usr 0.00 0.00 0.00 0.00 0.00 0.00 0.00 0.00 0.00 0.00 0.00 0.00 0.00 0.00 0.00 0.00 0.00
 %sys 0.06 0.00 0.00 0.00 0.99 0.00 0.00 0.00 0.00 0.00 0.00 0.00 0.00 0.00 0.00 0.00 0.00
 %idle 99.94 100.00 100.00 100.00 99.01 100.00 100.00 100.00 100.00 100.00 100.00 100.00 100.00 100.00 100.00 100.00 100.00
 %time 1481737778
 %usr 0.00 0.00 0.00 0.00 0.00 0.00 0.00 0.00 0.00 0.00 0.00 0.00 0.00 0.00 0.00 0.00 0.00
 %sys 0.06 0.00 0.00 0.00 0.00 0.00 0.00 0.00 0.00 0.00 0.00 0.00 0.00 0.00 0.00 0.00 0.00
 %idle 99.94 100.00 100.00 100.00 100.00 100.00 100.00 100.00 100.00 100.00 100.00 100.00 100.00 100.00 100.00 100.00 100.00
 %time 1481737779
 %usr 0.00 0.00 0.00 0.00 0.00 0.00 0.00 0.00 0.00 0.00 0.00 0.00 0.00 0.00 0.00 0.00 0.00
 %sys 0.00 0.99 0.00 0.00 0.00 0.00 0.00 0.00 0.00 0.00 0.00 0.00 0.00 0.00 0.00 0.00 0.00
 %idle 100.00 99.01 100.00 100.00 100.00 100.00 100.00 100.00 100.00 100.00 100.00 100.00 100.00 100.00 100.00 100.00 100.00
 %time 1481737781
 %usr 0.37 6.06 0.99 0.00 0.00 0.00 0.00 0.00 0.00 0.00 0.00 0.00 0.00 0.00 0.00 0.00 0.00
 %sys 0.12 0.00 0.00 0.00 0.00 0.00 0.00 0.00 0.00 0.00 0.99 0.00 0.00 0.00 0.00 0.00 0.00
 %idle 99.50 93.94 99.01 100.00 100.00 100.00 100.00 100.00 100.00 100.00 99.01 100.00 100.00 100.00 100.00 100.00 100.00
 %time 1481737782
 %usr 0.50 2.00 4.95 0.00 0.00 0.00 0.00 0.00 0.00 1.98 1.00 0.00 0.00 0.00 0.00 0.00 0.00
 %sys 0.44 1.00 1.98 0.00 1.98 0.00 0.00 0.00 0.00 0.99 1.00 0.00 0.00 0.00 0.00 0.00 0.00
 %idle 92.93 83.00 91.09 99.00 45.54 100.00 100.00 100.00 100.00 69.31 98.00 100.00 100.00 100.00 100.00 100.00 100.00
 %time 1481737783
 %usr 0.06 0.00 0.00 0.00 0.00 0.00 0.00 0.00 0.00 1.00 0.00 0.00 0.00 0.00 0.00 0.00 0.00
 %sys 0.25 0.00 0.00 0.00 0.00 0.00 0.00 0.00 0.00 2.00 0.00 0.00 0.00 0.00 0.00 0.00 0.00
 %idle 99.69 100.00 100.00 100.00 100.00 100.00 100.00 100.00 100.00 97.00 100.00 100.00 100.00 100.00 100.00 100.00 100.00
 %time 1481737784
 %usr 1.75 0.00 0.00 0.00 0.00 0.00 0.00 0.00 0.00 13.86 13.00 0.00 0.00 0.00 0.00 0.00 0.00
 %sys 1.75 0.00 0.00 0.00 0.00 0.00 0.00 0.00 0.99 13.86 10.00 0.00 0.00 0.00 0.00 0.00 2.00
 %idle 95.50 100.00 100.00 100.00 100.00 100.00 100.00 100.00 99.01 63.37 69.00 100.00 100.00 100.00 100.00 100.00 98.00
 %time 1481737785
 %usr 7.21 0.00 0.00 0.00 0.00 0.00 0.00 0.00 0.00 58.00 57.00 0.00 0.00 0.00 0.00 0.00 0.00
 %sys 7.15 4.00 5.10 1.01 3.96 1.00 0.00 1.00 1.00 42.00 43.00 3.96 4.00 2.97 3.00 0.00 0.00
 %idle 85.64 96.00 94.90 98.99 96.04 99.00 100.00 99.00 99.00 0.00 0.00 96.04 96.00 97.03 97.00 100.00 100.00
 %time 1481737786
 %usr 7.46 0.00 0.00 0.00 0.00 0.00 0.00 0.00 0.00 60.00 58.42 0.00 0.00 0.00 0.00 0.00 0.00
 %sys 6.58 3.96 1.02 1.00 4.00 0.00 0.00 0.00 1.00 40.00 41.58 4.04 3.03 3.03 0.00 0.00 0.00
 %idle 85.96 96.04 98.98 99.00 96.00 100.00 100.00 100.00 99.00 0.00 0.00 95.96 96.97 96.97 100.00 100.00 100.00
 %time 1481737787
 %usr 7.42 0.00 0.00 0.00 0.00 0.00 0.00 0.00 0.00 59.00 59.00 0.00 0.00 0.00 0.00 0.00 0.00
 %sys 6.41 2.02 3.03 0.00 2.02 1.00 1.02 1.98 1.00 41.00 41.00 1.02 2.02 0.00 0.00 4.00 0.00
 %idle 85.98 97.98 96.97 100.00 94.95 99.00 98.98 98.02 99.00 0.00 0.00 98.98 97.98 100.00 100.00 96.00 100.00
 %time 1481737788
 %usr 7.47 0.00 0.00 0.00 0.00 0.00 0.00 0.00 0.00 60.00 59.00 0.00 0.00 0.00 0.00 0.00 0.00
 %sys 6.46 4.00 2.02 1.01 1.00 2.00 1.01 0.00 0.00 40.00 41.00 3.03 2.02 3.00 0.00 2.00 0.00
 %idle 86.07 96.00 97.98 98.99 99.00 98.00 98.99 100.00 100.00 0.00 0.00 96.97 97.98 97.00 100.00 98.00 100.00
 %time 1481737790
 %usr 7.40 0.00 0.00 0.00 0.00 0.00 0.00 0.00 0.00 59.60 59.00 0.00 0.00 0.00 0.00 0.00 0.00
 %sys 6.58 2.04 3.03 2.02 2.00 0.00 0.00 1.00 1.98 40.40 41.00 2.02 3.00 1.01 1.01 3.00 1.00
 %idle 86.02 97.96 96.97 97.98 98.00 100.00 100.00 99.00 98.02 0.00 0.00 97.98 97.00 98.99 98.99 97.00 99.00
 %time 1481737791
 %usr 7.46 0.00 0.00 0.00 0.00 0.00 0.00 0.00 0.00 60.00 59.00 0.00 0.00 0.00 0.00 0.00 0.00
 %sys 6.52 4.04 3.03 3.00 0.00 0.00 0.00 1.01 1.01 40.00 41.00 3.00 2.02 2.00 0.00 2.97 1.00
 %idle 86.02 95.96 96.97 97.00 100.00 100.00 100.00 98.99 98.99 0.00 0.00 97.00 97.98 98.00 100.00 97.03 99.00
 %time 1481737792
 %usr 7.54 0.00 0.00 0.00 0.00 0.00 0.00 0.00 0.00 61.00 60.00 0.00 0.00 0.00 0.00 0.00 0.00
 %sys 6.22 3.03 3.06 1.00 1.01 0.00 1.01 1.00 2.00 39.00 40.00 2.04 3.06 1.02 0.00 0.00 1.00
 %idle 86.24 96.97 96.94 99.00 98.99 100.00 98.99 99.00 98.00 0.00 0.00 97.96 96.94 98.98 100.00 100.00 99.00
 %time 1481737793
 %usr 7.46 0.00 0.00 0.00 0.00 0.00 0.00 0.00 0.00 59.60 59.60 0.00 0.00 0.00 0.00 0.00 0.00
 %sys 6.65 4.00 3.03 2.00 1.01 0.00 0.00 1.00 2.00 40.40 40.40 3.03 2.02 1.01 1.00 1.00 1.00
 %idle 85.89 96.00 96.97 98.00 98.99 100.00 100.00 99.00 98.00 0.00 0.00 96.97 97.98 98.99 99.00 99.00 99.00
 %time 1481737794
 %usr 8.34 0.00 0.00 0.00 0.00 0.00 0.00 0.00 0.00 68.00 66.00 0.00 0.00 0.00 0.00 0.00 0.00
 %sys 3.57 1.00 1.00 1.00 1.00 0.00 1.00 0.00 0.99 22.00 24.00 1.01 1.01 1.00 1.01 0.00 0.00
 %idle 87.90 99.00 99.00 99.00 99.00 100.00 99.00 100.00 99.01 9.00 9.00 98.99 98.99 99.00 98.99 100.00 100.00
 %time 1481737795
 %usr 0.00 0.00 0.00 0.00 0.00 0.00 0.00 0.00 0.00 0.00 0.00 0.00 0.00 0.00 0.00 0.00 0.00
 %sys 0.06 0.00 0.00 0.00 0.00 0.00 0.00 0.00 0.00 0.00 0.99 0.00 0.00 0.00 0.00 0.00 0.00
 %idle 99.94 100.00 100.00 100.00 100.00 100.00 100.00 100.00 100.00 100.00 99.01 100.00 100.00 100.00 100.00 100.00 100.00
 %time 1481737796
 %usr 0.00 0.00 0.00 0.00 0.00 0.00 0.00 0.00 0.00 0.00 0.00 0.00 0.00 0.00 0.00 0.00 0.00
 %sys 0.06 0.00 0.00 0.99 0.00 0.00 0.00 0.00 0.00 0.00 0.00 0.00 0.00 0.00 0.00 0.00 0.00
 %idle 99.94 100.00 100.00 99.01 100.00 100.00 100.00 100.00 100.00 100.00 100.00 100.00 100.00 100.00 100.00 100.00 100.00
 %time 1481737797
 %usr 3.44 22.00 13.27 1.00 0.00 0.00 0.00 0.00 0.00 3.00 15.00 0.00 0.00 0.00 0.00 0.00 0.00
 %sys 1.57 2.00 11.22 2.00 0.99 0.00 0.00 0.00 0.00 1.00 7.00 2.00 0.99 0.00 0.00 0.00 0.99
 %idle 94.30 76.00 72.45 97.00 92.08 100.00 100.00 100.00 100.00 96.00 77.00 98.00 99.01 100.00 100.00 100.00 99.01
