TIMESTAMP        home1-RQ         home1-RD         home1-WR         
1481763134 268947 90808735786 5901887
1481763135 269070 90809002798 5901887
1481763137 269116 90834937874 5917239
1481763138 269217 90880324835 5919142
1481763139 269217 90880324835 5919142
1481763140 269217 90880324835 5919142
1481763141 269217 90880324835 5919142
1481763142 269217 90880324835 5919142
1481763143 269217 90880324835 5919142
1481763144 269221 90880324835 5919142
1481763146 269221 90880324835 5919142
1481763147 269221 90880324835 5919142
1481763148 269221 90880324835 5919142
1481763149 269221 90880324835 5919142
1481763150 269221 90880324835 5919142
1481763151 269221 90880324835 5919142
1481763152 269221 90880324835 5919142
1481763153 269221 90880324835 5919142
1481763155 269225 90880324835 5919142
1481763156 269225 90880324835 5919142
1481763158 269235 90880324835 5919142
1481763159 269235 90880324835 5919142
1481763160 269235 90880324835 5919142
1481763161 269235 90880324835 5919142
1481763162 269235 90880324835 5919142
1481763163 269246 90880324835 5919142
1481763164 269248 90880324835 5919142
1481763166 269250 90880324835 5919142
1481763167 269250 90880324835 5919142
1481763168 269267 90880324835 5919142
1481763171 269267 90880324835 5919142
1481763172 269267 90880324835 5919142
1481763173 269267 90880324835 5919142
1481763174 269267 90880324835 5919142
1481763175 269271 90880324835 5919142
1481763176 269271 90880324835 5919142
1481763177 269271 90880324835 5919142
1481763179 269271 90880324835 5919142
1481763180 269271 90880324835 5919142
1481763181 269271 90880324835 5919142
1481763182 269271 90880324835 5919142
1481763183 269271 90880324835 5919142
1481763184 269273 90880324835 5919142
1481763185 269275 90880324835 5919142
1481763187 269275 90880324835 5919142
1481763188 269275 90880324835 5919142
1481763189 269275 90880324835 5919142
1481763191 269275 90880324835 5919142
1481763193 269275 90880324835 5919142
1481763194 269275 90880324835 5919142
1481763195 269279 90880324835 5919142
1481763196 269279 90880324835 5919142
1481763197 269279 90880324835 5919142
1481763198 269279 90880324835 5919142
1481763199 269279 90880324835 5919142
1481763201 269279 90880324835 5919142
1481763202 269279 90880324835 5919142
1481763205 269283 90880324835 5919142
1481763206 269283 90880324835 5919142
1481763207 269283 90880324835 5919142
1481763208 269283 90880324835 5919142
1481763210 269283 90880324835 5919142
1481763211 269283 90880324835 5919142
1481763212 269283 90880324835 5919142
1481763213 269284 90880324835 5919142
1481763214 269284 90880324835 5919142
1481763215 269288 90880324835 5919142
1481763216 269288 90880324835 5919142
1481763218 269288 90880324835 5919142
1481763219 269288 90880324835 5919142
1481763220 269288 90880324835 5919142
1481763221 269288 90880324835 5919142
1481763222 269288 90880324835 5919142
1481763223 269288 90880324835 5919142
1481763224 269290 90880324835 5919142
1481763226 269292 90880324835 5919142
1481763227 269292 90880324835 5919142
1481763228 269292 90880324835 5919142
1481763229 269292 90880324835 5919142
1481763230 269292 90880324835 5919142
1481763231 269292 90880324835 5919142
1481763232 269292 90880324835 5919142
1481763233 269292 90880324835 5919142
1481763235 269296 90880324835 5919142
1481763236 269296 90880324835 5919142
1481763237 269296 90880324835 5919142
1481763238 269296 90880324835 5919142
1481763240 269296 90880324835 5919142
1481763242 269296 90880324835 5919142
1481763243 269296 90880324835 5919142
1481763245 269300 90880324835 5919142
1481763246 269300 90880324835 5919142
1481763247 269300 90880324835 5919142
1481763248 269300 90880324835 5919142
1481763249 269300 90880324835 5919142
1481763250 269300 90880324835 5919142
1481763251 269300 90880324835 5919142
1481763253 269300 90880324835 5919142
1481763254 269300 90880324835 5919142
1481763255 269302 90880324835 5919142
1481763256 269304 90880324835 5919142
1481763257 269304 90880324835 5919142
1481763258 269304 90880324835 5919142
1481763259 269304 90880324835 5919142
1481763261 269304 90880324835 5919142
1481763262 269304 90880324835 5919142
1481763263 269305 90880324835 5919142
1481763264 269305 90880324835 5919142
1481763265 269309 90880324835 5919142
1481763266 269309 90880324835 5919142
1481763267 269309 90880324835 5919142
1481763268 269309 90880324835 5919142
1481763270 269309 90880324835 5919142
1481763271 269309 90880324835 5919142
1481763272 269309 90880324835 5919142
1481763273 269309 90880324835 5919142
1481763276 269320 90880324835 5919142
1481763277 269320 90880324835 5919142
1481763278 269320 90880324835 5919142
1481763279 269320 90880324835 5919142
1481763280 269320 90880324835 5919142
1481763281 269320 90880324835 5919142
1481763282 269320 90880324835 5919142
1481763284 269320 90880324835 5919142
1481763285 269324 90880324835 5919142
1481763286 269324 90880324835 5919142
1481763288 269324 90880324835 5919142
1481763289 269324 90880324835 5919142
1481763290 269324 90880324835 5919142
1481763291 269324 90880324835 5919142
1481763292 269324 90880324835 5919142
1481763293 269324 90880324835 5919142
1481763294 269326 90880324835 5919142
1481763296 269328 90880324835 5919142
1481763297 269328 90880324835 5919142
1481763298 269328 90880324835 5919142
1481763299 269328 90880324835 5919142
1481763300 269328 90880324835 5919142
1481763301 269328 90880324835 5919142
1481763302 269328 90880324835 5919142
1481763304 269328 90880324835 5919142
1481763305 269332 90880324835 5919142
1481763306 269332 90880324835 5919142
1481763307 269332 90880324835 5919142
1481763308 269332 90880324835 5919142
1481763309 269332 90880324835 5919142
1481763310 269332 90880324835 5919142
1481763312 269332 90880324835 5919142
1481763313 269333 90880324835 5919142
1481763314 269333 90880324835 5919142
1481763315 269337 90880324835 5919142
1481763316 269337 90880324835 5919142
1481763317 269337 90880324835 5919142
1481763318 269337 90880324835 5919142
1481763319 269337 90880324835 5919142
1481763321 269337 90880324835 5919142
1481763322 269337 90880324835 5919142
1481763323 269337 90880324835 5919142
1481763324 269337 90880324835 5919142
1481763325 269341 90880324835 5919142
1481763326 269341 90880324835 5919142
1481763328 269341 90880324835 5919142
1481763329 269341 90880324835 5919142
1481763330 269341 90880324835 5919142
1481763331 269341 90880324835 5919142
1481763332 269341 90880324835 5919142
1481763333 269341 90880324835 5919142
1481763334 269345 90880324835 5919142
1481763335 269345 90880324835 5919142
1481763337 269345 90880324835 5919142
1481763338 269345 90880324835 5919142
1481763339 269345 90880324835 5919142
1481763340 269345 90880324835 5919142
1481763341 269345 90880324835 5919142
1481763342 269345 90880324835 5919142
1481763345 269349 90880324835 5919142
1481763346 269349 90880324835 5919142
1481763347 269349 90880324835 5919142
1481763348 269349 90880324835 5919142
1481763350 269349 90880324835 5919142
1481763351 269349 90880324835 5919142
1481763352 269349 90880324835 5919142
1481763353 269349 90880324835 5919142
1481763354 269353 90880324835 5919142
1481763355 269353 90880324835 5919142
1481763357 269353 90880324835 5919142
1481763358 269353 90880324835 5919142
1481763359 269353 90880324835 5919142
1481763360 269353 90880324835 5919142
1481763361 269353 90880324835 5919142
1481763362 269353 90880324835 5919142
1481763363 269354 90880324835 5919142
1481763364 269356 90880324835 5919142
1481763366 269358 90880324835 5919142
1481763367 269358 90880324835 5919142
1481763368 269358 90880324835 5919142
1481763369 269358 90880324835 5919142
1481763370 269358 90880324835 5919142
1481763371 269358 90880324835 5919142
1481763372 269358 90880324835 5919142
1481763374 269358 90880324835 5919142
1481763375 269362 90880324835 5919142
1481763376 269362 90880324835 5919142
1481763377 269362 90880324835 5919142
1481763378 269362 90880324835 5919142
1481763380 269362 90880324835 5919142
1481763381 269362 90880324835 5919142
1481763383 269362 90880324835 5919142
1481763384 269362 90880324835 5919142
1481763385 269366 90880324835 5919142
1481763386 269366 90880324835 5919142
1481763387 269366 90880324835 5919142
1481763388 269366 90880324835 5919142
1481763389 269366 90880324835 5919142
1481763391 269366 90880324835 5919142
1481763392 269366 90880324835 5919142
1481763393 269366 90880324835 5919142
1481763394 269366 90880324835 5919142
1481763395 269370 90880324835 5919142
1481763396 269370 90880324835 5919142
1481763397 269370 90880324835 5919142
1481763399 269370 90880324835 5919142
1481763400 269370 90880324835 5919142
1481763401 269370 90880324835 5919142
1481763403 269370 90880324835 5919142
1481763404 269370 90880324835 5919142
1481763405 269374 90880324835 5919142
1481763406 269374 90880324835 5919142
1481763407 269374 90880324835 5919142
1481763408 269374 90880324835 5919142
1481763410 269374 90880324835 5919142
1481763411 269374 90880324835 5919142
1481763412 269374 90880324835 5919142
1481763413 269375 90880324835 5919142
1481763415 269390 90880324835 5919142
1481763417 269390 90880324835 5919142
1481763418 269390 90880324835 5919142
1481763419 269390 90880324835 5919142
1481763420 269390 90880324835 5919142
1481763421 269390 90880324835 5919142
1481763422 269390 90880324835 5919142
1481763423 269390 90880324835 5919142
1481763425 269394 90880324835 5919142
1481763426 269394 90880324835 5919142
1481763427 269394 90880324835 5919142
1481763428 269394 90880324835 5919142
1481763429 269394 90880324835 5919142
1481763430 269394 90880324835 5919142
1481763432 269394 90880324835 5919142
1481763433 269394 90880324835 5919142
1481763434 269394 90880324835 5919142
1481763435 269398 90880324835 5919142
1481763436 269398 90880324835 5919142
1481763438 269398 90880324835 5919142
1481763439 269398 90880324835 5919142
1481763440 269398 90880324835 5919142
1481763441 269398 90880324835 5919142
1481763442 269398 90880324835 5919142
1481763443 269398 90880324835 5919142
1481763444 269407 90880324835 5919142
1481763445 269407 90880324835 5919142
1481763447 269407 90880324835 5919142
1481763448 269407 90880324835 5919142
1481763451 269407 90880324835 5919142
1481763452 269407 90880324835 5919142
1481763453 269407 90880324835 5919142
1481763454 269411 90880324835 5919142
1481763456 269411 90880324835 5919142
1481763457 269411 90880324835 5919142
1481763458 269411 90880324835 5919142
1481763459 269411 90880324835 5919142
1481763460 269411 90880324835 5919142
1481763461 269411 90880324835 5919142
1481763462 269412 90880324835 5919142
1481763464 269412 90880324835 5919142
1481763465 269416 90880324835 5919142
1481763466 269416 90880324835 5919142
1481763467 269416 90880324835 5919142
1481763468 269416 90880324835 5919142
1481763469 269416 90880324835 5919142
1481763470 269416 90880324835 5919142
1481763473 269416 90880324835 5919142
1481763474 269416 90880324835 5919142
1481763475 269420 90880324835 5919142
1481763476 269420 90880324835 5919142
1481763477 269420 90880324835 5919142
1481763479 269420 90880324835 5919142
1481763481 269420 90880324835 5919142
1481763482 269420 90880324835 5919142
1481763483 269420 90880324835 5919142
1481763484 269420 90880324835 5919142
1481763485 269424 90880324835 5919142
1481763486 269424 90880324835 5919142
1481763488 269708 90905023308 5921044
1481763489 269818 90931225396 5936397
1481763490 269870 90951905278 5936397
