 %time 1481747557
 %usr 0.00 0.00 0.00 0.00 0.00 0.00 0.00 0.00 0.00 0.00 0.00 0.00 0.00 0.00 0.00 0.00 0.00
 %sys 0.00 0.00 0.00 0.00 0.00 0.00 0.00 0.00 0.00 0.00 0.99 0.00 0.00 0.00 0.00 0.00 0.00
 %idle 100.00 100.00 100.00 100.00 100.00 100.00 100.00 100.00 100.00 100.00 99.01 100.00 100.00 100.00 100.00 100.00 100.00
 %time 1481747558
 %usr 0.00 0.00 0.00 0.00 0.00 0.00 0.00 0.00 0.00 0.00 0.00 0.00 0.00 0.00 0.00 0.00 0.00
 %sys 0.06 0.00 0.00 0.00 0.00 0.00 0.00 0.00 0.00 0.00 0.00 0.00 0.00 0.00 0.99 0.00 0.00
 %idle 99.94 100.00 100.00 100.00 100.00 100.00 100.00 100.00 100.00 100.00 100.00 100.00 100.00 100.00 99.01 100.00 100.00
 %time 1481747559
 %usr 0.00 0.00 0.00 0.00 0.00 0.00 0.00 0.00 0.00 0.00 0.00 0.00 0.00 0.00 0.00 0.00 0.00
 %sys 0.00 0.99 0.00 0.00 0.00 0.00 0.00 0.00 0.00 0.00 0.00 0.00 0.00 0.00 0.00 0.00 0.00
 %idle 100.00 99.01 100.00 100.00 100.00 100.00 100.00 100.00 100.00 100.00 100.00 100.00 100.00 100.00 100.00 100.00 100.00
 %time 1481747561
 %usr 0.00 0.00 0.00 0.00 0.00 0.00 0.00 0.00 0.00 0.00 0.00 0.00 0.00 0.00 0.00 0.00 0.00
 %sys 0.06 0.00 0.00 0.00 0.00 0.00 0.00 0.00 0.00 0.00 0.00 0.00 0.00 0.00 0.00 0.00 0.00
 %idle 99.94 100.00 100.00 100.00 100.00 100.00 100.00 100.00 100.00 100.00 100.00 100.00 100.00 100.00 100.00 100.00 100.00
 %time 1481747562
 %usr 0.12 1.00 1.00 0.00 0.00 0.00 0.00 0.00 0.00 0.00 0.00 0.00 0.00 0.00 0.00 0.00 0.00
 %sys 0.06 0.00 0.00 0.00 0.00 0.00 0.00 0.00 0.00 0.00 0.00 0.00 0.00 0.00 0.00 0.00 0.00
 %idle 99.31 99.00 99.00 100.00 93.94 100.00 100.00 100.00 100.00 98.99 100.00 100.00 100.00 100.00 100.00 100.00 100.00
 %time 1481747563
 %usr 0.94 3.00 2.00 0.00 0.00 0.00 0.00 0.00 0.00 6.86 4.00 0.00 0.00 0.00 0.00 0.00 0.00
 %sys 0.44 0.00 2.00 0.99 0.00 0.00 0.00 0.00 0.00 0.98 2.00 0.99 0.00 0.00 0.00 0.00 0.00
 %idle 93.44 90.00 96.00 99.01 26.26 100.00 100.00 100.00 100.00 89.22 93.00 99.01 100.00 100.00 100.00 100.00 100.00
 %time 1481747564
 %usr 0.25 0.00 0.00 0.00 1.02 0.00 0.00 0.00 0.00 0.00 0.00 0.00 0.00 0.00 0.00 0.00 0.00
 %sys 0.50 1.01 0.00 0.00 1.02 0.00 0.00 0.00 1.00 4.00 1.00 0.00 0.00 0.00 0.00 0.00 0.00
 %idle 96.94 94.95 100.00 100.00 69.39 100.00 100.00 100.00 99.00 93.00 98.00 100.00 100.00 100.00 100.00 100.00 100.00
 %time 1481747565
 %usr 3.94 0.00 0.00 0.00 0.00 0.00 0.00 0.00 0.00 25.25 35.35 0.00 0.00 0.00 0.00 0.00 1.00
 %sys 3.82 2.02 2.02 2.00 0.00 1.00 0.00 0.99 1.01 21.21 23.23 1.98 2.00 2.00 0.99 0.00 2.00
 %idle 89.48 97.98 97.98 98.00 100.00 99.00 100.00 99.01 98.99 23.23 28.28 96.04 98.00 98.00 99.01 100.00 97.00
 %time 1481747566
 %usr 3.82 0.00 0.00 0.00 0.00 0.00 0.00 0.00 0.00 30.69 29.70 0.00 0.00 0.00 0.00 0.00 0.00
 %sys 3.50 1.01 0.00 2.00 0.00 0.00 0.00 0.00 0.99 21.78 19.80 2.00 2.02 2.00 1.00 0.00 1.00
 %idle 86.55 98.99 100.00 98.00 100.00 100.00 100.00 100.00 99.01 0.99 0.00 98.00 97.98 98.00 99.00 100.00 99.00
 %time 1481747567
 %usr 2.12 0.00 0.00 0.00 0.00 0.00 0.00 0.00 0.00 26.00 8.08 0.00 0.00 0.00 0.00 0.99 0.00
 %sys 2.06 2.00 1.00 1.00 0.00 0.00 0.00 0.00 0.00 17.00 6.06 1.01 2.00 1.00 2.00 0.00 0.00
 %idle 86.69 98.00 99.00 99.00 96.00 100.00 100.00 100.00 100.00 0.00 0.00 98.99 98.00 99.00 98.00 99.01 100.00
 %time 1481747569
 %usr 3.44 0.00 0.00 0.00 0.00 0.00 0.00 0.00 0.00 32.00 22.77 0.00 0.00 0.00 0.00 0.00 0.00
 %sys 3.38 2.02 2.00 1.00 2.00 0.00 1.00 0.00 0.00 23.00 18.81 1.00 1.00 0.00 0.00 0.00 0.99
 %idle 86.49 97.98 98.00 99.00 96.00 100.00 99.00 100.00 100.00 0.00 0.00 99.00 99.00 100.00 100.00 100.00 99.01
 %time 1481747570
 %usr 4.57 0.00 0.00 0.00 0.00 0.00 0.00 0.00 0.00 34.00 39.00 0.00 0.00 0.00 0.00 0.00 0.00
 %sys 4.14 4.04 2.00 2.04 2.00 0.00 0.00 0.00 0.00 24.00 27.00 2.00 0.00 0.00 0.00 0.99 0.00
 %idle 86.53 95.96 98.00 97.96 98.00 100.00 100.00 100.00 100.00 0.00 0.00 98.00 100.00 100.00 100.00 99.01 100.00
 %time 1481747571
 %usr 3.07 0.00 0.00 0.00 0.00 0.00 0.00 0.00 0.00 33.00 15.00 0.00 0.00 0.00 0.00 0.00 0.00
 %sys 2.82 1.01 2.00 2.00 0.00 0.00 2.00 0.00 0.00 22.00 13.00 1.00 0.00 0.00 1.00 0.00 1.00
 %idle 86.80 98.99 98.00 98.00 100.00 100.00 98.00 100.00 100.00 0.00 0.00 99.00 100.00 100.00 99.00 100.00 99.00
 %time 1481747572
 %usr 2.56 0.00 0.00 0.00 0.00 0.00 0.00 0.00 0.00 27.00 12.12 0.00 0.00 0.00 0.00 0.00 0.00
 %sys 2.44 0.00 1.01 0.99 0.00 1.00 1.01 0.99 0.99 21.00 8.08 1.00 0.99 0.99 1.00 2.00 0.00
 %idle 86.82 100.00 98.99 99.01 100.00 99.00 98.99 99.01 99.01 0.00 0.00 99.00 99.01 99.01 99.00 98.00 100.00
 %time 1481747573
 %usr 3.07 0.00 0.00 0.00 0.00 0.00 0.00 0.00 0.00 33.00 17.00 0.00 0.00 0.00 0.00 0.00 0.00
 %sys 3.01 2.00 2.97 2.00 1.00 1.00 0.00 0.00 0.00 24.00 12.00 0.00 1.01 0.00 1.01 0.00 0.99
 %idle 86.78 98.00 97.03 98.00 99.00 99.00 100.00 100.00 100.00 0.00 0.00 100.00 98.99 100.00 98.99 100.00 99.01
 %time 1481747574
 %usr 2.44 0.00 0.00 0.00 0.00 0.00 0.00 0.00 0.00 31.31 8.00 0.00 0.00 0.00 0.00 0.00 0.00
 %sys 2.32 2.00 2.00 0.00 1.00 0.00 0.00 0.99 0.00 21.21 7.00 0.00 1.00 0.00 0.00 0.00 0.00
 %idle 86.98 98.00 98.00 100.00 99.00 100.00 100.00 99.01 100.00 0.00 0.00 100.00 99.00 100.00 100.00 100.00 100.00
 %time 1481747575
 %usr 6.34 0.00 1.01 0.00 0.00 0.00 0.00 0.00 0.00 47.52 53.00 0.00 0.00 0.00 0.00 0.00 0.00
 %sys 6.34 4.08 3.03 3.00 2.00 0.00 0.00 0.00 1.00 35.64 40.00 4.00 4.00 3.00 0.00 0.00 1.00
 %idle 85.88 95.92 95.96 97.00 98.00 100.00 100.00 100.00 99.00 0.00 0.00 96.00 96.00 97.00 100.00 100.00 99.00
 %time 1481747576
 %usr 6.33 0.00 0.00 0.00 0.00 0.00 0.00 0.00 0.00 47.47 54.00 0.00 0.00 0.00 0.00 0.00 0.00
 %sys 6.33 3.03 5.05 3.00 3.96 0.00 1.00 0.00 0.00 34.34 39.00 3.06 3.03 2.97 1.01 0.00 1.00
 %idle 85.77 96.97 94.95 97.00 96.04 100.00 99.00 100.00 100.00 0.00 0.00 96.94 96.97 97.03 98.99 100.00 99.00
 %time 1481747577
 %usr 7.15 0.00 0.00 0.00 0.00 0.00 0.00 0.00 0.00 55.00 58.59 0.00 0.00 0.00 0.00 0.00 0.00
 %sys 6.65 4.04 1.01 2.02 2.00 0.00 0.00 2.02 1.00 39.00 41.41 4.04 5.00 5.00 0.00 0.00 0.00
 %idle 85.82 95.96 98.99 97.98 98.00 100.00 100.00 97.98 99.00 0.00 0.00 95.96 95.00 95.00 100.00 100.00 100.00
 %time 1481747579
 %usr 6.39 0.00 0.00 0.00 0.00 0.00 0.00 0.00 0.00 46.00 55.45 0.00 0.00 0.00 0.00 0.00 0.00
 %sys 6.70 5.00 2.00 2.02 1.00 3.00 0.00 2.00 1.00 35.00 41.58 4.00 4.00 2.97 2.00 2.00 0.00
 %idle 85.54 95.00 98.00 97.98 99.00 97.00 100.00 98.00 99.00 0.00 0.00 96.00 96.00 97.03 98.00 98.00 100.00
 %time 1481747580
 %usr 7.09 0.00 0.00 0.00 0.00 0.00 0.00 0.00 0.00 55.00 58.00 0.00 0.00 0.00 0.00 0.00 0.00
 %sys 6.78 4.04 3.03 3.00 1.01 1.01 2.00 3.00 1.00 39.00 42.00 4.00 3.00 1.01 0.00 1.98 1.00
 %idle 85.76 95.96 96.97 97.00 98.99 98.99 98.00 97.00 99.00 0.00 0.00 96.00 97.00 98.99 100.00 98.02 99.00
 %time 1481747581
 %usr 7.15 0.00 0.00 0.00 0.00 0.00 0.00 0.00 0.00 56.00 57.43 0.00 0.00 0.00 0.00 0.00 0.00
 %sys 6.52 2.00 2.00 2.00 1.00 0.00 2.00 0.00 0.00 41.00 42.57 3.03 2.06 2.00 1.00 1.00 0.00
 %idle 86.14 98.00 98.00 98.00 99.00 100.00 98.00 100.00 100.00 0.00 0.00 96.97 97.94 98.00 99.00 99.00 100.00
 %time 1481747582
 %usr 7.21 0.00 0.00 0.00 0.00 0.00 0.00 0.00 0.00 58.00 57.00 0.00 0.00 0.00 0.00 0.00 0.00
 %sys 6.71 5.94 4.00 2.00 1.01 0.00 1.00 0.00 1.00 41.00 43.00 2.02 2.00 1.01 2.00 2.00 0.00
 %idle 86.02 94.06 96.00 98.00 98.99 100.00 99.00 100.00 99.00 0.00 0.00 97.98 98.00 98.99 98.00 98.00 100.00
 %time 1481747583
 %usr 7.47 0.00 0.00 0.00 0.00 0.00 0.00 0.00 0.00 58.42 60.00 0.00 0.00 0.00 0.00 0.00 0.00
 %sys 6.22 2.02 1.01 1.01 0.00 0.00 0.00 1.00 1.00 40.59 40.00 4.04 3.03 1.02 0.99 2.02 1.00
 %idle 86.18 97.98 98.99 98.99 100.00 100.00 100.00 99.00 99.00 0.00 0.00 94.95 96.97 98.98 99.01 97.98 99.00
 %time 1481747584
 %usr 7.40 0.00 0.00 0.00 0.00 0.00 0.00 0.00 0.00 59.41 58.59 0.00 0.00 0.00 0.00 0.00 0.00
 %sys 6.52 3.03 2.00 1.01 1.01 0.00 0.99 1.00 1.00 40.59 41.41 3.06 4.00 2.02 3.00 0.00 0.00
 %idle 86.07 96.97 98.00 98.99 98.99 100.00 99.01 99.00 99.00 0.00 0.00 96.94 96.00 97.98 97.00 100.00 100.00
 %time 1481747585
 %usr 7.09 0.00 0.00 0.00 0.00 0.00 0.00 0.00 0.00 56.00 57.00 0.00 0.00 0.00 0.00 0.00 0.00
 %sys 7.03 3.00 3.03 2.02 1.00 0.00 1.00 1.00 1.01 42.00 43.00 3.03 4.00 3.00 2.00 0.00 1.00
 %idle 85.76 97.00 96.97 97.98 99.00 100.00 99.00 99.00 98.99 0.00 0.00 96.97 96.00 97.00 98.00 100.00 99.00
 %time 1481747587
 %usr 4.82 0.00 0.00 0.00 0.00 0.00 0.00 0.00 0.00 38.61 38.00 0.00 0.00 0.00 0.00 0.00 0.00
 %sys 8.89 5.00 2.02 1.01 0.00 0.00 1.00 1.00 0.00 61.39 62.00 2.00 1.01 1.01 1.01 0.00 1.00
 %idle 86.30 95.00 97.98 98.99 100.00 100.00 99.00 99.00 100.00 0.00 0.00 98.00 98.99 98.99 98.99 100.00 99.00
 %time 1481747588
 %usr 4.75 0.00 0.00 0.00 0.00 0.00 0.00 0.00 0.00 37.37 39.00 0.00 0.00 0.00 0.00 0.00 0.00
 %sys 8.94 2.00 4.00 3.03 1.00 0.00 1.00 1.00 1.00 62.63 61.00 2.00 1.01 1.00 1.01 0.99 0.00
 %idle 86.30 98.00 96.00 96.97 99.00 100.00 99.00 99.00 99.00 0.00 0.00 98.00 98.99 99.00 98.99 99.01 100.00
 %time 1481747589
 %usr 4.88 0.00 0.00 0.00 0.00 0.00 0.00 0.00 0.00 39.00 38.38 0.00 0.00 0.00 0.00 0.00 0.00
 %sys 8.89 5.05 2.02 2.00 1.00 0.00 1.00 0.00 0.00 61.00 61.62 2.02 2.97 1.98 0.00 0.00 0.00
 %idle 86.23 94.95 97.98 98.00 99.00 100.00 99.00 100.00 100.00 0.00 0.00 97.98 97.03 98.02 100.00 100.00 100.00
 %time 1481747590
 %usr 4.69 0.00 0.00 0.00 0.00 0.00 0.00 0.00 0.00 36.63 38.00 0.00 0.00 0.00 0.00 0.00 0.00
 %sys 8.95 3.96 3.03 1.02 0.99 0.00 0.00 0.99 1.00 63.37 62.00 1.02 2.00 1.01 0.00 0.00 0.00
 %idle 86.36 96.04 96.97 98.98 99.01 100.00 100.00 99.01 99.00 0.00 0.00 98.98 98.00 98.99 100.00 100.00 100.00
 %time 1481747591
 %usr 4.82 0.00 0.00 0.00 0.00 0.00 0.00 0.00 0.00 38.00 39.60 0.00 0.00 0.00 0.00 0.00 0.00
 %sys 8.71 3.03 2.02 1.00 1.01 1.00 1.00 0.00 2.00 62.00 60.40 1.00 0.00 1.98 0.00 1.00 1.00
 %idle 86.47 96.97 97.98 99.00 98.99 99.00 99.00 100.00 98.00 0.00 0.00 99.00 100.00 98.02 100.00 99.00 99.00
 %time 1481747592
 %usr 4.76 0.00 0.00 0.00 0.00 0.00 0.00 0.00 0.00 37.62 38.61 0.00 0.00 0.00 0.00 0.00 0.00
 %sys 8.77 3.00 1.02 1.00 3.00 0.00 0.00 0.99 1.00 62.38 61.39 1.01 2.00 1.00 0.00 0.99 0.00
 %idle 86.47 97.00 98.98 99.00 97.00 100.00 100.00 99.01 99.00 0.00 0.00 98.99 98.00 99.00 100.00 99.01 100.00
 %time 1481747593
 %usr 4.83 0.00 0.00 0.00 0.00 0.00 0.00 0.00 0.00 37.37 38.00 0.00 0.00 0.00 0.00 0.00 0.00
 %sys 8.65 3.03 2.00 1.00 1.00 2.00 1.00 0.00 1.01 62.63 62.00 1.01 1.01 1.01 1.00 0.00 0.00
 %idle 86.52 96.97 98.00 99.00 99.00 98.00 99.00 100.00 98.99 0.00 0.00 98.99 98.99 98.99 99.00 100.00 100.00
 %time 1481747595
 %usr 4.82 0.00 0.00 0.00 0.00 0.00 0.00 0.00 0.00 39.00 38.38 0.00 0.00 0.00 0.00 0.00 0.00
 %sys 8.71 2.02 2.00 1.01 2.00 0.00 1.00 0.00 0.99 61.00 61.62 1.01 1.01 1.00 1.00 0.00 1.00
 %idle 86.47 97.98 98.00 98.99 98.00 100.00 99.00 100.00 99.01 0.00 0.00 98.99 98.99 99.00 99.00 100.00 99.00
 %time 1481747596
 %usr 4.82 0.00 0.00 0.00 0.00 0.00 0.00 0.00 0.00 38.00 38.00 0.00 0.00 0.00 0.00 0.00 0.00
 %sys 8.96 2.02 2.97 2.00 0.00 1.01 1.98 0.00 1.00 62.00 62.00 2.02 2.00 2.02 0.00 2.00 1.00
 %idle 86.22 97.98 97.03 98.00 100.00 98.99 98.02 100.00 99.00 0.00 0.00 97.98 98.00 97.98 100.00 98.00 99.00
 %time 1481747597
 %usr 4.89 0.00 0.00 0.00 0.00 0.00 0.00 0.00 0.00 38.61 39.60 0.00 0.00 0.00 0.00 0.00 0.00
 %sys 8.58 1.01 1.02 1.01 2.00 0.00 2.00 0.99 1.00 61.39 60.40 0.00 1.00 1.00 0.00 1.00 1.00
 %idle 86.53 98.99 98.98 98.99 98.00 100.00 98.00 99.01 99.00 0.00 0.00 100.00 99.00 99.00 100.00 99.00 99.00
 %time 1481747598
 %usr 4.88 0.00 0.00 0.00 0.00 0.00 0.00 0.00 0.00 38.00 40.00 0.00 0.00 0.00 0.00 0.00 0.00
 %sys 8.76 3.03 1.00 2.00 1.00 2.00 1.00 0.00 1.00 62.00 60.00 2.00 2.97 1.00 0.00 0.00 0.00
 %idle 86.36 96.97 99.00 98.00 99.00 98.00 99.00 100.00 99.00 0.00 0.00 98.00 97.03 99.00 100.00 100.00 100.00
 %time 1481747599
 %usr 5.01 0.00 0.00 0.00 0.00 0.00 0.00 0.00 0.00 39.00 40.59 0.00 0.00 0.00 0.00 0.00 0.00
 %sys 8.46 3.00 1.02 1.01 1.00 0.00 0.00 0.00 0.00 61.00 59.41 2.02 2.02 1.00 0.00 0.00 0.00
 %idle 86.53 97.00 98.98 98.99 99.00 100.00 100.00 100.00 100.00 0.00 0.00 97.98 97.98 99.00 100.00 100.00 100.00
 %time 1481747600
 %usr 4.88 0.00 0.00 0.00 0.00 0.00 0.00 0.00 0.00 38.00 39.00 0.00 0.00 0.00 0.00 0.00 0.00
 %sys 8.70 2.02 3.03 1.01 1.01 0.99 0.00 1.00 1.00 62.00 61.00 1.98 2.00 2.00 0.99 2.00 0.00
 %idle 86.42 97.98 96.97 98.99 98.99 99.01 100.00 99.00 99.00 0.00 0.00 98.02 98.00 98.00 99.01 98.00 100.00
 %time 1481747601
 %usr 4.82 0.00 0.00 0.00 0.00 0.00 0.00 0.00 0.00 38.00 38.38 0.00 0.00 0.00 0.00 0.00 0.00
 %sys 8.77 3.03 3.00 1.01 1.00 0.00 0.00 0.00 0.99 62.00 61.62 2.02 2.00 2.00 0.00 0.00 0.00
 %idle 86.41 96.97 97.00 98.99 99.00 100.00 100.00 100.00 99.01 0.00 0.00 97.98 98.00 98.00 100.00 100.00 100.00
 %time 1481747602
 %usr 4.76 0.00 0.00 0.00 0.00 0.00 0.00 0.00 0.00 37.00 38.00 0.00 0.00 0.00 0.00 0.00 0.00
 %sys 8.89 2.02 3.03 2.00 1.00 1.00 1.00 0.00 0.00 63.00 62.00 2.97 2.00 1.01 1.00 0.99 0.00
 %idle 86.36 97.98 96.97 98.00 99.00 99.00 99.00 100.00 100.00 0.00 0.00 97.03 98.00 98.99 99.00 99.01 100.00
 %time 1481747604
 %usr 4.89 0.00 0.00 0.00 0.00 0.00 0.00 0.00 0.00 39.00 40.00 0.00 0.00 0.00 0.00 0.00 0.00
 %sys 8.65 2.04 4.00 1.01 1.01 0.99 0.00 0.00 1.00 61.00 60.00 2.02 2.00 0.00 0.00 0.00 0.00
 %idle 86.47 97.96 96.00 98.99 98.99 99.01 100.00 100.00 99.00 0.00 0.00 97.98 98.00 100.00 100.00 100.00 100.00
 %time 1481747605
 %usr 4.88 0.00 0.00 0.00 0.00 0.00 0.00 0.00 0.00 38.00 39.00 0.00 0.00 0.00 0.00 0.00 0.00
 %sys 8.70 3.03 3.00 2.00 1.00 1.00 0.00 0.00 0.00 62.00 61.00 2.00 1.01 1.98 2.00 0.00 0.00
 %idle 86.42 96.97 97.00 98.00 99.00 99.00 100.00 100.00 100.00 0.00 0.00 98.00 98.99 98.02 98.00 100.00 100.00
 %time 1481747606
 %usr 4.94 0.00 0.00 0.00 0.00 0.00 0.00 0.00 0.00 39.00 39.00 0.00 0.00 0.00 0.00 0.00 0.00
 %sys 8.63 5.00 3.00 1.00 1.01 0.00 0.00 0.00 1.00 61.00 61.00 2.00 1.00 2.00 1.01 0.00 1.00
 %idle 86.37 95.00 97.00 99.00 98.99 100.00 100.00 100.00 99.00 0.00 0.00 98.00 99.00 98.00 98.99 100.00 99.00
 %time 1481747607
 %usr 4.82 0.00 0.00 0.00 0.00 0.00 0.00 0.00 0.00 37.37 39.00 0.00 0.00 0.00 0.00 0.00 0.00
 %sys 8.65 3.03 3.03 0.00 2.00 0.00 0.99 0.00 0.00 62.63 61.00 1.98 1.01 1.01 1.01 0.00 1.00
 %idle 86.53 96.97 96.97 100.00 98.00 100.00 99.01 100.00 100.00 0.00 0.00 98.02 98.99 98.99 98.99 100.00 99.00
 %time 1481747608
 %usr 4.82 0.00 0.00 0.00 0.00 0.00 0.00 0.00 0.00 38.38 38.61 0.00 0.00 0.00 0.00 0.00 0.00
 %sys 8.70 2.00 1.01 1.00 2.00 0.00 0.00 0.00 1.01 61.62 61.39 2.02 3.03 2.02 0.00 0.00 0.00
 %idle 86.47 98.00 98.99 99.00 98.00 100.00 100.00 100.00 98.99 0.00 0.00 97.98 96.97 97.98 100.00 100.00 100.00
 %time 1481747609
 %usr 5.01 0.00 0.00 0.00 0.00 0.00 0.00 0.00 0.00 40.00 40.00 0.00 0.00 0.00 0.00 0.00 0.00
 %sys 8.52 3.00 1.00 1.00 0.00 0.00 1.00 1.00 1.00 60.00 60.00 3.03 2.02 2.02 0.99 0.00 1.00
 %idle 86.47 97.00 99.00 99.00 100.00 100.00 99.00 99.00 99.00 0.00 0.00 96.97 97.98 97.98 99.01 100.00 99.00
 %time 1481747610
 %usr 4.82 0.00 0.00 0.00 0.00 0.00 0.00 0.00 0.00 38.00 38.61 0.00 0.00 0.00 0.00 0.00 0.00
 %sys 8.71 3.00 1.00 1.01 1.01 1.00 1.00 1.00 0.00 62.00 61.39 1.01 1.00 1.98 2.02 1.00 0.00
 %idle 86.47 97.00 99.00 98.99 98.99 99.00 99.00 99.00 100.00 0.00 0.00 98.99 99.00 98.02 97.98 99.00 100.00
 %time 1481747611
 %usr 4.76 0.00 0.00 0.00 0.00 0.00 0.00 0.00 0.00 37.62 39.00 0.00 0.00 0.00 0.00 0.00 0.00
 %sys 8.90 4.04 2.02 1.00 0.00 0.00 0.00 0.00 0.99 62.38 61.00 2.02 2.97 3.00 0.00 0.00 1.00
 %idle 86.33 95.96 97.98 99.00 100.00 100.00 100.00 100.00 99.01 0.00 0.00 97.98 97.03 97.00 100.00 100.00 99.00
 %time 1481747613
 %usr 4.89 0.00 0.00 0.00 0.00 0.00 0.00 0.00 0.00 38.00 39.60 0.00 0.00 0.00 0.00 0.00 0.00
 %sys 8.66 3.00 2.02 1.01 1.01 0.00 0.00 1.00 1.00 62.00 60.40 1.01 2.02 1.00 1.01 1.00 0.00
 %idle 86.45 97.00 97.98 98.99 98.99 100.00 100.00 99.00 99.00 0.00 0.00 98.99 97.98 99.00 98.99 99.00 100.00
 %time 1481747614
 %usr 4.82 0.00 0.00 0.00 0.00 0.00 0.00 0.00 0.00 39.00 38.00 0.00 0.00 0.00 0.00 0.00 0.00
 %sys 8.83 1.01 1.02 2.00 2.02 1.01 0.99 0.99 1.00 61.00 62.00 1.02 3.00 2.97 0.00 0.00 1.00
 %idle 86.34 98.99 98.98 98.00 97.98 98.99 99.01 99.01 99.00 0.00 0.00 98.98 97.00 97.03 100.00 100.00 99.00
 %time 1481747615
 %usr 4.70 0.00 1.00 0.00 0.00 0.00 0.00 0.00 0.00 37.00 38.00 0.00 0.00 0.00 0.00 0.00 0.00
 %sys 8.78 3.00 2.00 0.00 0.00 0.00 1.00 0.00 0.99 63.00 62.00 2.02 3.00 2.00 1.00 1.01 1.00
 %idle 86.52 97.00 97.00 100.00 100.00 100.00 99.00 100.00 99.01 0.00 0.00 97.98 97.00 98.00 99.00 98.99 99.00
 %time 1481747616
 %usr 4.95 0.00 0.00 0.00 0.00 0.00 0.00 0.00 0.00 37.00 41.00 0.00 0.00 0.00 0.00 0.00 0.00
 %sys 8.27 2.02 2.00 0.00 1.00 0.00 0.00 0.00 0.00 59.00 59.00 2.02 2.02 1.01 1.98 0.00 0.00
 %idle 86.54 97.98 98.00 100.00 99.00 100.00 100.00 100.00 100.00 0.00 0.00 97.98 97.98 98.99 98.02 100.00 100.00
 %time 1481747617
 %usr 4.88 0.00 0.00 0.00 0.00 0.00 0.00 0.00 0.00 39.00 39.00 0.00 0.00 0.00 0.00 0.00 0.00
 %sys 8.64 3.00 1.01 1.00 1.00 0.00 0.99 1.00 0.00 61.00 61.00 2.97 2.02 2.00 1.00 0.00 1.00
 %idle 86.47 97.00 98.99 99.00 99.00 100.00 99.01 99.00 100.00 0.00 0.00 97.03 97.98 98.00 99.00 100.00 99.00
 %time 1481747618
 %usr 4.89 0.00 0.00 0.00 0.00 0.00 0.00 0.00 0.00 38.61 39.00 0.00 0.00 0.00 0.00 0.00 0.00
 %sys 8.65 2.97 1.01 0.00 0.00 1.00 0.00 0.00 1.00 61.39 61.00 3.00 2.02 2.02 2.00 0.00 0.99
 %idle 86.47 97.03 98.99 100.00 100.00 99.00 100.00 100.00 99.00 0.00 0.00 97.00 97.98 97.98 98.00 100.00 99.01
 %time 1481747619
 %usr 4.76 0.00 0.00 0.00 0.00 0.00 0.00 0.00 0.00 38.00 39.00 0.00 0.00 0.00 0.00 0.00 0.00
 %sys 8.65 1.01 2.00 2.02 0.00 0.00 0.99 1.00 0.00 62.00 61.00 2.02 2.02 1.00 0.99 2.00 0.00
 %idle 86.58 98.99 98.00 97.98 100.00 100.00 99.01 99.00 100.00 0.00 0.00 97.98 97.98 99.00 99.01 98.00 100.00
 %time 1481747621
 %usr 4.96 0.00 0.00 0.00 0.00 0.00 0.00 0.00 0.00 40.00 39.00 0.00 0.00 0.00 0.00 0.00 0.00
 %sys 8.67 3.00 2.02 0.00 1.02 1.00 1.00 0.00 0.00 60.00 61.00 1.01 1.00 1.02 0.99 1.01 1.00
 %idle 86.37 97.00 97.98 100.00 98.98 99.00 99.00 100.00 100.00 0.00 0.00 98.99 99.00 98.98 99.01 98.99 99.00
 %time 1481747622
 %usr 8.52 0.00 0.00 0.00 0.00 0.00 0.00 0.00 0.00 94.95 41.00 0.00 0.00 0.00 0.00 0.00 0.00
 %sys 4.51 1.01 1.98 0.00 0.00 1.00 0.00 0.00 0.00 4.04 59.00 1.00 1.00 1.00 0.99 1.00 0.00
 %idle 86.79 98.99 98.02 100.00 100.00 99.00 100.00 100.00 100.00 0.00 0.00 97.00 99.00 99.00 99.01 99.00 100.00
 %time 1481747623
 %usr 11.75 0.00 0.00 0.00 0.00 0.00 0.00 0.00 0.00 100.00 87.00 0.00 0.00 0.99 0.00 0.00 0.00
 %sys 0.94 1.00 0.00 0.00 0.99 0.00 0.00 0.00 0.00 0.00 13.00 0.00 0.00 0.00 0.00 0.00 0.99
 %idle 87.31 99.00 100.00 100.00 99.01 100.00 100.00 100.00 100.00 0.00 0.00 100.00 100.00 99.01 100.00 100.00 99.01
 %time 1481747624
 %usr 12.45 0.00 0.00 0.00 0.00 0.00 0.00 0.00 0.00 100.00 100.00 0.00 0.00 0.00 0.00 0.00 0.00
 %sys 0.06 0.00 0.00 0.00 0.00 0.99 0.00 0.00 0.00 0.00 0.00 0.99 0.00 0.00 0.00 0.00 0.00
 %idle 87.49 100.00 100.00 100.00 100.00 99.01 100.00 100.00 100.00 0.00 0.00 99.01 100.00 100.00 100.00 100.00 100.00
 %time 1481747625
 %usr 12.56 0.00 0.00 0.00 0.00 0.00 0.00 0.00 0.00 100.00 100.00 0.00 0.00 0.00 0.00 0.00 0.00
 %sys 0.00 0.00 0.00 0.00 0.00 0.00 0.00 0.00 0.00 0.00 0.00 0.00 0.00 0.00 0.00 0.00 0.00
 %idle 87.44 100.00 100.00 100.00 100.00 100.00 100.00 100.00 100.00 0.00 0.00 100.00 100.00 100.00 100.00 100.00 100.00
 %time 1481747626
 %usr 12.50 0.00 0.00 0.00 0.00 0.00 0.00 0.00 0.00 100.00 100.00 0.00 0.00 0.00 0.00 0.00 0.00
 %sys 0.06 1.00 0.00 0.00 0.00 0.99 0.00 0.00 0.00 0.00 0.00 0.00 0.00 0.00 0.00 0.00 0.00
 %idle 87.44 99.00 100.00 100.00 100.00 99.01 100.00 100.00 100.00 0.00 0.00 100.00 100.00 100.00 100.00 100.00 100.00
 %time 1481747627
 %usr 12.50 0.00 0.00 0.00 0.00 0.00 0.00 0.00 0.00 100.00 100.00 0.00 0.00 0.00 0.00 0.00 0.00
 %sys 0.00 0.00 0.00 0.00 0.00 0.00 0.00 0.00 0.00 0.00 0.00 0.00 0.00 0.99 0.00 0.00 0.00
 %idle 87.50 100.00 100.00 100.00 100.00 100.00 100.00 100.00 100.00 0.00 0.00 100.00 100.00 99.01 100.00 100.00 100.00
 %time 1481747628
 %usr 12.49 0.00 0.00 0.00 0.00 0.00 0.00 0.00 0.00 100.00 100.00 0.00 0.00 0.00 0.00 0.00 0.00
 %sys 0.06 1.00 0.00 0.00 0.00 0.00 0.00 0.00 0.00 0.00 0.00 0.00 0.00 0.00 0.00 0.00 0.00
 %idle 87.45 99.00 100.00 100.00 100.00 100.00 100.00 100.00 100.00 0.00 0.00 100.00 99.01 100.00 100.00 100.00 100.00
 %time 1481747629
 %usr 12.49 0.00 0.00 0.00 0.00 0.00 0.00 0.00 0.00 100.00 100.00 0.00 0.00 0.00 0.00 0.00 0.00
 %sys 0.06 0.00 0.00 0.00 0.00 0.00 0.00 0.00 0.00 0.00 0.00 0.00 0.00 0.00 0.00 0.00 0.00
 %idle 87.45 100.00 100.00 100.00 100.00 100.00 100.00 100.00 100.00 0.00 0.00 100.00 100.00 100.00 100.00 100.00 100.00
 %time 1481747630
 %usr 12.50 0.00 0.00 0.00 0.00 0.00 0.00 0.00 0.00 100.00 100.00 0.00 0.00 0.00 0.00 0.00 0.00
 %sys 0.06 0.00 0.00 0.00 0.00 0.00 0.00 0.00 0.00 0.00 0.00 0.00 0.00 0.00 0.00 0.00 0.00
 %idle 87.44 100.00 100.00 100.00 100.00 100.00 100.00 100.00 100.00 0.00 0.00 100.00 100.00 100.00 100.00 100.00 100.00
 %time 1481747632
 %usr 12.51 0.00 0.00 0.00 0.00 0.00 0.00 0.00 0.00 100.00 100.00 0.00 0.00 0.00 0.00 0.00 0.00
 %sys 0.00 1.00 0.00 0.00 0.00 0.00 0.00 0.00 0.00 0.00 0.00 0.00 0.00 0.00 0.00 0.00 0.00
 %idle 87.49 99.00 100.00 100.00 100.00 100.00 100.00 100.00 100.00 0.00 0.00 100.00 100.00 100.00 100.00 100.00 100.00
 %time 1481747633
 %usr 12.50 0.00 0.00 0.00 0.00 0.00 0.00 0.00 0.00 100.00 100.00 0.00 0.00 0.00 0.00 0.00 0.00
 %sys 0.06 0.00 0.00 0.00 0.00 0.00 0.00 0.00 0.00 0.00 0.00 0.00 0.00 0.99 0.00 0.00 0.00
 %idle 87.44 100.00 100.00 100.00 100.00 100.00 100.00 100.00 100.00 0.00 0.00 100.00 100.00 99.01 100.00 100.00 100.00
 %time 1481747634
 %usr 12.51 0.00 0.00 0.00 0.00 0.00 0.00 0.00 0.00 100.00 100.00 0.00 0.00 0.00 0.00 0.00 0.00
 %sys 0.00 0.00 0.00 0.00 0.00 0.00 0.00 0.00 0.00 0.00 0.00 0.00 0.00 0.99 0.00 0.00 0.00
 %idle 87.49 100.00 100.00 100.00 100.00 100.00 100.00 100.00 100.00 0.00 0.00 100.00 100.00 99.01 100.00 100.00 100.00
 %time 1481747635
 %usr 12.55 0.00 0.99 0.00 0.00 0.00 0.00 0.00 0.00 100.00 100.00 0.00 0.00 0.00 0.00 0.00 0.00
 %sys 0.00 0.00 0.00 0.00 0.00 0.00 0.00 0.00 0.00 0.00 0.00 0.00 0.00 0.00 0.00 0.00 0.00
 %idle 87.45 100.00 99.01 100.00 100.00 100.00 100.00 100.00 100.00 0.00 0.00 100.00 100.00 100.00 100.00 100.00 100.00
 %time 1481747636
 %usr 12.50 0.00 0.00 0.00 0.00 0.00 0.00 0.00 0.00 100.00 100.00 0.00 0.00 0.00 0.00 0.00 0.00
 %sys 0.00 0.00 0.00 0.00 0.00 0.00 0.00 0.00 0.00 0.00 0.00 0.00 0.00 0.00 0.00 0.00 0.00
 %idle 87.50 100.00 100.00 100.00 100.00 100.00 100.00 100.00 100.00 0.00 0.00 100.00 100.00 100.00 100.00 100.00 100.00
 %time 1481747637
 %usr 12.50 0.00 0.00 0.00 0.00 0.00 0.00 0.00 0.00 100.00 100.00 0.00 0.00 0.00 0.00 0.00 0.00
 %sys 0.06 0.99 0.00 0.00 0.00 0.00 0.00 0.00 0.00 0.00 0.00 0.99 0.00 0.00 0.00 0.00 0.00
 %idle 87.44 99.01 100.00 100.00 100.00 100.00 100.00 100.00 100.00 0.00 0.00 99.01 100.00 100.00 100.00 100.00 100.00
 %time 1481747638
 %usr 12.55 0.00 0.00 0.00 0.00 0.00 0.00 0.00 0.00 100.00 100.00 0.00 0.00 0.00 0.00 0.00 0.00
 %sys 0.06 1.00 0.00 0.00 0.00 0.00 0.00 0.00 0.00 0.00 0.00 0.00 0.00 0.00 0.00 0.00 0.00
 %idle 87.38 99.00 100.00 100.00 100.00 100.00 100.00 100.00 100.00 0.00 0.00 100.00 100.00 100.00 100.00 100.00 100.00
 %time 1481747639
 %usr 12.55 0.00 0.00 0.00 0.00 0.00 0.00 0.00 0.00 100.00 100.00 0.00 0.00 0.00 0.00 0.00 0.00
 %sys 0.06 0.99 0.00 0.00 0.00 0.00 0.00 0.00 0.00 0.00 0.00 0.00 0.00 0.00 0.00 0.00 0.00
 %idle 87.38 99.01 100.00 100.00 100.00 100.00 100.00 100.00 100.00 0.00 0.00 100.00 100.00 100.00 100.00 100.00 100.00
 %time 1481747640
 %usr 12.49 0.00 0.00 0.00 0.00 0.00 0.00 0.00 0.00 100.00 100.00 0.00 0.00 0.00 0.00 0.00 0.00
 %sys 0.06 0.00 0.00 0.00 0.00 0.99 0.00 0.00 0.00 0.00 0.00 0.00 0.00 0.00 0.00 0.00 0.00
 %idle 87.45 100.00 100.00 100.00 100.00 99.01 100.00 100.00 100.00 0.00 0.00 100.00 100.00 100.00 100.00 100.00 100.00
 %time 1481747642
 %usr 12.51 0.00 0.00 0.00 0.00 0.00 0.00 0.00 0.00 100.00 100.00 0.00 0.00 0.00 0.00 0.00 0.00
 %sys 0.00 0.00 0.00 0.00 0.00 0.00 0.00 0.00 0.00 0.00 0.00 0.00 0.00 0.00 0.00 0.00 0.00
 %idle 87.49 100.00 100.00 100.00 100.00 100.00 100.00 100.00 100.00 0.00 0.00 100.00 100.00 100.00 100.00 100.00 100.00
 %time 1481747643
 %usr 12.24 0.00 0.00 0.00 0.00 0.00 0.00 0.00 0.00 97.03 97.98 0.00 0.00 0.00 0.00 0.00 0.00
 %sys 0.12 0.00 0.00 0.00 0.00 0.00 0.00 0.00 0.00 0.99 0.00 0.00 0.00 0.99 0.00 0.00 0.00
 %idle 87.38 100.00 100.00 100.00 100.00 100.00 100.00 100.00 100.00 0.00 0.00 100.00 100.00 99.01 100.00 100.00 100.00
 %time 1481747644
 %usr 0.50 2.00 0.00 0.00 0.00 0.00 0.00 0.00 0.00 2.02 2.02 0.00 0.00 0.00 0.00 0.00 0.00
 %sys 0.19 1.00 0.99 0.00 0.00 0.00 0.00 0.00 0.00 1.01 1.01 0.00 0.00 0.00 0.00 0.00 0.00
 %idle 98.75 97.00 99.01 100.00 98.00 100.00 100.00 100.00 100.00 92.93 93.94 100.00 100.00 100.00 100.00 100.00 100.00
 %time 1481747645
 %usr 0.00 0.00 0.00 0.00 0.00 0.00 0.00 0.00 0.00 0.00 0.00 0.00 0.00 0.00 0.00 0.00 0.00
 %sys 0.25 0.00 0.00 0.00 0.00 0.00 0.00 0.00 0.00 0.99 0.00 0.00 1.00 0.99 0.00 0.99 0.00
 %idle 99.75 100.00 100.00 100.00 100.00 100.00 100.00 100.00 100.00 99.01 100.00 100.00 99.00 99.01 100.00 99.01 100.00
 %time 1481747646
 %usr 0.00 0.00 0.00 0.00 0.00 0.00 0.00 0.00 0.00 0.00 0.00 0.00 0.00 0.00 0.00 0.00 0.00
 %sys 0.06 0.00 0.00 0.00 0.00 0.00 0.00 0.00 0.00 0.00 0.00 0.00 0.00 0.00 0.00 0.00 0.00
 %idle 99.94 100.00 100.00 100.00 100.00 100.00 100.00 100.00 100.00 100.00 100.00 100.00 100.00 100.00 100.00 100.00 100.00
 %time 1481747647
 %usr 0.12 1.98 1.00 0.00 0.00 0.00 0.00 0.00 0.00 0.00 0.00 0.00 0.00 0.00 0.00 0.00 0.00
 %sys 0.12 0.99 0.00 0.00 0.00 0.00 0.00 0.00 0.00 0.00 0.00 0.99 0.00 0.00 0.00 0.00 0.00
 %idle 99.50 97.03 99.00 100.00 97.00 100.00 100.00 100.00 100.00 100.00 100.00 99.01 100.00 100.00 100.00 100.00 100.00
 %time 1481747648
 %usr 3.32 10.20 14.00 7.92 0.99 0.00 0.00 0.00 0.00 8.08 13.13 0.00 0.99 0.00 0.00 0.00 0.00
 %sys 3.32 2.04 23.00 2.97 0.99 0.00 0.00 0.00 0.99 3.03 17.17 3.00 0.00 0.00 0.00 0.00 1.00
 %idle 91.91 87.76 60.00 89.11 85.15 100.00 100.00 100.00 99.01 85.86 66.67 97.00 99.01 100.00 100.00 100.00 99.00
