 %time 1483661265
 %usr 0.00 0.00 0.00 0.00 0.00 0.00 0.00 0.00 0.00 0.00 0.00 0.00 0.00 0.00 0.00 0.00 0.00
 %sys 0.06 0.00 0.00 0.00 0.00 0.00 0.00 0.00 0.00 0.00 0.00 0.00 0.00 0.00 0.00 0.00 0.00
 %idle 99.94 100.00 100.00 100.00 100.00 100.00 100.00 100.00 100.00 100.00 100.00 100.00 100.00 100.00 100.00 100.00 100.00
 %time 1483661266
 %usr 0.00 0.00 0.00 0.00 0.00 0.00 0.00 0.00 0.00 0.00 0.00 0.00 0.00 0.00 0.00 0.00 0.00
 %sys 0.06 0.00 0.00 0.00 0.00 0.00 0.00 0.00 0.00 0.00 0.00 0.00 0.00 0.00 0.00 0.00 0.00
 %idle 99.94 100.00 100.00 100.00 100.00 100.00 100.00 100.00 100.00 100.00 100.00 100.00 100.00 100.00 100.00 100.00 100.00
 %time 1483661267
 %usr 0.00 0.00 0.00 0.00 0.00 0.00 0.00 0.00 0.00 0.00 0.00 0.00 0.00 0.00 0.00 0.00 0.00
 %sys 0.06 0.00 0.00 0.99 0.00 0.00 0.00 0.00 0.00 0.00 0.00 0.00 0.00 0.00 0.00 0.00 0.00
 %idle 99.94 100.00 100.00 99.01 100.00 100.00 100.00 100.00 100.00 100.00 100.00 100.00 100.00 100.00 100.00 100.00 100.00
 %time 1483661268
 %usr 0.00 0.00 0.00 0.00 0.00 0.00 0.00 0.00 0.00 0.00 0.00 0.00 0.00 0.00 0.00 0.00 0.00
 %sys 0.06 1.00 0.00 0.00 0.00 0.00 0.00 0.00 0.00 0.00 0.00 0.00 0.00 0.00 0.00 0.00 0.00
 %idle 99.75 99.00 100.00 100.00 97.03 100.00 100.00 100.00 100.00 100.00 100.00 100.00 100.00 100.00 100.00 100.00 100.00
 %time 1483661269
 %usr 0.00 0.00 0.00 0.00 0.00 0.00 0.00 0.00 0.00 0.00 0.00 0.00 0.00 0.00 0.00 0.00 0.00
 %sys 0.00 0.00 0.00 0.00 0.00 0.00 0.00 0.00 0.00 0.00 0.00 0.00 0.00 0.00 0.00 0.00 0.00
 %idle 99.81 100.00 100.00 100.00 100.00 100.00 100.00 100.00 100.00 98.00 100.00 100.00 100.00 100.00 100.00 100.00 100.00
 %time 1483661270
 %usr 0.00 0.00 0.00 0.00 0.00 0.00 0.00 0.00 0.00 0.00 0.00 0.00 0.00 0.00 0.00 0.00 0.00
 %sys 0.00 0.00 0.00 0.00 0.00 0.00 0.00 0.00 0.00 0.00 0.00 0.00 0.00 0.00 0.00 0.00 0.00
 %idle 100.00 100.00 100.00 100.00 100.00 100.00 100.00 100.00 100.00 100.00 100.00 100.00 100.00 100.00 100.00 100.00 100.00
 %time 1483661271
 %usr 1.38 9.09 5.00 1.00 0.00 0.00 0.00 0.00 0.00 6.93 0.99 0.00 0.00 0.00 0.00 0.00 0.00
 %sys 0.31 0.00 3.00 0.00 0.00 0.00 0.00 0.00 0.00 0.99 1.98 0.00 0.00 0.99 0.00 0.99 0.00
 %idle 96.19 90.91 91.00 99.00 95.00 100.00 100.00 100.00 100.00 64.36 96.04 100.00 100.00 99.01 100.00 99.01 100.00
 %time 1483661273
 %usr 0.25 0.00 0.00 0.00 1.02 0.00 0.00 0.00 0.00 1.00 0.00 0.00 0.00 0.00 0.00 0.00 0.00
 %sys 0.38 1.00 0.00 0.00 2.04 0.00 0.00 0.00 0.00 3.00 0.00 0.00 0.00 0.00 0.00 0.00 0.00
 %idle 93.43 75.00 100.00 100.00 26.53 100.00 100.00 100.00 100.00 96.00 100.00 99.00 100.00 100.00 100.00 100.00 100.00
 %time 1483661274
 %usr 0.00 0.00 0.00 0.00 0.00 0.00 0.00 0.00 0.00 0.00 0.00 0.00 0.00 0.00 0.00 0.00 0.00
 %sys 0.12 0.99 0.00 0.00 0.00 0.00 0.00 0.00 0.00 0.99 0.00 0.99 0.00 0.00 0.00 0.00 0.00
 %idle 99.81 99.01 100.00 100.00 100.00 100.00 100.00 100.00 100.00 99.01 100.00 99.01 100.00 100.00 100.00 100.00 100.00
 %time 1483661275
 %usr 3.64 0.00 0.00 0.00 0.00 0.00 0.00 0.00 0.00 24.24 34.69 0.00 0.00 0.00 0.00 0.00 0.00
 %sys 1.94 1.01 1.00 1.01 0.00 0.00 0.00 0.00 0.99 13.13 12.24 0.00 0.00 0.00 0.00 0.00 2.00
 %idle 89.90 98.99 99.00 98.99 100.00 100.00 100.00 100.00 99.01 19.19 23.47 100.00 100.00 100.00 100.00 100.00 98.00
 %time 1483661276
 %usr 0.75 0.00 0.00 0.00 0.00 0.00 0.00 0.00 0.00 5.94 6.86 0.00 0.00 0.00 0.00 0.00 0.00
 %sys 0.87 0.00 1.00 0.00 0.00 0.99 0.00 0.00 0.00 4.95 5.88 0.00 0.00 0.00 0.99 0.00 0.00
 %idle 87.20 100.00 99.00 100.00 100.00 99.01 100.00 100.00 100.00 0.00 0.00 100.00 100.00 100.00 99.01 100.00 100.00
 %time 1483661277
 %usr 0.75 0.00 0.00 0.00 0.00 0.00 0.00 0.00 0.00 4.04 7.07 0.00 0.00 0.00 0.00 0.00 0.00
 %sys 0.81 0.00 0.00 1.00 0.00 0.99 0.00 0.00 0.00 4.04 6.06 0.00 0.00 0.00 0.00 0.00 0.00
 %idle 87.05 100.00 100.00 99.00 95.05 99.01 100.00 100.00 100.00 0.00 0.00 100.00 100.00 100.00 100.00 100.00 100.00
 %time 1483661278
 %usr 0.69 0.00 0.00 0.00 0.00 0.00 0.00 0.00 0.00 6.00 6.00 0.00 0.00 0.00 0.00 0.00 0.00
 %sys 0.81 0.00 0.00 0.00 0.00 0.99 0.00 0.00 0.00 4.00 5.00 0.00 0.00 0.00 0.00 0.00 1.00
 %idle 87.31 100.00 100.00 100.00 100.00 99.01 100.00 100.00 100.00 0.00 0.00 100.00 100.00 100.00 100.00 100.00 99.00
 %time 1483661279
 %usr 0.81 0.00 0.00 0.00 0.00 0.00 0.00 0.00 0.00 5.00 8.00 0.00 0.00 0.00 0.00 0.00 0.00
 %sys 0.88 1.01 0.00 0.00 0.00 0.00 0.00 0.00 0.00 4.00 6.00 0.00 0.00 0.00 0.99 0.00 0.00
 %idle 87.30 98.99 100.00 100.00 100.00 100.00 100.00 100.00 100.00 0.00 0.00 100.00 100.00 100.00 99.01 100.00 100.00
 %time 1483661280
 %usr 1.00 0.00 0.00 0.00 0.00 0.00 0.00 0.00 0.00 8.00 7.92 0.00 0.00 0.00 0.00 0.00 0.00
 %sys 0.88 0.00 0.99 0.00 0.00 0.00 0.00 0.00 0.00 6.00 5.94 1.00 0.99 0.00 0.99 0.00 1.00
 %idle 87.37 100.00 99.01 100.00 100.00 100.00 100.00 100.00 100.00 0.00 0.00 99.00 99.01 100.00 99.01 100.00 99.00
 %time 1483661281
 %usr 0.44 0.00 0.00 0.00 0.00 0.00 0.00 0.00 0.00 3.00 4.00 0.00 0.00 0.00 0.00 0.00 0.00
 %sys 0.44 0.00 1.00 0.00 0.00 0.00 0.00 0.00 0.00 2.00 3.00 1.00 0.00 0.99 0.00 0.00 0.00
 %idle 87.38 100.00 99.00 100.00 100.00 100.00 100.00 100.00 100.00 0.00 0.00 99.00 100.00 99.01 100.00 100.00 100.00
 %time 1483661283
 %usr 0.94 0.00 0.00 0.00 0.00 0.00 0.00 0.00 0.00 6.06 8.91 0.00 0.00 0.00 0.00 0.00 0.00
 %sys 0.88 1.00 0.00 1.00 0.00 0.00 0.00 0.00 0.00 5.05 5.94 0.00 0.99 0.00 0.00 0.00 0.00
 %idle 87.30 99.00 100.00 99.00 100.00 100.00 100.00 100.00 100.00 0.00 0.00 100.00 99.01 100.00 100.00 100.00 100.00
 %time 1483661284
 %usr 0.88 0.00 0.00 0.00 0.00 0.00 0.00 0.00 0.00 5.00 9.00 0.00 0.00 0.00 0.00 0.00 0.00
 %sys 0.94 0.00 0.00 0.00 0.00 0.00 0.00 0.00 0.00 4.00 7.00 1.00 0.99 0.00 1.00 0.00 0.99
 %idle 87.25 100.00 100.00 100.00 100.00 100.00 100.00 100.00 100.00 0.00 0.00 99.00 99.01 100.00 99.00 100.00 99.01
 %time 1483661285
 %usr 0.94 0.00 0.00 0.00 0.00 0.00 0.00 0.00 0.00 5.00 10.00 0.00 0.00 0.00 0.00 0.00 0.00
 %sys 0.81 0.00 0.00 1.00 0.99 0.00 0.00 0.00 0.00 4.00 6.00 0.00 0.99 0.00 1.00 0.00 0.00
 %idle 87.31 100.00 100.00 99.00 99.01 100.00 100.00 100.00 100.00 0.00 0.00 100.00 99.01 100.00 99.00 100.00 100.00
 %time 1483661286
 %usr 1.00 0.00 0.00 0.00 0.00 0.00 0.00 0.00 0.00 5.00 11.00 0.00 0.00 0.00 0.00 0.00 0.00
 %sys 1.00 0.00 1.00 0.00 0.00 0.00 0.00 0.00 0.00 4.00 8.00 0.00 1.00 0.00 0.00 0.00 0.00
 %idle 87.25 100.00 99.00 100.00 100.00 100.00 100.00 100.00 100.00 0.00 0.00 100.00 99.00 100.00 100.00 100.00 100.00
 %time 1483661287
 %usr 0.81 0.00 0.00 0.00 0.00 0.00 0.00 0.00 0.00 6.00 6.93 0.00 0.00 0.00 0.00 0.00 0.00
 %sys 0.81 0.00 0.99 0.00 0.00 0.00 0.00 0.00 0.00 4.00 4.95 0.99 0.00 0.00 0.99 0.00 0.99
 %idle 87.26 100.00 99.01 100.00 100.00 100.00 100.00 100.00 100.00 0.00 0.00 99.01 100.00 100.00 99.01 100.00 99.01
 %time 1483661288
 %usr 0.69 0.00 0.00 0.00 0.00 0.00 0.00 0.00 0.00 3.00 7.07 0.00 0.00 0.00 0.00 0.00 0.00
 %sys 0.69 0.00 0.00 1.00 0.00 0.00 0.00 0.00 0.00 3.00 5.05 0.00 1.00 0.00 0.99 0.00 0.00
 %idle 87.31 100.00 100.00 99.00 100.00 100.00 100.00 100.00 100.00 0.00 0.00 100.00 99.00 100.00 99.01 100.00 100.00
 %time 1483661289
 %usr 0.94 0.00 0.00 0.00 0.00 0.00 0.00 0.00 0.00 5.00 10.10 0.00 0.00 0.00 0.00 0.00 0.00
 %sys 0.81 1.00 0.00 0.00 1.00 0.00 0.00 0.00 0.00 3.00 7.07 0.00 0.00 0.00 0.00 0.00 0.00
 %idle 87.31 99.00 100.00 100.00 99.00 100.00 100.00 100.00 100.00 0.00 0.00 100.00 100.00 100.00 100.00 100.00 100.00
 %time 1483661290
 %usr 0.69 0.00 0.00 0.00 0.00 0.00 0.00 0.00 0.00 3.03 8.00 0.00 0.00 0.00 0.00 0.00 0.00
 %sys 0.69 0.00 0.99 1.00 0.00 0.00 0.00 0.00 0.00 2.02 5.00 0.00 0.00 0.00 1.00 0.00 0.00
 %idle 87.38 100.00 99.01 99.00 100.00 100.00 100.00 100.00 100.00 0.00 0.00 100.00 100.00 100.00 99.00 100.00 100.00
 %time 1483661292
 %usr 0.88 0.00 0.00 0.00 0.00 0.00 0.00 0.00 0.00 5.00 8.16 0.00 0.00 0.00 0.00 0.00 0.00
 %sys 0.81 0.00 1.00 1.00 0.00 0.00 0.00 0.00 0.00 4.00 5.10 0.00 0.00 0.00 0.00 0.00 0.00
 %idle 87.30 100.00 99.00 99.00 100.00 100.00 100.00 100.00 100.00 0.00 0.00 100.00 100.00 100.00 100.00 100.00 100.00
 %time 1483661293
 %usr 1.19 0.00 0.00 0.00 0.00 0.00 0.00 0.00 0.00 12.75 6.06 0.00 0.00 0.00 0.00 0.00 0.00
 %sys 1.19 1.00 1.01 0.00 0.00 0.00 0.00 0.00 0.00 10.78 3.03 0.00 0.00 0.00 0.00 0.00 1.00
 %idle 87.14 99.00 98.99 100.00 100.00 100.00 100.00 100.00 100.00 0.00 0.00 100.00 100.00 100.00 100.00 100.00 99.00
 %time 1483661294
 %usr 0.87 0.00 0.00 0.00 0.00 0.00 0.00 0.00 0.00 11.88 1.98 0.00 0.00 0.00 0.00 0.00 1.00
 %sys 1.00 1.00 0.00 0.99 1.00 1.00 0.00 0.00 0.00 8.91 2.97 0.00 0.99 0.00 1.00 0.00 0.00
 %idle 87.13 99.00 100.00 99.01 99.00 99.00 100.00 100.00 100.00 0.00 0.00 100.00 99.01 100.00 99.00 100.00 99.00
 %time 1483661295
 %usr 0.69 0.00 0.00 0.00 0.00 0.00 0.00 0.00 0.00 6.06 4.00 0.00 0.00 0.00 0.00 0.00 0.00
 %sys 0.63 1.00 0.99 0.00 0.00 0.00 0.00 0.00 0.00 5.05 3.00 0.99 0.99 0.00 0.00 0.00 0.00
 %idle 87.37 99.00 99.01 100.00 100.00 100.00 100.00 100.00 100.00 0.00 0.00 99.01 99.01 100.00 100.00 100.00 100.00
 %time 1483661296
 %usr 1.06 0.00 0.00 0.00 0.00 0.00 0.00 0.00 0.00 13.13 3.96 0.00 0.00 0.00 0.00 0.00 0.00
 %sys 0.94 0.00 0.00 0.00 1.00 0.00 0.00 0.00 0.00 9.09 2.97 0.00 1.00 0.00 0.00 0.00 1.00
 %idle 87.25 100.00 100.00 100.00 99.00 100.00 100.00 100.00 100.00 0.00 0.00 100.00 99.00 100.00 100.00 100.00 99.00
 %time 1483661297
 %usr 0.62 0.00 0.00 0.00 0.00 0.00 0.00 0.00 0.00 6.06 3.00 0.00 0.00 0.00 0.00 0.00 0.00
 %sys 0.69 0.00 0.00 0.00 0.00 0.00 0.00 0.00 0.00 4.04 3.00 1.00 0.99 0.00 0.00 0.00 0.00
 %idle 87.26 100.00 100.00 100.00 100.00 100.00 100.00 100.00 100.00 0.00 0.00 99.00 99.01 100.00 100.00 100.00 100.00
 %time 1483661298
 %usr 0.88 0.00 0.00 0.00 0.00 0.00 0.00 0.00 0.00 7.00 7.07 0.00 0.00 0.00 0.00 0.00 0.00
 %sys 0.94 1.00 1.00 0.99 0.99 0.00 0.00 0.00 0.99 5.00 5.05 0.99 0.99 0.00 0.99 0.00 0.00
 %idle 87.25 99.00 99.00 99.01 99.01 100.00 100.00 100.00 99.01 0.00 0.00 99.01 99.01 100.00 99.01 100.00 100.00
 %time 1483661299
 %usr 0.94 0.00 0.00 0.00 0.00 0.00 0.00 0.00 0.00 9.00 5.05 0.00 0.00 0.00 0.00 0.00 0.00
 %sys 0.94 1.00 1.00 1.00 0.00 0.00 0.00 0.00 0.00 8.00 4.04 0.00 0.00 0.00 0.00 0.00 0.00
 %idle 87.30 99.00 99.00 99.00 100.00 100.00 100.00 100.00 100.00 0.00 0.00 100.00 100.00 100.00 100.00 100.00 100.00
 %time 1483661301
 %usr 0.69 0.00 0.00 0.00 0.00 0.00 0.00 0.00 0.00 6.06 5.00 0.00 0.00 0.00 0.00 0.00 0.00
 %sys 0.81 0.99 1.00 0.99 1.00 0.00 0.00 0.00 0.00 4.04 5.00 0.99 0.00 0.00 0.00 0.00 0.00
 %idle 87.30 99.01 99.00 99.01 99.00 100.00 100.00 100.00 100.00 0.00 0.00 99.01 100.00 100.00 100.00 100.00 100.00
 %time 1483661302
 %usr 0.81 0.00 0.00 0.00 0.00 0.00 0.00 0.00 0.00 5.00 7.07 0.00 0.00 0.00 0.00 0.00 0.00
 %sys 0.75 0.00 0.00 0.00 0.00 0.00 0.00 0.00 0.00 4.00 5.05 0.00 0.00 0.00 0.00 0.00 0.99
 %idle 87.32 100.00 100.00 100.00 100.00 100.00 100.00 100.00 100.00 0.00 0.00 100.00 100.00 100.00 100.00 100.00 99.01
 %time 1483661303
 %usr 0.87 0.00 0.00 0.00 0.00 0.00 0.00 0.00 0.00 5.94 8.00 0.00 0.00 0.00 0.00 0.00 0.00
 %sys 0.94 0.00 0.00 0.00 0.00 0.00 0.00 0.00 0.00 5.94 5.00 1.00 0.99 0.00 0.00 0.00 0.00
 %idle 87.20 100.00 100.00 100.00 100.00 100.00 100.00 100.00 100.00 0.00 0.00 99.00 99.01 100.00 100.00 100.00 100.00
 %time 1483661304
 %usr 0.63 0.00 0.00 0.00 0.00 0.00 0.00 0.00 0.00 4.95 4.95 0.00 0.00 0.00 0.00 0.00 0.00
 %sys 0.69 0.00 0.00 0.00 1.00 0.00 0.00 0.00 0.00 4.95 4.95 1.00 0.00 0.00 0.99 0.00 0.00
 %idle 87.37 100.00 100.00 100.00 99.00 100.00 100.00 100.00 100.00 0.00 0.00 99.00 100.00 100.00 99.01 100.00 100.00
 %time 1483661305
 %usr 0.94 0.00 0.00 0.00 0.00 0.00 0.00 0.00 0.00 8.08 7.00 0.00 0.00 0.00 0.00 0.00 0.00
 %sys 0.81 1.00 0.00 0.00 0.99 0.00 0.99 0.00 1.00 5.05 4.00 0.99 0.00 0.00 0.00 0.00 1.00
 %idle 87.30 99.00 100.00 100.00 99.01 100.00 99.01 100.00 99.00 0.00 0.00 99.01 100.00 100.00 100.00 100.00 99.00
 %time 1483661306
 %usr 0.88 0.00 0.00 0.00 0.00 0.00 0.00 0.00 0.00 9.09 5.00 0.00 0.00 0.00 0.00 0.00 0.00
 %sys 0.75 0.00 0.00 1.00 0.00 0.00 0.00 0.00 0.00 5.05 4.00 0.00 0.00 0.00 0.00 0.00 0.00
 %idle 87.37 100.00 100.00 99.00 100.00 100.00 100.00 100.00 100.00 0.00 0.00 100.00 100.00 100.00 100.00 100.00 100.00
 %time 1483661307
 %usr 0.56 0.00 0.00 0.00 0.00 0.00 0.00 0.00 0.00 6.00 3.96 0.00 0.00 0.00 0.00 0.00 0.00
 %sys 0.56 0.00 0.00 0.00 0.00 0.00 0.00 0.00 0.00 4.00 2.97 1.00 0.00 0.00 0.00 0.00 0.00
 %idle 87.37 100.00 100.00 100.00 100.00 100.00 100.00 100.00 100.00 0.00 0.00 99.00 100.00 100.00 100.00 100.00 100.00
 %time 1483661308
 %usr 0.63 0.00 0.00 0.00 0.00 0.00 0.00 0.00 0.00 6.06 3.96 0.00 0.00 0.00 0.00 0.00 0.00
 %sys 0.63 1.00 0.00 0.00 0.00 0.00 0.00 0.00 0.00 4.04 3.96 0.00 0.00 0.00 0.00 0.00 0.99
 %idle 87.36 99.00 100.00 100.00 100.00 100.00 100.00 100.00 100.00 0.00 0.00 100.00 100.00 100.00 100.00 100.00 99.01
 %time 1483661310
 %usr 0.81 0.00 0.00 0.00 0.00 0.00 0.00 0.00 0.00 6.00 7.00 0.00 0.00 0.00 0.00 0.00 0.00
 %sys 0.87 0.00 0.99 0.00 1.00 0.00 0.00 0.00 0.00 5.00 6.00 0.00 0.00 0.00 0.00 0.00 0.00
 %idle 87.26 100.00 99.01 100.00 99.00 100.00 100.00 100.00 100.00 0.00 0.00 100.00 100.00 100.00 100.00 100.00 100.00
 %time 1483661311
 %usr 1.13 0.00 0.00 0.00 0.00 0.00 0.00 0.00 0.00 10.00 8.00 0.00 0.00 0.00 0.00 0.00 0.00
 %sys 1.25 0.00 1.00 1.00 0.00 0.99 0.00 0.00 0.00 7.00 6.00 0.00 1.00 0.99 0.00 0.00 1.00
 %idle 87.05 100.00 99.00 99.00 100.00 99.01 100.00 100.00 100.00 0.00 0.00 100.00 99.00 99.01 100.00 100.00 99.00
 %time 1483661312
 %usr 0.75 0.00 0.00 0.00 0.00 0.00 0.00 0.00 0.00 6.93 5.00 0.00 0.00 0.00 0.00 0.00 0.00
 %sys 0.69 0.00 1.00 1.00 0.99 0.00 0.99 0.00 0.00 3.96 4.00 0.00 0.00 0.00 0.00 0.99 0.00
 %idle 87.31 100.00 99.00 99.00 99.01 100.00 99.01 100.00 100.00 0.00 0.00 100.00 100.00 100.00 100.00 99.01 100.00
 %time 1483661313
 %usr 1.19 0.00 0.00 0.00 0.00 0.00 0.00 0.00 0.00 9.09 10.00 0.00 0.00 0.00 0.00 0.00 0.00
 %sys 1.13 0.00 1.01 0.00 0.00 0.00 0.00 0.00 0.00 6.06 7.00 1.00 0.00 0.00 0.00 0.00 1.00
 %idle 87.23 100.00 98.99 100.00 100.00 100.00 100.00 100.00 100.00 0.00 0.00 99.00 100.00 100.00 100.00 100.00 99.00
 %time 1483661314
 %usr 0.94 0.00 0.00 0.00 0.00 0.00 0.00 0.00 0.00 6.93 8.08 0.00 0.00 0.00 0.00 0.00 0.00
 %sys 0.88 1.00 0.00 1.00 0.00 0.00 0.00 0.00 0.00 4.95 6.06 1.00 0.99 0.00 0.00 0.00 0.00
 %idle 87.30 99.00 100.00 99.00 100.00 100.00 100.00 100.00 100.00 0.00 0.00 99.00 99.01 100.00 100.00 100.00 100.00
 %time 1483661315
 %usr 1.06 0.00 0.00 0.00 0.00 0.00 0.00 0.00 0.00 8.00 9.09 0.00 0.00 0.00 0.00 0.00 0.00
 %sys 1.06 0.99 0.00 1.00 0.99 0.00 0.00 1.00 0.00 7.00 5.05 0.00 0.00 0.00 0.00 0.00 0.00
 %idle 87.25 99.01 100.00 99.00 99.01 100.00 100.00 99.00 100.00 0.00 0.00 100.00 100.00 100.00 100.00 100.00 100.00
 %time 1483661316
 %usr 0.63 0.00 0.00 0.00 0.00 0.00 0.00 0.00 0.00 5.94 5.00 0.00 0.00 0.00 0.00 0.00 0.00
 %sys 0.69 0.00 0.00 1.00 0.00 0.00 0.00 0.99 0.00 4.95 4.00 0.00 0.00 0.00 0.00 0.00 0.99
 %idle 87.37 100.00 100.00 99.00 100.00 100.00 100.00 99.01 100.00 0.00 0.00 100.00 100.00 100.00 100.00 100.00 99.01
 %time 1483661317
 %usr 0.94 0.00 0.00 0.00 0.00 0.00 0.00 0.00 0.00 5.00 10.00 0.00 0.00 0.00 0.00 0.00 0.00
 %sys 0.94 0.00 0.00 0.00 1.00 0.00 0.00 0.00 0.00 5.00 7.00 0.99 0.00 0.00 0.00 0.00 0.00
 %idle 87.25 100.00 100.00 100.00 99.00 100.00 100.00 100.00 100.00 0.00 0.00 99.01 100.00 100.00 100.00 100.00 100.00
 %time 1483661319
 %usr 1.00 0.00 0.00 0.00 0.00 0.00 0.00 0.00 0.00 6.93 8.91 0.00 0.00 0.00 0.00 0.00 0.00
 %sys 1.00 1.00 1.00 0.00 0.00 0.00 0.00 0.00 0.00 5.94 7.92 0.00 0.00 0.00 0.99 0.00 0.00
 %idle 87.30 99.00 99.00 100.00 100.00 100.00 100.00 100.00 100.00 0.00 0.00 100.00 100.00 100.00 99.01 100.00 100.00
 %time 1483661320
 %usr 0.88 0.00 0.00 0.00 0.00 0.00 0.00 0.00 0.00 7.00 7.00 0.00 0.00 0.00 0.00 0.00 0.00
 %sys 0.69 0.00 0.00 0.99 0.00 0.00 0.00 0.00 0.00 5.00 4.00 0.00 0.99 0.00 0.00 0.00 0.00
 %idle 87.37 100.00 100.00 99.01 100.00 100.00 100.00 100.00 100.00 0.00 0.00 100.00 99.01 100.00 100.00 100.00 100.00
 %time 1483661321
 %usr 1.12 0.00 0.00 0.00 0.00 0.00 0.00 0.00 0.00 9.09 8.00 0.00 0.00 0.00 0.00 0.00 0.00
 %sys 1.00 1.00 1.01 0.99 0.99 0.00 0.00 0.00 0.00 6.06 6.00 0.00 0.00 1.00 0.00 0.00 0.00
 %idle 87.25 99.00 98.99 99.01 99.01 100.00 100.00 100.00 100.00 0.00 0.00 100.00 100.00 99.00 100.00 100.00 100.00
 %time 1483661322
 %usr 0.94 0.00 0.00 0.00 0.00 0.00 0.00 0.00 0.00 7.00 7.00 0.00 0.00 0.00 0.00 0.00 0.00
 %sys 0.81 0.99 1.00 0.00 1.00 0.00 0.00 0.00 0.00 6.00 4.00 0.99 0.99 0.00 0.99 0.00 0.99
 %idle 87.31 99.01 99.00 100.00 99.00 100.00 100.00 100.00 100.00 0.00 0.00 99.01 99.01 100.00 99.01 100.00 99.01
 %time 1483661323
 %usr 0.62 0.00 0.00 0.00 0.00 0.00 0.00 0.00 0.00 6.00 4.04 0.00 0.00 0.00 0.00 0.00 0.00
 %sys 0.56 0.99 0.00 0.00 0.00 0.00 0.00 0.00 0.00 4.00 3.03 0.99 0.00 0.00 0.00 0.00 0.00
 %idle 87.38 99.01 100.00 100.00 100.00 100.00 100.00 100.00 100.00 0.00 0.00 99.01 100.00 100.00 100.00 100.00 100.00
 %time 1483661324
 %usr 0.62 0.00 0.00 0.00 0.00 0.00 0.00 0.00 0.00 4.00 6.93 0.00 0.00 0.00 0.00 0.00 0.00
 %sys 0.75 1.00 0.00 0.00 0.99 0.00 0.00 0.99 0.00 3.00 4.95 0.00 0.00 0.00 0.00 0.00 0.00
 %idle 87.31 99.00 100.00 100.00 99.01 100.00 100.00 99.01 100.00 0.00 0.99 100.00 100.00 100.00 100.00 100.00 100.00
 %time 1483661325
 %usr 0.75 0.00 0.00 0.00 0.00 0.00 0.00 0.00 0.00 7.00 5.05 0.00 0.00 0.00 0.00 0.00 0.00
 %sys 0.81 0.00 0.00 0.99 0.00 0.00 0.00 0.00 0.00 5.00 4.04 1.00 0.99 0.99 0.00 0.00 0.99
 %idle 87.30 100.00 100.00 99.01 100.00 100.00 100.00 100.00 100.00 0.00 0.00 99.00 99.01 99.01 100.00 100.00 99.01
 %time 1483661326
 %usr 1.00 0.00 0.00 0.00 0.00 0.00 0.00 0.00 0.00 8.00 7.92 0.00 0.00 0.00 0.00 0.00 0.00
 %sys 0.81 1.00 0.00 0.00 0.00 0.00 0.00 0.00 0.00 6.00 4.95 0.00 0.00 0.00 0.00 0.00 0.00
 %idle 87.31 99.00 100.00 100.00 100.00 100.00 100.00 100.00 100.00 0.00 0.00 100.00 100.00 100.00 100.00 100.00 100.00
 %time 1483661327
 %usr 0.75 0.00 0.00 0.00 0.00 0.00 0.00 0.00 0.00 8.00 4.04 0.00 0.00 0.00 0.00 0.00 0.00
 %sys 0.75 1.00 0.99 0.00 0.00 0.00 0.00 0.00 0.00 5.00 3.03 0.00 0.00 0.00 0.00 0.00 0.00
 %idle 87.26 99.00 99.01 100.00 100.00 100.00 100.00 100.00 100.00 0.00 0.00 100.00 100.00 100.00 100.00 100.00 100.00
 %time 1483661329
 %usr 1.00 0.00 0.00 0.00 0.00 0.00 0.00 0.00 0.00 6.86 9.00 0.00 0.00 0.00 0.00 0.00 0.00
 %sys 1.06 1.98 0.00 0.00 0.00 1.00 0.00 0.00 0.00 5.88 7.00 0.00 0.00 0.00 0.00 0.00 1.00
 %idle 87.19 98.02 100.00 100.00 100.00 99.00 100.00 100.00 100.00 0.00 0.00 100.00 100.00 100.00 100.00 100.00 99.00
 %time 1483661330
 %usr 0.94 0.00 0.00 0.00 0.00 0.00 0.00 0.00 0.00 6.93 8.08 0.00 0.00 0.00 0.00 0.00 0.00
 %sys 0.94 1.01 0.99 1.00 0.00 0.99 0.00 0.00 0.00 4.95 6.06 0.00 0.00 0.99 0.00 0.00 0.00
 %idle 87.20 98.99 99.01 99.00 100.00 99.01 100.00 100.00 100.00 0.00 0.00 100.00 100.00 99.01 100.00 100.00 100.00
 %time 1483661331
 %usr 0.81 0.00 0.00 0.00 0.00 0.00 0.00 0.00 0.00 3.03 9.09 0.00 0.00 0.00 0.00 0.00 0.00
 %sys 0.75 0.99 0.00 0.99 0.00 1.00 0.99 0.00 0.00 2.02 7.07 0.00 0.00 0.00 0.00 0.00 0.00
 %idle 87.36 99.01 100.00 99.01 100.00 99.00 99.01 100.00 100.00 0.00 0.00 100.00 100.00 100.00 100.00 100.00 100.00
 %time 1483661332
 %usr 0.94 0.00 0.00 0.00 0.00 0.00 0.00 0.00 0.00 8.00 7.00 0.00 0.00 0.00 0.00 0.00 0.00
 %sys 0.94 0.00 0.99 1.98 0.00 0.00 0.00 0.99 0.00 7.00 4.00 0.00 0.00 0.00 0.99 0.99 0.99
 %idle 87.20 100.00 99.01 98.02 100.00 100.00 100.00 99.01 100.00 0.00 0.00 100.00 100.00 100.00 99.01 99.01 99.01
 %time 1483661333
 %usr 0.75 0.00 0.00 0.00 0.00 0.00 0.00 0.00 0.00 7.00 4.95 0.00 0.00 0.00 0.00 0.00 0.00
 %sys 0.81 0.00 0.00 2.00 0.00 0.00 0.00 0.00 0.00 5.00 4.95 0.00 0.00 0.00 0.00 0.00 0.00
 %idle 87.25 100.00 100.00 98.00 100.00 100.00 100.00 100.00 100.00 0.00 0.00 100.00 100.00 100.00 100.00 100.00 100.00
 %time 1483661339
 %usr 0.81 0.00 0.00 0.00 0.00 0.00 0.00 0.00 0.00 5.94 8.00 0.00 0.00 0.00 0.00 0.00 0.00
 %sys 0.81 0.00 0.00 0.00 0.99 0.00 0.00 0.00 0.00 4.95 5.00 0.00 0.99 0.00 0.00 0.00 0.00
 %idle 87.31 100.00 100.00 100.00 99.01 100.00 100.00 100.00 100.00 0.00 0.00 100.00 99.01 100.00 100.00 100.00 100.00
 %time 1483661340
 %usr 0.81 0.00 0.00 0.00 0.00 0.00 0.00 0.00 0.00 4.95 8.08 0.00 0.00 0.00 0.00 0.00 0.00
 %sys 0.75 0.99 0.00 0.00 0.00 0.00 0.00 0.99 0.00 2.97 5.05 0.99 0.99 0.00 0.00 0.00 0.00
 %idle 87.25 99.01 100.00 100.00 100.00 100.00 100.00 99.01 100.00 0.00 0.00 99.01 99.01 100.00 100.00 100.00 100.00
 %time 1483661341
 %usr 0.94 0.00 0.00 0.00 0.00 0.00 0.00 0.00 0.00 7.92 6.00 0.00 0.00 0.00 0.00 0.00 0.00
 %sys 0.81 0.00 0.00 0.00 0.00 0.00 0.00 0.00 0.00 5.94 5.00 0.00 1.00 0.99 0.00 0.00 1.00
 %idle 87.30 100.00 100.00 100.00 100.00 100.00 100.00 100.00 100.00 0.00 0.00 100.00 99.00 99.01 100.00 100.00 99.00
 %time 1483661342
 %usr 0.75 0.00 0.00 0.00 0.00 0.00 0.00 0.00 0.00 6.06 5.05 0.00 0.00 0.00 0.00 0.00 0.00
 %sys 0.56 0.00 0.00 0.00 0.00 0.00 0.99 0.00 0.00 4.04 3.03 1.00 0.00 0.00 0.00 0.00 0.00
 %idle 87.37 100.00 100.00 100.00 100.00 100.00 99.01 100.00 100.00 0.00 0.00 99.00 100.00 100.00 100.00 100.00 100.00
 %time 1483661344
 %usr 0.94 0.00 0.00 0.00 0.00 0.00 0.00 0.00 0.00 9.00 5.94 0.00 0.00 0.00 0.00 0.00 0.00
 %sys 0.87 1.00 1.00 0.00 0.00 0.00 0.00 1.00 0.00 6.00 3.96 0.99 0.00 0.00 0.00 0.99 0.00
 %idle 87.20 99.00 99.00 100.00 100.00 100.00 100.00 99.00 100.00 0.00 0.00 99.01 100.00 100.00 100.00 99.01 100.00
 %time 1483661345
 %usr 0.75 0.00 0.00 0.00 0.00 0.00 0.00 0.00 0.00 7.00 4.95 0.00 0.00 0.00 0.00 0.00 0.00
 %sys 0.69 0.00 0.00 1.00 0.00 0.00 0.00 0.00 0.00 5.00 2.97 0.00 0.00 0.00 0.00 0.00 0.99
 %idle 87.31 100.00 100.00 99.00 100.00 100.00 100.00 100.00 100.00 0.00 0.00 100.00 100.00 100.00 100.00 100.00 99.01
 %time 1483661346
 %usr 1.06 0.00 0.00 0.00 0.00 0.00 0.00 0.00 0.00 8.00 9.00 0.00 0.00 0.00 0.00 0.00 0.00
 %sys 1.00 0.99 1.00 0.00 0.99 0.00 0.00 0.99 0.00 5.00 6.00 0.00 0.00 0.99 0.00 0.00 1.00
 %idle 87.14 99.01 99.00 100.00 99.01 100.00 100.00 99.01 100.00 0.00 0.00 100.00 100.00 99.01 100.00 100.00 99.00
 %time 1483661347
 %usr 1.13 0.00 0.00 0.00 0.00 0.00 0.00 0.00 0.00 9.09 8.91 0.00 0.00 0.00 0.00 0.00 0.00
 %sys 0.94 0.00 0.00 0.00 0.00 0.00 0.99 0.99 0.00 5.05 5.94 0.00 0.00 0.00 0.00 0.00 0.00
 %idle 87.30 100.00 100.00 100.00 100.00 100.00 99.01 99.01 100.00 0.00 0.00 100.00 100.00 100.00 100.00 100.00 100.00
 %time 1483661348
 %usr 0.81 0.00 0.00 0.00 0.00 0.00 0.00 0.00 0.00 3.00 11.00 0.00 0.00 0.00 0.00 0.00 0.00
 %sys 0.81 1.00 0.00 0.00 0.00 0.00 0.00 0.99 0.00 3.00 6.00 0.00 0.00 0.00 0.00 0.00 0.00
 %idle 87.30 99.00 100.00 100.00 100.00 100.00 100.00 99.01 100.00 0.00 0.00 100.00 100.00 100.00 100.00 100.00 100.00
 %time 1483661349
 %usr 0.56 0.00 0.00 0.00 0.00 0.00 0.00 0.00 0.00 3.96 5.00 0.00 0.00 0.00 0.00 0.00 0.00
 %sys 0.56 0.99 0.00 0.00 0.00 0.00 0.00 0.00 0.00 2.97 4.00 0.00 0.00 0.00 0.00 0.00 0.99
 %idle 87.31 99.01 100.00 100.00 100.00 100.00 100.00 100.00 100.00 0.00 0.00 100.00 100.00 100.00 100.00 100.00 99.01
 %time 1483661350
 %usr 0.69 0.00 0.00 0.00 0.00 0.00 0.00 0.00 0.00 4.00 6.00 0.00 0.00 0.00 0.00 0.00 0.00
 %sys 0.63 0.00 0.00 0.99 0.00 0.00 0.00 0.00 0.00 4.00 4.00 0.99 0.00 0.00 0.00 0.00 0.00
 %idle 87.37 100.00 100.00 99.01 100.00 100.00 100.00 100.00 100.00 0.00 0.00 99.01 100.00 100.00 100.00 100.00 100.00
 %time 1483661351
 %usr 0.81 0.00 0.00 0.00 0.00 0.00 0.00 0.00 0.00 7.00 5.94 0.99 0.00 0.00 0.00 0.00 0.00
 %sys 0.94 0.00 1.00 0.00 1.00 0.00 0.99 0.00 0.00 6.00 5.94 0.00 0.00 0.00 0.00 0.00 0.00
 %idle 87.25 100.00 99.00 100.00 99.00 100.00 99.01 100.00 100.00 0.00 0.00 99.01 100.00 100.00 100.00 100.00 100.00
 %time 1483661353
 %usr 0.81 0.00 0.00 0.00 0.00 0.00 0.00 0.00 0.00 7.00 5.00 0.00 0.00 0.00 0.00 0.00 0.00
 %sys 0.75 0.99 0.00 1.00 1.00 0.00 0.00 0.00 0.00 5.00 5.00 0.00 0.00 0.00 0.00 0.00 0.00
 %idle 87.31 99.01 100.00 99.00 99.00 100.00 100.00 100.00 100.00 0.00 0.00 100.00 100.00 100.00 100.00 100.00 100.00
 %time 1483661354
 %usr 0.75 0.00 0.00 0.00 0.00 0.00 0.00 0.00 0.00 5.94 6.93 0.00 0.00 0.00 0.00 0.00 0.00
 %sys 0.81 1.00 1.00 0.00 0.00 0.00 1.00 0.00 0.00 4.95 4.95 0.00 0.00 0.00 0.99 0.00 0.99
 %idle 87.30 99.00 99.00 100.00 100.00 100.00 99.00 100.00 100.00 0.00 0.00 100.00 100.00 100.00 99.01 100.00 99.01
 %time 1483661355
 %usr 0.88 0.00 0.00 0.00 0.00 0.00 0.00 0.00 0.00 6.06 8.91 0.00 0.00 0.00 0.00 0.00 0.00
 %sys 0.75 2.00 0.99 0.00 0.00 0.00 0.00 0.00 0.00 4.04 4.95 1.00 0.00 0.00 0.00 0.00 0.00
 %idle 87.36 98.00 99.01 100.00 100.00 100.00 100.00 100.00 100.00 0.00 0.00 99.00 100.00 100.00 100.00 100.00 100.00
 %time 1483661356
 %usr 0.94 0.00 0.00 0.00 0.00 0.00 0.00 0.00 0.00 7.07 7.07 0.00 0.00 0.00 0.00 0.00 0.00
 %sys 0.88 0.00 0.00 0.00 0.99 0.00 0.00 0.00 0.00 5.05 6.06 0.99 0.99 0.00 0.00 0.00 0.99
 %idle 87.31 100.00 100.00 100.00 99.01 100.00 100.00 100.00 100.00 0.00 0.00 99.01 99.01 100.00 100.00 100.00 99.01
 %time 1483661357
 %usr 0.75 0.00 0.00 0.00 0.00 0.00 0.00 0.00 0.00 6.00 6.00 0.00 0.00 0.00 0.00 0.00 0.00
 %sys 0.56 0.00 1.00 0.00 0.00 0.00 0.00 0.99 0.00 3.00 4.00 0.00 0.00 0.00 0.00 0.00 0.00
 %idle 87.37 100.00 99.00 100.00 100.00 100.00 100.00 99.01 100.00 0.00 0.00 100.00 100.00 100.00 100.00 100.00 100.00
 %time 1483661358
 %usr 0.88 0.00 0.00 0.00 0.00 0.00 0.00 0.00 0.00 5.05 8.00 0.00 0.00 0.00 0.00 0.00 0.00
 %sys 0.69 0.99 0.00 1.00 0.00 0.00 0.99 0.00 0.00 4.04 5.00 1.00 0.00 0.00 0.00 0.00 1.00
 %idle 87.31 99.01 100.00 99.00 100.00 100.00 99.01 100.00 100.00 0.00 0.00 99.00 100.00 100.00 100.00 100.00 99.00
 %time 1483661359
 %usr 1.12 0.00 0.00 0.00 0.00 0.00 0.00 0.00 0.00 8.08 9.00 0.00 0.00 0.00 0.00 0.00 0.00
 %sys 1.00 0.00 0.00 0.00 0.00 0.00 0.00 0.00 0.00 7.07 5.00 0.00 0.00 0.00 0.00 0.00 0.00
 %idle 87.25 100.00 100.00 100.00 100.00 100.00 100.00 100.00 100.00 0.00 0.00 100.00 100.00 100.00 100.00 100.00 100.00
 %time 1483661360
 %usr 0.88 0.00 0.00 0.00 0.00 0.00 0.00 0.00 0.00 6.00 7.92 0.00 0.00 0.00 0.00 0.00 0.00
 %sys 1.06 0.00 0.00 0.99 0.00 0.99 1.00 0.00 0.00 6.00 6.93 0.00 1.00 0.00 0.00 0.00 0.99
 %idle 87.12 100.00 100.00 99.01 100.00 99.01 99.00 100.00 100.00 0.00 0.00 100.00 99.00 100.00 100.00 100.00 99.01
 %time 1483661361
 %usr 1.06 0.00 0.00 0.00 0.00 0.00 0.00 0.00 0.00 7.00 9.09 0.00 0.00 0.00 0.00 0.00 0.00
 %sys 1.00 0.99 1.00 0.00 0.99 0.00 0.00 0.00 0.00 5.00 6.06 0.00 0.00 0.00 0.00 0.00 0.00
 %idle 87.20 99.01 99.00 100.00 99.01 100.00 100.00 100.00 100.00 0.00 0.00 100.00 100.00 100.00 100.00 100.00 100.00
 %time 1483661363
 %usr 1.00 0.00 0.00 0.00 0.00 0.00 0.00 0.00 0.00 7.92 8.00 0.00 0.00 0.00 0.00 0.00 0.00
 %sys 0.94 0.99 0.99 0.99 0.00 0.00 0.00 1.00 0.00 5.94 5.00 0.00 0.00 0.00 0.00 0.00 0.00
 %idle 87.30 99.01 99.01 99.01 100.00 100.00 100.00 99.00 100.00 0.00 0.00 100.00 100.00 100.00 100.00 100.00 100.00
 %time 1483661364
 %usr 0.87 0.00 0.00 0.00 0.00 0.00 0.00 0.00 0.00 5.94 7.00 0.00 0.00 0.00 0.00 0.00 0.00
 %sys 0.81 1.00 0.00 0.00 0.00 0.99 0.00 0.00 0.99 3.96 5.00 1.00 0.00 0.00 0.00 0.00 0.99
 %idle 87.26 99.00 100.00 100.00 100.00 99.01 100.00 100.00 99.01 0.99 0.00 99.00 100.00 100.00 100.00 100.00 99.01
 %time 1483661365
 %usr 0.62 0.00 0.00 0.00 0.00 0.00 0.00 0.00 0.00 5.94 4.00 0.00 0.00 0.00 0.00 0.00 0.00
 %sys 0.62 0.99 0.00 0.00 0.00 0.00 0.00 1.00 0.00 4.95 3.00 0.00 0.00 0.00 0.00 0.00 0.00
 %idle 87.38 99.01 100.00 100.00 100.00 100.00 100.00 99.00 100.00 0.00 0.00 100.00 100.00 100.00 100.00 100.00 100.00
 %time 1483661366
 %usr 1.06 0.00 0.00 0.00 0.00 0.00 0.00 0.00 0.00 10.00 6.93 0.00 0.00 0.00 0.00 0.00 0.00
 %sys 0.94 0.00 0.00 1.00 0.00 0.00 0.00 0.00 0.00 7.00 4.95 0.00 0.00 1.00 0.00 0.99 0.99
 %idle 87.31 100.00 100.00 99.00 100.00 100.00 100.00 100.00 100.00 0.00 0.00 100.00 100.00 99.00 100.00 99.01 99.01
 %time 1483661367
 %usr 0.81 0.00 0.00 0.00 0.00 0.00 0.00 0.00 0.00 5.94 6.93 0.00 0.00 0.00 0.00 0.00 0.00
 %sys 0.94 0.99 1.00 0.00 0.00 0.00 0.00 0.00 0.00 4.95 5.94 0.00 0.00 0.00 0.00 0.00 0.00
 %idle 87.20 99.01 99.00 100.00 100.00 100.00 100.00 100.00 100.00 0.00 0.00 100.00 100.00 100.00 100.00 100.00 100.00
 %time 1483661368
 %usr 0.81 0.00 0.00 0.00 0.00 0.00 0.00 0.00 0.00 6.00 7.00 0.00 0.00 0.00 0.00 0.00 0.00
 %sys 0.75 1.00 1.00 0.00 0.00 0.99 0.00 0.00 0.00 4.00 5.00 0.00 0.00 0.00 0.00 0.00 0.00
 %idle 87.25 99.00 99.00 100.00 100.00 99.01 100.00 100.00 100.00 0.00 0.00 100.00 100.00 100.00 100.00 100.00 100.00
 %time 1483661369
 %usr 0.87 0.00 0.00 0.00 0.00 0.00 0.00 0.00 0.00 5.00 9.00 0.00 0.00 0.00 0.00 0.00 0.00
 %sys 0.87 0.00 1.00 1.00 0.00 0.00 0.00 1.00 0.00 4.00 7.00 0.00 0.00 0.00 0.00 0.00 0.00
 %idle 87.26 100.00 99.00 99.00 100.00 100.00 100.00 99.00 100.00 0.00 0.00 100.00 100.00 100.00 100.00 100.00 100.00
 %time 1483661370
 %usr 0.94 0.00 0.00 0.00 0.00 0.00 0.00 0.00 0.00 8.08 7.00 0.00 0.00 0.00 0.00 0.00 0.00
 %sys 0.81 1.00 1.00 0.00 0.00 0.00 0.00 0.00 0.00 7.07 4.00 1.00 0.00 0.00 0.00 0.00 0.00
 %idle 87.41 99.00 99.00 100.00 100.00 100.00 100.00 100.00 100.00 0.00 0.00 99.00 100.00 100.00 100.00 100.00 100.00
 %time 1483661372
 %usr 0.94 0.00 0.00 0.00 0.00 0.00 0.00 0.00 0.00 10.89 6.00 0.00 0.00 0.00 0.00 0.00 0.00
 %sys 0.94 0.00 1.00 0.00 1.00 0.99 0.00 0.00 0.00 7.92 3.00 0.00 0.00 0.00 0.00 0.00 1.00
 %idle 87.25 100.00 99.00 100.00 99.00 99.01 100.00 100.00 100.00 0.00 0.00 100.00 100.00 100.00 100.00 100.00 99.00
 %time 1483661373
 %usr 0.94 0.00 0.00 0.00 0.00 0.00 0.00 0.00 0.00 7.00 8.00 0.00 0.00 0.00 0.00 0.00 0.00
 %sys 0.81 0.00 1.00 0.00 0.00 1.00 0.00 0.00 0.00 4.00 7.00 0.00 0.00 0.00 0.00 0.00 0.00
 %idle 87.31 100.00 99.00 100.00 100.00 99.00 100.00 100.00 100.00 0.00 0.00 100.00 100.00 100.00 100.00 100.00 100.00
 %time 1483661374
 %usr 1.12 0.00 0.00 0.00 0.00 0.00 0.00 0.00 0.00 8.08 9.00 0.00 0.00 0.00 0.00 0.00 0.00
 %sys 1.06 1.00 0.99 1.00 0.00 0.99 0.00 0.99 0.00 7.07 6.00 0.00 0.99 0.99 0.00 0.00 0.00
 %idle 87.19 99.00 99.01 99.00 100.00 99.01 100.00 99.01 100.00 0.00 0.00 100.00 99.01 99.01 100.00 100.00 100.00
 %time 1483661375
 %usr 0.94 0.00 0.00 0.00 0.00 0.00 0.00 0.00 0.00 9.90 5.05 0.00 0.00 0.00 0.00 0.00 0.00
 %sys 0.94 1.00 1.00 0.99 0.00 0.00 0.99 0.99 0.00 6.93 4.04 1.00 0.00 0.00 0.00 0.00 0.00
 %idle 87.12 99.00 99.00 99.01 97.00 100.00 99.01 99.01 100.00 0.00 0.00 99.00 100.00 100.00 100.00 100.00 100.00
 %time 1483661376
 %usr 0.81 0.00 0.00 0.00 0.00 0.00 0.00 0.00 0.00 7.07 6.00 0.00 0.00 0.00 0.00 0.00 0.00
 %sys 0.88 1.00 0.99 0.00 0.00 1.00 0.00 0.00 0.00 5.05 6.00 0.00 0.99 0.00 0.00 0.00 0.00
 %idle 87.30 99.00 99.01 100.00 100.00 99.00 100.00 100.00 100.00 0.00 0.00 100.00 99.01 100.00 100.00 100.00 100.00
 %time 1483661377
 %usr 1.19 0.00 0.00 0.00 0.00 0.00 0.00 0.00 0.00 8.00 11.00 0.00 0.00 0.00 0.00 0.00 0.00
 %sys 1.06 1.00 0.00 1.00 0.00 0.00 0.00 0.00 0.00 6.00 8.00 0.00 0.99 0.00 0.00 0.00 0.00
 %idle 87.30 99.00 100.00 99.00 100.00 100.00 100.00 100.00 100.00 0.00 0.00 100.00 99.01 100.00 100.00 100.00 100.00
 %time 1483661378
 %usr 1.06 0.00 0.00 0.00 0.00 0.00 0.00 0.00 0.00 7.07 9.90 0.00 0.00 0.00 0.00 0.00 0.00
 %sys 1.00 1.00 0.99 1.00 1.00 1.00 0.00 0.00 0.00 5.05 5.94 0.00 0.00 0.00 0.00 0.00 0.00
 %idle 87.20 99.00 99.01 99.00 99.00 99.00 100.00 100.00 100.00 0.00 0.00 100.00 100.00 100.00 100.00 100.00 100.00
 %time 1483661379
 %usr 1.00 0.00 0.00 0.00 0.00 0.00 0.00 0.00 0.00 6.00 9.00 0.00 0.00 0.00 0.00 0.00 0.00
 %sys 0.88 0.00 0.00 0.00 0.00 1.00 0.00 0.00 0.00 5.00 6.00 0.00 0.00 0.00 0.00 0.00 1.00
 %idle 87.25 100.00 100.00 100.00 100.00 99.00 100.00 100.00 100.00 0.00 0.00 100.00 100.00 100.00 100.00 100.00 99.00
 %time 1483661380
 %usr 0.62 0.00 0.00 0.00 0.00 0.00 0.00 0.00 0.00 3.00 6.06 0.00 0.00 0.00 0.00 0.00 0.00
 %sys 0.62 0.00 1.00 0.00 0.00 0.00 0.00 0.00 0.00 3.00 5.05 0.00 0.00 0.00 0.00 0.00 0.00
 %idle 87.31 100.00 99.00 100.00 100.00 100.00 100.00 100.00 100.00 0.00 0.00 100.00 100.00 100.00 100.00 100.00 100.00
 %time 1483661382
 %usr 0.81 0.00 0.00 0.00 0.00 0.00 0.00 0.00 0.00 3.96 9.09 0.00 0.00 0.00 0.00 0.00 0.00
 %sys 0.81 0.00 1.00 0.00 0.99 1.00 0.00 0.00 0.00 2.97 6.06 0.00 0.00 0.00 0.00 0.00 0.00
 %idle 87.26 100.00 99.00 100.00 99.01 99.00 100.00 100.00 100.00 0.00 0.00 100.00 100.00 100.00 100.00 100.00 100.00
 %time 1483661383
 %usr 1.06 0.00 0.00 0.00 0.00 0.00 0.00 0.00 0.00 7.00 11.11 0.00 0.00 0.00 0.00 0.00 0.00
 %sys 1.06 2.00 0.00 0.99 0.99 0.99 0.00 0.99 0.00 4.00 7.07 0.00 0.00 0.99 0.00 0.00 0.99
 %idle 87.19 98.00 100.00 99.01 99.01 99.01 100.00 99.01 100.00 0.00 0.00 100.00 100.00 99.01 100.00 100.00 99.01
 %time 1483661384
 %usr 0.94 0.00 0.00 0.00 0.00 0.00 0.00 0.00 0.00 5.00 8.91 0.00 0.00 0.00 0.00 0.00 0.00
 %sys 0.87 1.00 0.00 1.00 0.99 0.00 0.00 0.00 0.00 5.00 6.93 1.00 0.00 0.00 0.00 0.00 0.00
 %idle 87.26 99.00 100.00 99.00 99.01 100.00 100.00 100.00 100.00 0.00 0.00 99.00 100.00 100.00 100.00 100.00 100.00
 %time 1483661385
 %usr 0.94 0.00 0.00 0.00 0.00 0.00 0.00 0.00 0.00 7.00 8.91 0.00 0.00 0.00 0.00 0.00 0.00
 %sys 0.94 1.00 1.00 1.00 0.00 0.99 0.00 0.00 0.00 5.00 5.94 0.00 0.00 0.00 0.00 0.00 0.99
 %idle 87.25 99.00 99.00 99.00 100.00 99.01 100.00 100.00 100.00 0.00 0.00 100.00 100.00 100.00 100.00 100.00 99.01
 %time 1483661386
 %usr 0.75 0.00 0.00 0.00 0.00 0.00 0.00 0.00 0.00 4.00 8.91 0.00 0.00 0.00 0.00 0.00 0.00
 %sys 1.00 1.00 1.00 0.00 0.00 0.00 0.00 0.00 0.00 4.00 6.93 0.00 0.99 1.00 0.99 0.99 0.99
 %idle 87.12 99.00 99.00 100.00 100.00 100.00 100.00 100.00 100.00 0.00 0.00 100.00 99.01 99.00 99.01 99.01 99.01
 %time 1483661387
 %usr 0.75 0.00 0.00 0.00 0.00 0.00 0.00 0.00 0.00 4.95 7.00 0.00 0.00 0.00 0.00 0.00 0.00
 %sys 0.75 0.99 0.99 0.00 1.00 0.00 0.00 0.00 0.00 3.96 5.00 0.99 0.00 0.00 0.00 0.00 0.00
 %idle 87.26 99.01 99.01 100.00 99.00 100.00 100.00 100.00 100.00 0.00 0.00 99.01 100.00 100.00 100.00 100.00 100.00
 %time 1483661388
 %usr 0.75 0.00 0.00 0.00 0.00 0.00 0.00 0.00 0.00 4.04 7.00 0.00 0.00 0.00 0.00 0.00 0.00
 %sys 0.63 0.00 0.00 0.99 0.00 0.00 0.99 0.00 0.00 3.03 5.00 0.00 0.00 1.00 0.00 0.00 0.00
 %idle 87.36 100.00 100.00 99.01 100.00 100.00 99.01 100.00 100.00 0.00 0.00 100.00 100.00 99.00 100.00 100.00 100.00
 %time 1483661389
 %usr 0.75 0.00 0.00 0.00 0.00 0.00 0.00 0.00 0.00 6.00 6.00 0.00 0.00 0.00 0.00 0.00 0.00
 %sys 0.75 0.00 0.00 0.00 0.99 0.00 0.00 0.99 0.00 4.00 5.00 0.99 0.00 0.00 0.00 0.00 0.99
 %idle 87.30 100.00 100.00 100.00 99.01 100.00 100.00 99.01 100.00 0.00 0.00 99.01 100.00 100.00 100.00 100.00 99.01
 %time 1483661391
 %usr 0.75 0.00 0.00 0.00 0.00 0.00 0.00 0.00 0.00 5.94 6.00 0.00 0.00 0.00 0.00 0.00 0.00
 %sys 0.69 0.00 0.00 0.00 0.00 1.00 0.00 0.00 0.00 4.95 4.00 0.00 0.99 0.00 0.00 0.00 0.00
 %idle 87.37 100.00 100.00 100.00 100.00 99.00 100.00 100.00 100.00 0.00 0.00 100.00 99.01 100.00 100.00 100.00 100.00
 %time 1483661392
 %usr 0.81 0.00 0.00 0.00 0.00 0.00 0.00 0.00 0.00 5.94 6.93 0.00 0.00 0.00 0.00 0.00 0.00
 %sys 0.81 1.00 1.00 1.00 0.00 0.00 0.00 0.00 0.00 4.95 5.94 0.00 0.00 0.00 0.00 0.00 0.00
 %idle 87.26 99.00 99.00 99.00 100.00 100.00 100.00 100.00 100.00 0.00 0.00 100.00 100.00 100.00 100.00 100.00 100.00
 %time 1483661393
 %usr 0.75 0.00 0.00 0.00 0.00 0.00 0.00 0.00 0.00 5.05 6.12 0.00 0.00 0.00 0.00 0.00 0.00
 %sys 0.75 0.99 1.00 0.00 0.00 0.00 0.00 0.00 0.00 4.04 4.08 0.00 0.00 0.00 0.00 0.00 0.00
 %idle 87.31 99.01 99.00 100.00 100.00 100.00 100.00 100.00 100.00 0.00 0.00 100.00 100.00 100.00 100.00 100.00 100.00
 %time 1483661394
 %usr 0.62 0.00 0.00 0.00 0.00 0.00 0.00 0.00 0.00 5.00 4.95 0.00 0.00 0.00 0.00 0.00 0.00
 %sys 0.75 0.00 0.00 1.00 0.00 1.00 0.00 0.00 0.00 5.00 3.96 0.00 0.00 1.00 0.00 0.00 0.99
 %idle 87.26 100.00 100.00 99.00 100.00 99.00 100.00 100.00 100.00 0.00 0.00 100.00 100.00 99.00 100.00 100.00 99.01
 %time 1483661395
 %usr 0.94 0.00 0.00 0.00 0.00 0.00 0.00 0.00 0.00 9.00 6.00 0.00 0.00 0.00 0.00 0.00 0.00
 %sys 1.13 1.00 1.00 1.00 0.00 0.00 0.00 0.00 0.00 8.00 7.00 0.00 0.00 0.00 0.00 0.00 0.00
 %idle 87.30 99.00 99.00 99.00 100.00 100.00 100.00 100.00 100.00 0.00 0.00 100.00 100.00 100.00 100.00 100.00 100.00
 %time 1483661396
 %usr 0.88 0.00 0.00 0.00 0.00 0.00 0.00 0.00 0.00 8.08 6.00 0.00 0.00 0.00 0.00 0.00 0.00
 %sys 1.50 1.00 0.00 0.00 0.00 0.00 0.00 0.00 0.00 13.13 8.00 0.99 0.00 0.00 0.00 0.00 0.99
 %idle 87.31 99.00 100.00 100.00 100.00 100.00 100.00 100.00 100.00 0.00 0.00 99.01 100.00 100.00 100.00 100.00 99.01
 %time 1483661397
 %usr 1.00 0.00 0.00 0.00 0.00 0.00 0.00 0.00 0.00 8.08 7.00 0.00 0.00 0.00 0.00 0.00 0.00
 %sys 1.69 1.01 0.00 0.00 0.99 1.00 0.00 0.00 0.00 12.12 11.00 0.00 0.00 0.00 0.00 0.00 0.00
 %idle 87.25 98.99 100.00 100.00 99.01 99.00 100.00 100.00 100.00 0.00 0.00 100.00 100.00 100.00 100.00 100.00 100.00
 %time 1483661399
 %usr 0.88 0.00 0.00 0.00 0.00 0.00 0.00 0.00 0.00 3.00 10.89 0.00 0.00 0.00 0.00 0.00 0.00
 %sys 1.56 1.00 0.99 1.00 0.00 0.00 0.00 0.00 0.00 6.00 15.84 0.00 0.00 0.00 0.00 0.00 0.00
 %idle 87.30 99.00 99.01 99.00 100.00 100.00 100.00 100.00 100.00 0.00 0.00 100.00 100.00 100.00 100.00 100.00 100.00
 %time 1483661400
 %usr 0.56 0.00 0.00 0.00 0.00 0.00 0.00 0.00 0.00 4.00 6.00 0.00 0.00 0.00 0.00 0.00 0.00
 %sys 1.19 0.00 0.00 0.00 0.00 0.99 0.00 0.00 0.00 9.00 8.00 0.00 0.99 0.00 0.00 0.00 0.99
 %idle 87.42 100.00 100.00 100.00 100.00 99.01 100.00 100.00 100.00 0.00 0.00 100.00 99.01 100.00 100.00 100.00 99.01
 %time 1483661401
 %usr 0.75 0.00 0.00 0.00 0.00 0.00 0.00 0.00 0.00 7.00 4.00 0.00 0.00 0.00 0.00 0.00 0.00
 %sys 1.25 0.00 1.00 0.00 0.00 0.00 0.00 0.00 0.00 8.00 9.00 0.00 0.00 0.00 0.00 0.00 0.00
 %idle 87.26 100.00 99.00 100.00 100.00 100.00 100.00 100.00 100.00 0.00 0.00 100.00 100.00 100.00 100.00 100.00 100.00
 %time 1483661402
 %usr 1.31 1.00 0.00 0.00 1.00 2.97 0.00 0.00 0.00 7.07 10.00 0.00 0.00 0.00 0.00 1.00 0.00
 %sys 2.25 1.00 0.00 1.00 1.00 4.95 0.00 0.00 0.00 10.10 15.00 1.00 0.00 0.00 0.00 0.00 0.99
 %idle 84.93 96.00 98.00 98.00 79.00 90.10 100.00 100.00 100.00 0.00 0.00 97.00 100.00 100.00 100.00 99.00 99.01
 %time 1483661403
 %usr 0.88 0.00 0.00 0.00 0.00 0.00 0.00 0.00 0.00 6.00 8.00 0.00 0.00 0.00 0.00 0.00 0.00
 %sys 1.50 0.99 1.00 0.00 0.99 1.00 0.00 0.00 0.00 9.00 12.00 0.00 0.00 0.00 0.00 0.00 0.00
 %idle 87.30 99.01 99.00 100.00 99.01 99.00 100.00 100.00 100.00 0.00 0.00 100.00 100.00 100.00 100.00 100.00 100.00
 %time 1483661404
 %usr 1.00 0.00 0.00 0.00 0.00 0.00 0.00 0.00 0.00 8.00 8.00 0.00 0.00 0.00 0.00 0.00 0.00
 %sys 1.56 1.00 1.00 0.99 0.00 0.00 0.00 0.00 0.00 12.00 10.00 0.00 0.00 0.00 0.00 0.00 1.00
 %idle 87.26 99.00 99.00 99.01 100.00 100.00 100.00 100.00 100.00 0.00 0.00 100.00 100.00 100.00 100.00 100.00 99.00
 %time 1483661405
 %usr 0.94 0.00 0.00 0.00 0.00 0.00 0.00 0.00 0.00 7.00 7.92 0.00 0.00 0.00 0.00 0.00 0.00
 %sys 1.94 1.00 1.00 1.00 0.00 0.00 0.00 0.00 0.00 13.00 13.86 0.99 0.00 0.00 0.00 0.00 0.00
 %idle 87.25 99.00 99.00 99.00 100.00 100.00 100.00 100.00 100.00 0.00 0.00 99.01 100.00 100.00 100.00 100.00 100.00
 %time 1483661406
 %usr 0.56 0.00 0.00 0.00 0.00 0.00 0.00 0.00 0.00 4.00 6.00 0.00 0.00 0.00 0.00 0.00 0.00
 %sys 1.06 0.00 0.00 0.00 0.00 0.00 0.00 0.00 0.00 9.00 6.00 0.00 0.00 0.00 0.00 0.00 0.00
 %idle 87.43 100.00 100.00 100.00 100.00 100.00 100.00 100.00 100.00 0.00 0.00 100.00 100.00 100.00 100.00 100.00 100.00
 %time 1483661408
 %usr 0.75 0.00 0.00 0.00 0.00 0.00 0.00 0.00 0.00 8.00 3.03 0.00 0.00 0.00 0.00 0.00 0.00
 %sys 1.31 0.99 0.99 1.00 1.00 0.00 0.00 0.00 0.00 12.00 6.06 0.00 0.00 0.00 0.00 0.00 0.00
 %idle 86.94 99.01 99.01 99.00 93.00 100.00 100.00 100.00 100.00 0.00 0.00 100.00 100.00 100.00 100.00 100.00 100.00
 %time 1483661409
 %usr 0.81 0.00 0.00 0.00 0.00 0.00 0.00 0.00 0.00 8.00 5.00 0.00 0.00 0.00 0.00 0.00 0.00
 %sys 1.62 1.00 1.00 0.00 1.00 0.00 0.00 0.00 0.00 11.00 11.00 0.00 0.00 0.00 0.00 0.00 0.00
 %idle 87.25 99.00 99.00 100.00 99.00 100.00 100.00 100.00 100.00 0.00 0.00 100.00 100.00 100.00 100.00 100.00 100.00
 %time 1483661410
 %usr 0.88 0.00 0.00 0.00 0.00 0.00 0.00 0.00 0.00 5.00 9.09 0.00 0.00 0.00 0.00 0.00 0.00
 %sys 1.56 1.00 1.00 0.99 0.00 0.00 0.00 0.00 0.00 10.00 11.11 0.00 0.00 0.99 0.99 0.00 1.00
 %idle 87.30 99.00 99.00 99.01 100.00 100.00 100.00 100.00 100.00 0.00 0.00 100.00 100.00 99.01 99.01 100.00 99.00
 %time 1483661411
 %usr 0.94 0.00 0.00 0.00 0.00 0.00 0.00 0.00 0.00 9.00 6.00 0.00 0.00 0.00 0.00 0.00 0.00
 %sys 1.81 1.00 0.00 1.01 0.00 1.00 0.00 0.00 0.00 13.00 9.00 0.00 0.99 0.00 0.00 0.99 0.00
 %idle 87.07 99.00 100.00 98.99 100.00 99.00 100.00 100.00 100.00 0.00 0.00 100.00 99.01 100.00 100.00 99.01 100.00
 %time 1483661412
 %usr 0.94 0.00 0.00 0.00 0.00 0.00 0.00 0.00 0.00 8.91 6.93 0.00 0.00 0.00 0.00 0.00 0.00
 %sys 1.75 1.00 1.00 1.00 1.00 0.00 0.00 0.00 0.99 11.88 12.87 0.99 0.00 0.00 0.00 0.00 0.00
 %idle 87.30 99.00 99.00 99.00 99.00 100.00 100.00 100.00 99.01 0.00 0.00 99.01 100.00 100.00 100.00 100.00 100.00
 %time 1483661413
 %usr 0.75 0.00 0.00 0.00 0.00 0.00 0.00 0.00 0.00 5.00 8.00 0.00 0.00 0.00 0.00 0.00 0.00
 %sys 1.25 0.99 0.00 1.00 0.00 0.00 0.00 0.00 0.00 9.00 9.00 0.00 0.99 0.00 0.00 0.00 1.00
 %idle 87.37 99.01 100.00 99.00 100.00 100.00 100.00 100.00 100.00 0.00 0.00 100.00 99.01 100.00 100.00 100.00 99.00
 %time 1483661414
 %usr 0.88 0.00 0.00 0.00 0.00 0.00 0.00 0.00 0.00 6.06 7.00 0.00 0.00 0.00 0.00 0.00 0.00
 %sys 1.50 1.00 0.99 0.00 0.00 1.00 0.00 0.00 0.00 9.09 11.00 0.00 0.00 0.00 0.00 0.00 0.00
 %idle 87.25 99.00 99.01 100.00 100.00 99.00 100.00 100.00 100.00 0.00 0.00 100.00 100.00 100.00 100.00 100.00 100.00
 %time 1483661415
 %usr 0.62 0.00 0.00 0.00 0.00 0.00 0.00 0.00 0.00 4.04 5.00 0.00 0.00 0.00 0.00 0.00 0.00
 %sys 1.19 0.00 0.99 1.00 1.00 0.99 0.00 1.00 0.00 9.09 8.00 0.00 0.00 0.00 0.00 0.00 0.00
 %idle 87.27 100.00 99.01 99.00 99.00 99.01 100.00 99.00 100.00 0.00 0.00 100.00 100.00 100.00 100.00 100.00 100.00
 %time 1483661417
 %usr 0.75 0.00 0.00 0.00 0.00 0.00 0.00 0.00 0.00 7.92 4.00 0.00 0.00 0.00 0.00 0.00 0.00
 %sys 1.31 0.99 1.00 1.00 0.00 0.00 0.00 0.00 0.00 11.88 7.00 0.00 0.00 0.00 0.00 0.00 1.00
 %idle 87.31 99.01 99.00 99.00 100.00 100.00 100.00 100.00 100.00 0.00 0.00 100.00 100.00 100.00 100.00 100.00 99.00
 %time 1483661418
 %usr 0.62 0.00 0.00 0.00 0.00 0.00 0.00 0.00 0.00 6.00 4.00 0.00 0.00 0.00 0.00 0.00 0.00
 %sys 1.06 0.00 1.00 0.00 0.00 0.00 0.00 0.00 0.00 9.00 6.00 0.00 0.00 0.00 0.00 0.00 0.00
 %idle 87.38 100.00 99.00 100.00 100.00 100.00 100.00 100.00 100.00 0.00 0.00 100.00 100.00 100.00 100.00 100.00 100.00
 %time 1483661419
 %usr 0.88 0.00 0.00 0.00 0.00 0.00 0.00 0.00 0.00 6.00 8.00 0.00 0.00 0.00 0.00 0.00 0.00
 %sys 1.57 0.00 0.00 0.00 0.00 1.00 0.00 0.00 0.00 8.00 15.00 0.00 0.00 0.00 0.00 0.00 0.00
 %idle 87.41 100.00 100.00 100.00 100.00 99.00 100.00 100.00 100.00 0.00 0.00 100.00 100.00 100.00 100.00 100.00 100.00
 %time 1483661420
 %usr 0.56 0.00 0.00 0.00 0.00 0.00 0.00 0.00 0.00 2.02 6.93 0.00 0.00 0.00 0.00 0.00 0.00
 %sys 1.19 1.00 0.00 1.00 0.00 0.00 0.00 0.00 0.00 6.06 9.90 0.00 0.99 0.99 0.00 0.00 0.00
 %idle 87.31 99.00 100.00 99.00 100.00 100.00 100.00 100.00 100.00 0.00 0.00 100.00 99.01 99.01 100.00 100.00 100.00
 %time 1483661421
 %usr 0.50 0.00 0.00 0.00 0.00 0.00 0.00 0.00 0.00 3.03 5.05 0.00 0.00 0.00 0.00 0.00 0.00
 %sys 1.00 0.00 0.00 0.00 0.99 0.00 0.00 0.00 0.00 5.05 7.07 0.00 0.99 0.00 0.00 0.00 0.00
 %idle 87.38 100.00 100.00 100.00 99.01 100.00 100.00 100.00 100.00 0.00 0.00 100.00 99.01 100.00 100.00 100.00 100.00
 %time 1483661422
 %usr 1.00 0.00 0.00 0.00 0.00 0.00 0.00 0.00 0.00 9.09 6.06 0.00 0.00 0.00 0.00 0.00 0.00
 %sys 1.56 1.00 0.00 1.00 0.00 0.00 0.00 0.00 0.00 14.14 7.07 0.00 0.00 0.00 0.00 0.00 0.00
 %idle 87.31 99.00 100.00 99.00 100.00 100.00 100.00 100.00 100.00 0.00 0.00 100.00 100.00 100.00 100.00 100.00 100.00
 %time 1483661423
 %usr 0.81 0.00 0.00 0.00 0.00 0.00 0.00 0.00 0.00 7.92 5.00 0.00 0.00 0.00 0.00 0.00 0.00
 %sys 1.38 1.00 0.00 1.00 0.00 0.00 0.00 0.00 0.00 9.90 9.00 0.99 0.00 0.00 0.00 0.00 0.99
 %idle 87.25 99.00 100.00 99.00 100.00 100.00 100.00 100.00 100.00 0.00 0.00 99.01 100.00 100.00 100.00 100.00 99.01
 %time 1483661424
 %usr 0.81 0.00 0.00 0.00 0.00 0.00 0.00 0.00 0.00 5.94 8.00 0.00 0.00 0.00 0.00 0.00 0.00
 %sys 1.56 0.99 0.99 1.00 0.00 0.00 0.00 0.00 0.00 9.90 13.00 0.00 0.99 0.00 0.00 0.00 0.00
 %idle 87.36 99.01 99.01 99.00 100.00 100.00 100.00 100.00 100.00 0.00 0.00 100.00 99.01 100.00 100.00 100.00 100.00
 %time 1483661426
 %usr 1.19 0.00 0.00 0.00 0.00 0.00 0.00 0.00 0.00 10.00 9.00 0.00 0.00 0.00 0.00 0.00 0.00
 %sys 2.00 1.00 1.00 0.00 0.99 1.00 0.00 0.00 0.00 14.00 14.00 0.00 0.00 0.00 0.00 0.00 0.99
 %idle 87.24 99.00 99.00 100.00 99.01 99.00 100.00 100.00 100.00 0.00 0.00 100.00 100.00 100.00 100.00 100.00 99.01
 %time 1483661427
 %usr 0.69 0.00 0.00 0.00 0.00 0.00 0.00 0.00 0.00 5.00 6.00 0.00 0.00 0.00 0.00 0.00 0.00
 %sys 1.19 0.00 0.00 0.00 0.00 0.00 0.00 0.00 0.00 8.00 9.00 0.00 0.00 0.00 0.00 0.00 0.00
 %idle 87.38 100.00 100.00 100.00 100.00 100.00 100.00 100.00 100.00 0.00 0.00 100.00 100.00 100.00 100.00 100.00 100.00
 %time 1483661428
 %usr 0.75 0.00 0.00 0.00 0.00 0.00 0.00 0.00 0.00 7.00 5.00 0.00 0.00 0.00 0.00 0.00 0.00
 %sys 1.31 0.99 0.99 0.00 0.00 0.00 0.00 0.00 0.00 10.00 7.00 0.00 0.99 0.99 0.00 0.00 0.00
 %idle 87.31 99.01 99.01 100.00 100.00 100.00 100.00 100.00 100.00 0.00 0.00 100.00 99.01 99.01 100.00 100.00 100.00
 %time 1483661429
 %usr 0.69 0.00 0.00 0.00 0.00 0.00 0.00 0.00 0.00 5.00 6.00 0.00 0.00 0.00 0.00 0.00 0.00
 %sys 1.25 0.00 0.00 0.00 0.00 0.00 0.00 0.00 0.00 8.00 11.00 0.00 0.00 0.00 0.00 0.00 1.00
 %idle 87.43 100.00 100.00 100.00 100.00 100.00 100.00 100.00 100.00 0.00 0.00 100.00 100.00 100.00 100.00 100.00 99.00
 %time 1483661430
 %usr 0.88 0.00 0.00 0.00 0.00 0.00 0.00 0.00 0.00 6.00 8.08 0.00 0.00 0.00 0.00 0.00 0.00
 %sys 1.44 0.00 1.00 1.00 0.00 0.00 0.00 0.00 0.00 9.00 11.11 0.99 0.00 0.00 0.00 0.00 0.00
 %idle 87.31 100.00 99.00 99.00 100.00 100.00 100.00 100.00 100.00 0.00 0.00 99.01 100.00 100.00 100.00 100.00 100.00
 %time 1483661431
 %usr 1.12 0.00 0.00 0.00 0.00 0.00 0.00 0.00 0.00 7.00 9.90 0.00 0.00 0.00 0.00 0.00 0.00
 %sys 1.87 0.00 1.00 0.99 1.00 0.00 0.00 0.00 0.00 10.00 15.84 0.00 0.00 0.00 0.00 0.00 0.00
 %idle 87.20 100.00 99.00 99.01 99.00 100.00 100.00 100.00 100.00 0.00 0.00 100.00 100.00 100.00 100.00 100.00 100.00
 %time 1483661432
 %usr 1.38 0.00 0.00 0.00 0.00 0.00 0.00 0.00 0.00 3.00 19.19 0.00 0.00 0.00 0.00 0.00 0.00
 %sys 1.25 0.00 1.00 0.00 0.99 0.00 0.00 0.00 0.00 6.00 10.10 0.00 0.00 0.00 0.00 0.00 1.00
 %idle 87.31 100.00 99.00 100.00 99.01 100.00 100.00 100.00 100.00 0.00 0.00 100.00 100.00 100.00 100.00 100.00 99.00
 %time 1483661433
 %usr 6.93 0.00 0.00 0.00 0.00 0.00 0.00 0.00 0.00 10.89 100.00 0.00 0.00 0.00 0.00 0.00 0.00
 %sys 1.31 1.00 0.00 0.00 0.00 0.00 0.00 0.00 0.00 17.82 0.00 0.99 0.00 0.00 0.00 0.00 0.00
 %idle 87.26 99.00 100.00 100.00 100.00 100.00 100.00 100.00 100.00 0.00 0.00 99.01 100.00 100.00 100.00 100.00 100.00
 %time 1483661435
 %usr 7.06 0.00 0.00 0.00 0.00 0.00 0.00 0.00 0.00 12.00 100.00 0.00 0.00 0.00 0.00 0.00 0.00
 %sys 1.25 0.00 0.00 0.00 0.00 0.00 0.99 0.00 0.00 18.00 0.00 0.99 0.00 0.00 0.00 0.00 0.00
 %idle 87.19 100.00 100.00 100.00 97.03 100.00 99.01 100.00 100.00 0.00 0.00 99.01 100.00 100.00 100.00 100.00 100.00
 %time 1483661436
 %usr 7.19 0.00 0.00 0.00 0.00 0.00 0.00 0.00 0.00 14.14 100.00 0.00 0.00 0.00 0.00 0.00 0.00
 %sys 1.63 1.00 0.00 0.99 0.00 0.00 0.00 0.00 0.00 21.21 0.00 0.00 1.00 0.00 0.00 0.00 0.00
 %idle 87.12 99.00 100.00 99.01 100.00 100.00 100.00 100.00 100.00 0.00 0.00 100.00 99.00 100.00 100.00 100.00 100.00
 %time 1483661437
 %usr 7.13 0.00 0.00 0.00 0.00 0.00 0.00 0.00 0.00 14.00 100.00 0.00 0.00 0.00 0.00 0.00 0.00
 %sys 1.50 0.99 0.00 0.00 0.00 0.00 0.00 0.00 0.00 22.00 0.00 0.99 0.00 0.00 0.00 0.00 0.00
 %idle 87.37 99.01 100.00 100.00 100.00 100.00 100.00 100.00 100.00 0.00 0.00 99.01 100.00 100.00 100.00 100.00 100.00
 %time 1483661438
 %usr 12.50 0.00 0.00 0.00 0.00 0.00 0.00 0.00 0.00 99.01 100.00 0.00 0.00 0.00 0.00 0.00 0.00
 %sys 0.06 0.00 0.00 0.00 0.00 0.00 0.00 0.00 0.00 0.00 0.00 0.00 0.99 0.00 0.00 0.00 0.00
 %idle 87.44 100.00 100.00 100.00 100.00 100.00 100.00 100.00 100.00 0.00 0.00 100.00 99.01 100.00 100.00 100.00 100.00
 %time 1483661439
 %usr 12.56 0.00 0.00 0.00 0.00 0.00 0.00 0.00 0.00 100.00 100.00 0.00 0.00 0.00 0.00 0.00 0.00
 %sys 0.06 0.00 0.00 0.00 0.00 0.00 0.00 0.00 0.99 0.00 0.00 0.99 0.00 0.00 0.00 0.00 0.00
 %idle 87.38 100.00 100.00 100.00 100.00 100.00 100.00 100.00 99.01 0.00 0.00 99.01 100.00 100.00 100.00 100.00 100.00
 %time 1483661440
 %usr 12.51 0.00 0.00 0.00 0.00 0.00 0.00 0.00 0.00 100.00 100.00 0.00 0.00 0.00 0.00 0.00 0.00
 %sys 0.00 0.00 0.00 0.00 0.00 0.00 0.00 0.00 0.00 0.00 0.00 0.00 0.00 0.00 0.00 0.00 0.00
 %idle 87.49 100.00 100.00 100.00 100.00 100.00 100.00 100.00 100.00 0.00 0.00 100.00 100.00 100.00 100.00 100.00 100.00
 %time 1483661441
 %usr 12.50 0.00 0.00 0.00 0.00 0.00 0.00 0.00 0.00 100.00 100.00 0.00 0.00 0.00 0.00 0.00 0.00
 %sys 0.06 0.99 0.00 0.00 0.00 0.00 0.00 0.00 0.00 0.00 0.00 0.00 0.99 0.00 0.00 0.00 0.00
 %idle 87.44 99.01 100.00 100.00 100.00 100.00 100.00 100.00 100.00 0.00 0.00 100.00 99.01 100.00 100.00 100.00 100.00
 %time 1483661443
 %usr 12.50 0.00 0.00 0.00 0.00 0.00 0.00 0.00 0.00 100.00 100.00 0.00 0.00 0.00 0.00 0.00 0.00
 %sys 0.00 0.00 0.00 0.00 0.00 0.00 0.00 0.00 0.00 0.00 0.00 0.00 0.00 0.00 0.00 0.00 0.00
 %idle 87.50 100.00 100.00 100.00 100.00 100.00 100.00 100.00 100.00 0.00 0.00 100.00 100.00 100.00 100.00 100.00 100.00
 %time 1483661444
 %usr 12.51 0.00 0.00 0.00 0.00 0.00 0.00 0.00 0.00 100.00 100.00 0.00 0.00 0.00 0.00 0.00 0.00
 %sys 0.00 0.00 0.00 0.00 0.00 0.00 0.00 0.00 0.00 0.00 0.00 0.00 0.00 0.00 0.00 0.00 0.00
 %idle 87.49 100.00 100.00 100.00 100.00 100.00 100.00 100.00 100.00 0.00 0.00 100.00 100.00 100.00 100.00 100.00 100.00
 %time 1483661445
 %usr 12.50 0.00 0.00 0.00 0.00 0.00 0.00 0.00 0.00 100.00 100.00 0.00 0.00 0.00 0.00 0.00 0.00
 %sys 0.06 0.00 0.00 0.00 0.00 0.00 0.00 0.00 0.00 0.00 0.00 0.00 0.00 0.00 0.00 0.00 0.00
 %idle 87.44 100.00 100.00 100.00 100.00 100.00 100.00 100.00 100.00 0.00 0.00 100.00 100.00 100.00 100.00 100.00 100.00
 %time 1483661446
 %usr 12.50 0.00 0.00 0.00 0.00 0.00 0.00 0.00 0.00 100.00 100.00 0.00 0.00 0.00 0.00 0.00 0.00
 %sys 0.00 0.00 0.00 0.00 0.00 0.00 0.00 0.00 0.00 0.00 0.00 0.00 0.00 0.00 0.00 0.99 0.00
 %idle 87.50 100.00 100.00 100.00 100.00 100.00 100.00 100.00 100.00 0.00 0.00 100.00 100.00 100.00 100.00 99.01 100.00
 %time 1483661447
 %usr 12.50 0.00 0.00 0.00 0.00 0.00 0.00 0.00 0.00 100.00 100.00 0.00 0.00 0.00 0.00 0.00 0.00
 %sys 0.00 0.00 0.00 0.00 0.00 0.00 0.00 0.00 0.00 0.00 0.00 0.00 0.00 0.00 0.00 0.00 0.00
 %idle 87.50 100.00 100.00 100.00 100.00 100.00 100.00 100.00 100.00 0.00 0.00 100.00 100.00 100.00 100.00 100.00 100.00
 %time 1483661448
 %usr 12.45 0.00 0.00 0.00 0.00 0.00 0.00 0.00 0.00 100.00 100.00 0.00 0.00 0.00 0.00 0.00 0.00
 %sys 0.06 1.00 0.99 0.00 0.00 0.00 0.00 0.00 0.00 0.00 0.00 0.00 0.00 0.00 0.00 0.00 0.00
 %idle 87.49 99.00 99.01 100.00 100.00 100.00 100.00 100.00 100.00 0.00 0.00 100.00 100.00 100.00 100.00 100.00 100.00
 %time 1483661449
 %usr 12.50 0.00 0.00 0.00 0.00 0.00 0.00 0.00 0.00 100.00 100.00 0.00 0.00 0.00 0.00 0.00 0.00
 %sys 0.00 0.00 0.00 0.00 0.00 0.00 0.00 0.00 0.00 0.00 0.00 0.00 0.00 0.00 0.00 0.00 0.00
 %idle 87.44 100.00 100.00 100.00 100.00 100.00 100.00 100.00 100.00 0.00 0.00 100.00 100.00 100.00 99.01 100.00 100.00
 %time 1483661450
 %usr 12.50 0.00 0.00 0.00 0.00 0.00 0.00 0.00 0.00 100.00 100.00 0.00 0.00 0.00 0.00 0.00 0.00
 %sys 0.00 0.00 0.00 0.00 0.00 0.00 0.00 0.00 0.00 0.00 0.00 0.00 0.00 0.00 0.00 0.00 0.00
 %idle 87.50 100.00 100.00 100.00 100.00 100.00 100.00 100.00 100.00 0.00 0.00 100.00 100.00 100.00 100.00 100.00 100.00
 %time 1483661451
 %usr 12.55 0.00 0.00 0.00 0.00 0.00 0.00 0.00 0.00 100.00 100.00 0.00 0.00 0.00 0.00 0.00 0.00
 %sys 0.06 0.00 0.00 0.00 0.00 0.00 0.00 0.00 0.00 0.00 0.00 0.00 0.00 0.00 0.00 0.00 0.99
 %idle 87.38 100.00 100.00 100.00 100.00 100.00 100.00 100.00 100.00 0.00 0.00 100.00 100.00 100.00 100.00 100.00 99.01
 %time 1483661452
 %usr 12.49 0.00 0.00 0.00 0.00 0.00 0.00 0.00 0.00 100.00 100.00 0.00 0.00 0.00 0.00 0.00 0.00
 %sys 0.06 0.00 0.00 0.99 0.00 0.00 0.00 0.00 0.00 0.00 0.00 0.00 0.00 0.00 0.00 0.00 0.00
 %idle 87.45 100.00 100.00 99.01 100.00 100.00 100.00 100.00 100.00 0.00 0.00 100.00 100.00 100.00 100.00 100.00 100.00
 %time 1483661454
 %usr 12.51 0.00 0.00 0.00 0.00 0.00 0.00 0.00 0.00 100.00 100.00 0.00 0.00 0.00 0.00 0.00 0.00
 %sys 0.00 0.00 0.00 0.00 0.00 0.00 0.00 0.00 0.00 0.00 0.00 0.00 0.00 0.99 0.00 0.00 0.00
 %idle 87.49 100.00 100.00 100.00 100.00 100.00 100.00 100.00 100.00 0.00 0.00 100.00 100.00 99.01 100.00 100.00 100.00
 %time 1483661455
 %usr 12.51 0.00 0.00 0.00 0.00 0.00 0.00 0.00 0.00 100.00 100.00 0.00 0.00 0.00 0.00 0.00 0.00
 %sys 0.00 0.00 0.00 0.00 0.00 0.00 0.00 0.00 0.00 0.00 0.00 0.00 0.00 0.00 0.00 0.00 0.00
 %idle 87.49 100.00 100.00 100.00 100.00 100.00 100.00 100.00 100.00 0.00 0.00 100.00 100.00 100.00 100.00 100.00 100.00
 %time 1483661456
 %usr 12.51 0.00 0.00 0.00 0.00 0.00 0.00 0.00 0.00 100.00 100.00 0.00 0.00 0.00 0.00 0.00 0.00
 %sys 0.00 0.00 0.00 0.00 0.00 0.00 0.00 0.00 0.00 0.00 0.00 0.00 0.00 0.00 0.00 0.00 0.00
 %idle 87.49 100.00 100.00 100.00 100.00 100.00 100.00 100.00 100.00 0.00 0.00 100.00 100.00 100.00 100.00 100.00 100.00
 %time 1483661457
 %usr 12.50 0.00 0.00 0.00 0.00 0.00 0.00 0.00 0.00 100.00 100.00 0.00 0.00 0.00 0.00 0.00 0.00
 %sys 0.06 0.00 0.00 0.00 0.00 0.00 0.00 0.00 0.00 0.00 0.00 0.00 0.00 0.00 0.00 0.00 0.00
 %idle 87.44 100.00 100.00 100.00 100.00 100.00 100.00 100.00 100.00 0.00 0.00 100.00 100.00 100.00 100.00 100.00 100.00
 %time 1483661458
 %usr 12.49 0.00 0.00 0.00 0.00 0.00 0.00 0.00 0.00 100.00 100.00 0.00 0.00 0.00 0.00 0.00 0.00
 %sys 0.06 0.00 0.00 0.00 0.00 0.00 0.00 0.00 0.00 0.00 0.00 0.00 0.00 0.00 0.00 0.00 0.00
 %idle 87.45 100.00 100.00 100.00 100.00 100.00 100.00 100.00 100.00 0.00 0.00 100.00 100.00 100.00 100.00 100.00 100.00
 %time 1483661459
 %usr 12.49 0.00 0.00 0.00 0.00 0.00 0.00 0.00 0.00 100.00 100.00 0.00 0.00 0.00 0.00 0.00 0.00
 %sys 0.06 0.00 0.00 0.00 0.00 0.00 0.00 0.00 0.00 0.00 0.00 0.00 0.00 0.00 0.00 0.00 0.00
 %idle 87.45 100.00 100.00 100.00 100.00 100.00 100.00 100.00 100.00 0.00 0.00 100.00 100.00 100.00 100.00 100.00 100.00
 %time 1483661460
 %usr 12.51 0.00 0.00 0.00 0.00 0.00 0.00 0.00 0.00 100.00 100.00 0.00 0.00 0.00 0.00 0.00 0.00
 %sys 0.00 0.00 0.00 0.00 0.00 0.00 0.00 0.00 0.00 0.00 0.00 0.00 0.00 0.00 0.00 0.00 0.00
 %idle 87.49 100.00 100.00 100.00 100.00 100.00 100.00 100.00 100.00 0.00 0.00 100.00 100.00 100.00 100.00 100.00 100.00
 %time 1483661461
 %usr 12.52 0.00 0.00 0.00 0.00 0.00 0.00 0.00 0.00 100.00 100.00 0.00 0.00 0.00 0.00 0.00 0.00
 %sys 0.13 1.00 0.00 0.00 0.00 0.00 0.00 0.00 0.00 0.00 0.00 0.00 0.00 0.00 0.00 0.00 0.00
 %idle 87.36 99.00 100.00 100.00 100.00 100.00 100.00 100.00 100.00 0.00 0.00 100.00 100.00 100.00 100.00 100.00 100.00
 %time 1483661462
 %usr 12.56 0.00 0.00 0.00 0.00 0.00 0.00 0.00 0.00 100.00 100.00 0.00 0.00 0.00 0.00 0.00 0.00
 %sys 0.00 0.00 0.00 0.00 0.00 0.00 0.00 0.00 0.00 0.00 0.00 0.00 0.00 0.00 0.00 0.00 0.00
 %idle 87.44 100.00 100.00 100.00 100.00 100.00 100.00 100.00 100.00 0.00 0.00 100.00 100.00 100.00 100.00 100.00 100.00
 %time 1483661463
 %usr 12.51 0.00 0.00 0.00 0.00 0.00 0.00 0.00 0.00 100.00 100.00 0.00 0.00 0.00 0.00 0.00 0.00
 %sys 0.00 0.00 0.00 0.00 0.00 0.00 0.00 0.00 0.00 0.00 0.00 0.00 0.00 0.00 0.00 0.00 0.00
 %idle 87.49 100.00 100.00 100.00 100.00 100.00 100.00 100.00 100.00 0.00 0.00 100.00 100.00 100.00 100.00 100.00 100.00
 %time 1483661464
 %usr 12.50 0.00 0.00 0.00 0.00 0.00 0.00 0.00 0.00 100.00 100.00 0.00 0.00 0.00 0.00 0.00 0.00
 %sys 0.00 0.00 0.00 0.00 0.00 0.00 0.00 0.00 0.00 0.00 0.00 0.00 0.00 0.00 0.00 0.00 0.00
 %idle 87.50 100.00 100.00 100.00 100.00 100.00 100.00 100.00 100.00 0.00 0.00 100.00 100.00 100.00 100.00 100.00 100.00
 %time 1483661466
 %usr 12.51 0.00 0.00 0.00 0.00 0.00 0.00 0.00 0.00 100.00 100.00 0.00 0.00 0.00 0.00 0.00 0.00
 %sys 0.00 0.00 0.00 0.00 0.00 0.00 0.00 0.00 0.00 0.00 0.00 0.00 0.00 0.00 0.00 0.00 0.00
 %idle 87.49 100.00 100.00 100.00 100.00 100.00 100.00 100.00 100.00 0.00 0.00 100.00 100.00 100.00 100.00 100.00 100.00
 %time 1483661467
 %usr 12.49 0.00 0.00 0.00 0.00 0.00 0.00 0.00 0.00 100.00 100.00 0.00 0.00 0.00 0.00 0.00 0.00
 %sys 0.06 0.00 0.00 0.00 0.00 0.00 0.00 0.00 0.00 0.00 0.00 0.00 0.00 0.00 0.00 0.00 0.00
 %idle 87.45 100.00 100.00 100.00 100.00 100.00 100.00 100.00 100.00 0.00 0.00 100.00 100.00 100.00 100.00 100.00 100.00
 %time 1483661468
 %usr 12.55 0.00 0.00 0.00 0.00 0.00 0.00 0.00 0.00 100.00 100.00 0.00 0.00 0.00 0.00 0.00 0.00
 %sys 0.06 0.00 0.00 0.00 0.00 0.00 0.00 0.00 0.00 0.00 0.00 0.00 0.00 0.99 0.00 0.00 0.00
 %idle 87.38 100.00 100.00 100.00 100.00 100.00 100.00 100.00 100.00 0.00 0.00 100.00 100.00 99.01 100.00 100.00 100.00
 %time 1483661469
 %usr 12.51 0.00 0.00 0.00 0.00 0.00 0.00 0.00 0.00 100.00 100.00 0.00 0.00 0.00 0.00 0.00 0.00
 %sys 0.00 0.00 0.00 0.00 0.00 0.00 0.00 0.00 0.00 0.00 0.00 0.00 0.00 0.00 0.00 0.00 0.00
 %idle 87.49 100.00 100.00 100.00 100.00 100.00 100.00 100.00 100.00 0.00 0.00 100.00 100.00 100.00 100.00 100.00 100.00
 %time 1483661470
 %usr 12.51 0.00 0.00 0.00 0.00 0.00 0.00 0.00 0.00 100.00 100.00 0.00 0.00 0.00 0.00 0.00 0.00
 %sys 0.00 0.00 0.00 0.00 0.00 0.00 0.00 0.00 0.00 0.00 0.00 0.00 0.00 0.00 0.00 0.00 0.00
 %idle 87.49 100.00 100.00 100.00 100.00 100.00 100.00 100.00 100.00 0.00 0.00 100.00 100.00 100.00 100.00 100.00 100.00
 %time 1483661471
 %usr 12.50 0.00 0.00 0.00 0.00 0.00 0.00 0.00 0.00 100.00 100.00 0.00 0.00 0.00 0.00 0.00 0.00
 %sys 0.06 0.00 0.00 0.00 0.00 0.00 0.00 0.00 0.00 0.00 0.00 0.00 0.00 0.00 0.00 0.00 0.00
 %idle 87.44 100.00 100.00 100.00 100.00 100.00 100.00 100.00 100.00 0.00 0.00 100.00 100.00 100.00 100.00 100.00 100.00
 %time 1483661472
 %usr 12.55 0.00 0.00 0.00 0.00 0.00 0.00 0.00 0.00 100.00 100.00 0.00 0.99 0.00 0.00 0.00 0.00
 %sys 0.06 0.00 0.00 0.00 0.00 0.00 0.00 0.00 0.00 0.00 0.00 0.00 0.00 0.00 0.00 0.00 0.00
 %idle 87.39 100.00 100.00 100.00 100.00 100.00 100.00 100.00 100.00 0.00 0.00 100.00 99.01 100.00 100.00 100.00 100.00
 %time 1483661473
 %usr 12.50 0.00 0.00 0.00 0.00 0.00 0.00 0.00 0.00 100.00 100.00 0.00 0.00 0.00 0.00 0.00 0.00
 %sys 0.06 0.00 0.00 0.00 0.00 0.00 0.00 0.00 0.00 0.00 0.00 0.00 0.00 0.00 0.00 0.00 0.00
 %idle 87.44 100.00 100.00 100.00 100.00 100.00 100.00 100.00 100.00 0.00 0.00 100.00 100.00 100.00 100.00 100.00 100.00
 %time 1483661474
 %usr 12.50 0.00 0.00 0.00 0.00 0.00 0.00 0.00 0.00 100.00 100.00 0.00 0.00 0.00 0.00 0.00 0.00
 %sys 0.00 0.00 0.00 0.00 0.00 0.00 0.99 0.00 0.00 0.00 0.00 0.00 0.00 0.00 0.00 0.00 0.00
 %idle 87.50 100.00 100.00 100.00 100.00 100.00 99.01 100.00 100.00 0.00 0.00 100.00 100.00 100.00 100.00 100.00 100.00
 %time 1483661475
 %usr 2.69 3.03 0.00 0.00 0.00 0.00 0.00 0.00 0.00 21.00 20.20 0.00 0.00 0.00 0.00 0.00 0.00
 %sys 0.25 0.00 0.00 0.00 0.00 0.00 0.00 0.00 0.00 1.00 1.01 0.00 0.00 0.00 0.00 0.00 0.00
 %idle 96.18 96.97 99.00 100.00 100.00 100.00 100.00 100.00 100.00 71.00 71.72 100.00 100.00 100.00 100.00 100.00 100.00
 %time 1483661477
 %usr 0.00 0.00 0.00 0.00 0.00 0.00 0.00 0.00 0.00 0.00 0.00 0.00 0.00 0.00 0.00 0.00 0.00
 %sys 0.00 0.00 0.00 0.00 0.00 0.00 0.00 0.00 0.00 0.00 0.00 0.00 0.00 0.00 0.00 0.00 0.00
 %idle 100.00 100.00 100.00 100.00 100.00 100.00 100.00 100.00 100.00 100.00 100.00 100.00 100.00 100.00 100.00 100.00 100.00
 %time 1483661478
 %usr 0.00 0.00 0.00 0.00 0.00 0.00 0.00 0.00 0.00 0.00 0.00 0.00 0.00 0.00 0.00 0.00 0.00
 %sys 0.06 0.00 0.00 0.00 0.00 0.00 0.00 0.00 0.00 0.00 0.00 0.99 0.00 0.00 0.00 0.00 0.00
 %idle 99.94 100.00 100.00 100.00 100.00 100.00 100.00 100.00 100.00 100.00 100.00 99.01 100.00 100.00 100.00 100.00 100.00
 %time 1483661479
 %usr 0.00 0.00 0.00 0.00 0.00 0.00 0.00 0.00 0.00 0.00 0.00 0.00 0.00 0.00 0.00 0.00 0.00
 %sys 0.06 0.00 1.00 0.00 0.00 0.00 0.00 0.00 0.00 0.00 0.00 0.00 0.00 0.00 0.00 0.00 0.00
 %idle 99.94 100.00 99.00 100.00 100.00 100.00 100.00 100.00 100.00 100.00 100.00 100.00 100.00 100.00 100.00 100.00 100.00
 %time 1483661480
 %usr 0.00 0.00 0.00 0.00 0.00 0.00 0.00 0.00 0.00 0.00 0.00 0.00 0.00 0.00 0.00 0.00 0.00
 %sys 0.12 0.00 0.00 0.00 0.00 0.00 0.00 0.00 0.00 0.00 0.00 0.00 0.00 0.00 0.00 0.00 0.00
 %idle 99.88 100.00 100.00 100.00 100.00 100.00 100.00 100.00 100.00 100.00 100.00 100.00 100.00 100.00 100.00 100.00 100.00
 %time 1483661481
 %usr 1.19 4.95 5.05 6.06 1.00 0.00 0.00 0.00 0.00 0.00 1.01 0.00 0.00 0.00 0.00 0.00 0.00
 %sys 0.31 0.99 1.01 1.01 1.00 0.00 0.00 0.00 0.00 0.00 0.00 0.00 0.00 0.00 0.00 0.99 0.00
 %idle 97.57 94.06 93.94 92.93 88.00 100.00 100.00 100.00 100.00 98.99 96.97 100.00 100.00 100.00 100.00 99.01 100.00
