96 1 0 2.93662375053e-05 0.783166885376
96 1 1 2.90033026389e-05 0.770663022995
96 1 2 2.97339646133e-05 0.790989875793
96 1 3 2.98525771503e-05 0.793729066849
96 1 4 2.91591689331e-05 0.775953054428
96 1 5 2.91794494083e-05 0.777094125748
96 1 6 2.95370362787e-05 0.785674095154
96 1 7 2.89852451807e-05 0.772758960724
96 1 8 2.89103459053e-05 0.770416975021
96 1 9 2.89685178884e-05 0.770422935486
96 1 10 2.93327646993e-05 0.779871940613
96 1 11 2.98354216539e-05 0.792647838593
96 1 12 3.34875015777e-05 0.891014099121
96 1 13 2.92202836806e-05 0.776240825653
96 1 14 2.9690406234e-05 0.78893494606
96 1 15 3.02571844757e-05 0.804816961288
96 1 16 2.8740704194e-05 0.764136791229
96 1 17 2.91671225965e-05 0.774901866913
96 1 18 2.83992524187e-05 0.754361152649
96 1 19 2.8849486258e-05 0.766452074051
96 1 20 3.03919958829e-05 0.808361053467
96 1 21 3.05502400764e-05 0.81158208847
96 1 22 2.91981446173e-05 0.776439905167
96 1 23 2.99921990206e-05 0.796983003616
96 1 24 2.90623674732e-05 0.773996114731
96 1 25 3.04953479545e-05 0.809895038605
96 1 26 2.87279765103e-05 0.763675928116
96 1 27 2.92049594401e-05 0.776954889297
96 1 28 2.99166346622e-05 0.79675412178
96 1 29 2.79015425881e-05 0.742709875107
96 1 30 2.81040193545e-05 0.748263120651
96 1 31 2.86400488972e-05 0.761766195297
96 1 32 2.97206811753e-05 0.790852069855
96 1 33 2.88639632011e-05 0.769055128098
96 1 34 2.95297294767e-05 0.785377979279
96 1 35 2.9264835129e-05 0.779128074646
96 1 36 3.34214579276e-05 0.890219926834
96 1 37 2.9390918461e-05 0.781366109848
96 1 38 3.01018830465e-05 0.801778793335
96 1 39 2.95307134351e-05 0.784397125244
96 1 40 3.15705957937e-05 0.839883804321
96 1 41 2.92006227347e-05 0.776162147522
96 1 42 3.01510718542e-05 0.802113771439
96 1 43 2.84916533981e-05 0.756130933762
96 1 44 2.86249250926e-05 0.761164188385
96 1 45 2.99593639654e-05 0.795789957047
96 1 46 2.92077291007e-05 0.776992082596
96 1 47 3.02572482508e-05 0.805308103561
96 1 48 2.96936587631e-05 0.788197040558
96 1 49 2.93611628311e-05 0.780184984207
96 1 50 2.98245070046e-05 0.792661905289
96 1 51 2.96724489938e-05 0.788382053375
96 1 52 2.93153267704e-05 0.779806137085
96 1 53 2.88886168246e-05 0.767693042755
96 1 54 2.92166940547e-05 0.776603937149
96 1 55 2.85996519397e-05 0.76016998291
96 1 56 2.98276046513e-05 0.794492006302
96 1 57 2.94248012496e-05 0.783035039902
96 1 58 3.25683842436e-05 0.86705493927
96 1 59 3.05163299556e-05 0.813210010529
96 1 60 3.36999636995e-05 0.899039030075
96 1 61 3.02188647637e-05 0.804819107056
96 1 62 3.02410949342e-05 0.80446600914
96 1 63 2.93890689837e-05 0.78040099144
96 1 64 2.98764563622e-05 0.795207023621
96 1 65 2.91365925549e-05 0.774572849274
96 1 66 2.90039768326e-05 0.771268129349
96 1 67 2.87799987536e-05 0.765697956085
96 1 68 2.94117911334e-05 0.781299829483
96 1 69 3.14058920957e-05 0.834039926529
96 1 70 2.95703542023e-05 0.786163806915
96 1 71 2.92456114979e-05 0.77744102478
96 1 72 2.92304148075e-05 0.77622294426
96 1 73 2.96235790615e-05 0.786780118942
96 1 74 2.93811335417e-05 0.779705047607
96 1 75 3.09545467478e-05 0.823379039764
96 1 76 2.91796498443e-05 0.775200843811
96 1 77 2.88584967657e-05 0.766848087311
96 1 78 2.84006828026e-05 0.754626989365
96 1 79 2.99183474786e-05 0.793644189835
96 1 80 2.9145357073e-05 0.773796081543
96 1 81 2.94839936341e-05 0.784067153931
96 1 82 3.01534042e-05 0.802191972733
96 1 83 2.98135103588e-05 0.793215036392
96 1 84 3.45080486203e-05 0.919451951981
96 1 85 3.07501476182e-05 0.818455934525
96 1 86 3.02555081022e-05 0.806492090225
96 1 87 3.01629795726e-05 0.801539897919
96 1 88 3.05480352808e-05 0.811453104019
96 1 89 2.94399159434e-05 0.783330202103
96 1 90 2.9236209229e-05 0.776851892471
96 1 91 2.93939158897e-05 0.780819892883
96 1 92 2.98416351688e-05 0.793909072876
96 1 93 3.10020500713e-05 0.824002027512
96 1 94 2.87983022014e-05 0.765247106552
96 1 95 3.08448900541e-05 0.820953845978
