96 4 0 3.38728032755e-05 0.912615060806
96 4 1 3.41455875117e-05 0.91988992691
96 4 2 3.36307312954e-05 0.906559944153
96 4 3 3.51873716557e-05 0.948906183243
96 4 4 3.38323972073e-05 0.911098003387
96 4 5 3.51350760905e-05 0.946853876114
96 4 6 3.55877880473e-05 0.958184957504
96 4 7 5.44212523086e-05 1.47014379501
96 4 8 3.41752247022e-05 0.921193122864
96 4 9 3.60808878507e-05 0.97114610672
96 4 10 3.64985326245e-05 0.982255935669
96 4 11 3.44994298738e-05 0.92862200737
96 4 12 3.83549887439e-05 1.03390693665
96 4 13 3.26093005125e-05 0.877482175827
96 4 14 3.34078829464e-05 0.901057004929
96 4 15 3.3756696188e-05 0.909523010254
96 4 16 3.4988520958e-05 0.940438985825
96 4 17 5.41484407402e-05 1.46279406548
96 4 18 3.24737693579e-05 0.874147891998
96 4 19 3.24041269712e-05 0.873486042023
96 4 20 3.43936452385e-05 0.926405191422
96 4 21 3.51530879951e-05 0.946670055389
96 4 22 3.53970732276e-05 0.951411962509
96 4 23 3.57772546975e-05 0.963080883026
96 4 24 5.67339462355e-05 1.52861905098
96 4 25 3.18014615813e-05 0.855403900146
96 4 26 3.33682786221e-05 0.896935939789
96 4 27 3.45389704231e-05 0.928900003433
96 4 28 3.47888867379e-05 0.935445070267
96 4 29 3.39843641109e-05 0.914743900299
96 4 30 3.30550154319e-05 0.88902592659
96 4 31 3.26775489582e-05 0.878798961639
96 4 32 3.31978898313e-05 0.894176006317
96 4 33 3.2547220028e-05 0.875473022461
96 4 34 3.22009669003e-05 0.866987943649
96 4 35 3.42987388096e-05 0.923217773438
96 4 36 3.88391600363e-05 1.04458904266
96 4 37 3.41376976233e-05 0.918046951294
96 4 38 3.20219958059e-05 0.862109899521
96 4 39 3.29777018142e-05 0.887262821198
96 4 40 3.26914245933e-05 0.878301143646
96 4 41 3.16434451559e-05 0.851239919662
96 4 42 3.44355727979e-05 0.926694869995
96 4 43 3.2718365009e-05 0.879952192307
96 4 44 3.42661133011e-05 0.922112941742
96 4 45 5.45749866929e-05 1.47352004051
96 4 46 3.26980116479e-05 0.878957986832
96 4 47 3.47515418736e-05 0.935991048813
96 4 48 3.47286375093e-05 0.935575962067
96 4 49 3.360291625e-05 0.905431032181
96 4 50 3.60783641797e-05 0.972734928131
96 4 51 3.49037638774e-05 0.938575029373
96 4 52 3.31814996359e-05 0.892575979233
96 4 53 3.45255412135e-05 0.930009126663
96 4 54 3.93973741958e-05 1.06306195259
96 4 55 3.17172420335e-05 0.85345697403
96 4 56 3.27234579046e-05 0.882373809814
96 4 57 3.22427122451e-05 0.868425130844
96 4 58 3.25403505409e-05 0.877543926239
96 4 59 4.2917412373e-05 1.15714788437
96 4 60 4.07194680354e-05 1.09902191162
96 4 61 4.46528507238e-05 1.20490217209
96 4 62 3.27421895565e-05 0.882869005203
96 4 63 3.48187243644e-05 0.942188978195
96 4 64 3.31508056012e-05 0.892254829407
96 4 65 3.2321383361e-05 0.871126890182
96 4 66 3.31629957521e-05 0.894778966904
96 4 67 3.16653655618e-05 0.853320837021
96 4 68 3.29670240437e-05 0.889437198639
96 4 69 3.33621288823e-05 0.899224996567
96 4 70 4.22295161448e-05 1.13796710968
96 4 71 3.38871253362e-05 0.912752866745
96 4 72 3.56172703554e-05 0.958104133606
96 4 73 3.30300338222e-05 0.889558792114
96 4 74 3.30866296498e-05 0.890896081924
96 4 75 3.33030458265e-05 0.896758079529
96 4 76 3.38217649905e-05 0.91135597229
96 4 77 3.34714120362e-05 0.902287006378
96 4 78 5.49648437535e-05 1.4841029644
96 4 79 3.72756866317e-05 1.00201320648
96 4 80 3.38456806453e-05 0.911604881287
96 4 81 3.46216138153e-05 0.932635068893
96 4 82 3.25678649323e-05 0.87802696228
96 4 83 3.39993512545e-05 0.916531085968
96 4 84 3.7502744136e-05 1.0106818676
96 4 85 5.43502524237e-05 1.46750593185
96 4 86 3.53142476208e-05 0.950986862183
96 4 87 3.51326435268e-05 0.945770978928
96 4 88 3.33891604052e-05 0.899287223816
96 4 89 3.36204543969e-05 0.906252145767
96 4 90 3.51192689816e-05 0.944921970367
96 4 91 3.13265650076e-05 0.845664978027
96 4 92 3.44012526944e-05 0.927757024765
96 4 93 3.54406862712e-05 0.953820943832
96 4 94 3.17779467984e-05 0.857666969299
96 4 95 3.49255749546e-05 0.94092297554
