      time tx_packets rx_packets        tx_bytes        rx_bytes  tx_errors tx_dropped rx_frame_errors rx_crc_errors
1483748278          0          0               0               0          0          0          0          0
1483748279          2          0             120               0          0          0          0          0
1483748280          0          0               0               0          0          0          0          0
1483748281          3          0             180               0          0          0          0          0
1483748283          1          0              60               0          0          0          0          0
1483748284          0          0               0               0          0          0          0          0
1483748285          0          0               0               0          0          0          0          0
1483748286          1          0              60               0          0          0          0          0
1483748287          1          0              60               0          0          0          0          0
1483748288          0          0               0               0          0          0          0          0
1483748289          2          0             120               0          0          0          0          0
1483748291          1          0              60               0          0          0          0          0
1483748292          0          0               0               0          0          0          0          0
1483748293          2          0             120               0          0          0          0          0
1483748294          0          0               0               0          0          0          0          0
1483748295          0          0               0               0          0          0          0          0
1483748296          0          0               0               0          0          0          0          0
1483748297          0          0               0               0          0          0          0          0
1483748299          3          0             180               0          0          0          0          0
1483748300          2          0             120               0          0          0          0          0
1483748301          2          0             120               0          0          0          0          0
1483748302          0          0               0               0          0          0          0          0
1483748303          0          0               0               0          0          0          0          0
1483748304          0          0               0               0          0          0          0          0
1483748305          0          0               0               0          0          0          0          0
1483748307          0          0               0               0          0          0          0          0
1483748308          0          0               0               0          0          0          0          0
1483748309          1          0              60               0          0          0          0          0
1483748310          0          0               0               0          0          0          0          0
1483748311          2          0             120               0          0          0          0          0
1483748312          0          0               0               0          0          0          0          0
1483748313          1          0              60               0          0          0          0          0
1483748315          1          0              60               0          0          0          0          0
1483748316          0          0               0               0          0          0          0          0
1483748317          0          0               0               0          0          0          0          0
1483748318          0          0               0               0          0          0          0          0
1483748319          0          0               0               0          0          0          0          0
1483748320          0          0               0               0          0          0          0          0
1483748321          1          0              60               0          0          0          0          0
1483748322          0          0               0               0          0          0          0          0
1483748323          0          0               0               0          0          0          0          0
1483748325          1          0              60               0          0          0          0          0
1483748326          0          0               0               0          0          0          0          0
1483748327          1          0              60               0          0          0          0          0
1483748328          1          0              60               0          0          0          0          0
1483748329          0          0               0               0          0          0          0          0
1483748330          0          0               0               0          0          0          0          0
1483748331          2          0             120               0          0          0          0          0
1483748333          0          0               0               0          0          0          0          0
1483748334          2          0             120               0          0          0          0          0
1483748335          0          0               0               0          0          0          0          0
1483748336          0          0               0               0          0          0          0          0
