TIMESTAMP        home1-RQ         home1-RD         home1-WR         work-RQ          work-RD          work-WR          scratch-RQ       scratch-RD       scratch-WR       
1481755758        318896           6006377137        40257740         356262            12676652519      30417065537       101639           164456434399      322211999070     
1481755760        318896           6006377137        40257740         356262            12676652519      30417065537       101688           164456438395      322212001196     
1481755762        318914           6006385665        40257740         356262            12676652519      30417065537       101762           164456462295      322212008295     
1481755763        318918           6006385665        40257740         356262            12676652519      30417065537       101831           164456486191      322212015390     
1481755764        318918           6006385665        40257740         356262            12676652519      30417065537       101986           164833264759      322212022483     
1481755766        318918           6006385665        40257740         356262            12676652519      30417065537       102052           165214970307      322212029572     
1481755767        318918           6006385665        40257740         356262            12676652519      30417065537       102118           165504401183      322212036668     
1481755768        318918           6006385665        40257740         356262            12676652519      30417065537       102182           165839969391      322212043762     
1481755769        318918           6006385665        40257740         356262            12676652519      30417065537       102246           166112623039      322212050852     
1481755771        318918           6006385665        40257740         356262            12676652519      30417065537       102310           166402053903      322212057945     
1481755772        318918           6006385665        40257740         356262            12676652519      30417065537       102374           166657930335      322212065038     
1481755773        318922           6006385665        40257740         356262            12676652519      30417065537       102438           166968332731      322212072133     
1481755774        318922           6006385665        40257740         356262            12676652519      30417065537       102502           167182266135      322212079230     
1481755775        318922           6006385665        40257740         356262            12676652519      30417065537       102566           167387810931      322212086324     
1481755776        318922           6006385665        40257740         356262            12676652519      30417065537       102632           167643687375      322212093420     
1481755777        318922           6006385665        40257740         356262            12676652519      30417065537       102696           167891175211      322212100514     
1481755778        318922           6006385665        40257740         356262            12676652519      30417065537       102760           168100914311      322212107608     
1481755780        318922           6006385665        40257740         356262            12676652519      30417065537       102824           168344207831      322212114699     
1481755781        318922           6006385665        40257740         356262            12676652519      30417065537       102888           168570724147      322212121794     
1481755782        318926           6006385665        40257740         356262            12676652519      30417065537       102952           168814017655      322212128883     
1481755783        318926           6006385665        40257740         356262            12676652519      30417065537       103016           169036339655      322212135976     
1481755784        318926           6006385665        40257740         356262            12676652519      30417065537       103080           169187358499      322212143072     
1481755785        318926           6006385665        40257740         356263            12676652519      30417065537       103144           169447429247      322212150164     
1481755786        318926           6006385665        40257740         356263            12676652519      30417065537       103208           169741054415      322212157255     
1481755787        318933           6006385665        40257740         356263            12676652519      30417065537       103272           170038873887      322212164345     
1481755789        318933           6006385665        40257740         356263            12676652519      30417065537       103336           170290556027      322212171438     
1481755790        318933           6006385665        40257740         356263            12676652519      30417065537       103400           170311551447      322212178534     
1481755791        318933           6006385665        40257740         356263            12676652519      30417065537       103464           170311575347      322212185630     
1481755793        318937           6006385665        40257740         356263            12676652519      30417065537       103536           170533897359      322212192727     
1481755795        318937           6006385665        40257740         356263            12676652519      30417065537       103600           170848494047      322212199819     
1481755796        318937           6006385665        40257740         356263            12676652519      30417065537       103664           171075010339      322212206909     
1481755797        318937           6006385665        40257740         356263            12676652519      30417065537       103728           171360246899      322212214004     
1481755799        318937           6006385665        40257740         356263            12676652519      30417065537       103800           171733563843      322212221097     
1481755800        318937           6006385665        40257740         356263            12676652519      30417065537       103864           171960080159      322212228191     
1481755801        318937           6006385665        40257740         356263            12676652519      30417065537       103928           172320814203      322212235287     
1481755802        318941           6006385665        40257740         356263            12676652519      30417065537       104002           172643799499      322212242381     
1481755804        318941           6006385665        40257740         356263            12676652519      30417065537       104066           172966784795      322212249474     
1481755805        318941           6006385665        40257740         356263            12676652519      30417065537       104130           173134580843      322212256565     
1481755806        318941           6006385665        40257740         356264            12676652519      30417065537       104194           173361097159      322212263661     
1481755807        318941           6006385665        40257740         356264            12676652519      30417065537       104258           173633750819      322212270758     
1481755808        318941           6006385665        40257740         356264            12676652519      30417065537       104330           173914793087      322212277853     
1481755809        318941           6006385665        40257740         356264            12676652519      30417065537       104394           174170669535      322212284950     
1481755810        318942           6006385665        40257740         356264            12676652519      30417065537       104458           174455906115      322212292045     
1481755812        318942           6006385665        40257740         356264            12676652519      30417065537       104522           174669839527      322212299141     
1481755813        318946           6006385665        40257740         356264            12676652519      30417065537       104596           174887967243      322212306242     
1481755814        318946           6006385665        40257740         356264            12676652519      30417065537       104660           175206758243      322212313336     
1481755815        318946           6006385665        40257740         356264            12676652519      30417065537       104728           175508772039      322212320433     
1481755816        318946           6006385665        40257740         356264            12676652519      30417065537       104792           175819174419      322212327525     
1481755817        318946           6006385665        40257740         356264            12676652519      30417065537       104864           176125382495      322212334616     
1481755818        318946           6006385665        40257740         356264            12676652519      30417065537       104928           176410619063      322212341709     
1481755820        318946           6006385665        40257740         356264            12676652519      30417065537       104992           176645523983      322212348802     
1481755821        318946           6006385665        40257740         356264            12676652519      30417065537       105056           176901400423      322212355893     
1481755822        318950           6006385665        40257740         356264            12676652519      30417065537       105120           177199219903      322212362984     
1481755823        318950           6006385665        40257740         356264            12676652519      30417065537       105192           177509622283      322212370077     
1481755824        318950           6006385665        40257740         356264            12676652519      30417065537       105256           177597726575      322212377174     
1481755825        318950           6006385665        40257740         356264            12676652519      30417065537       105320           177597750483      322212384272     
1481755826        318950           6006385665        40257740         356264            12676652519      30417065537       105384           177664883255      322212391369     
1481755828        318950           6006385665        40257740         356264            12676652519      30417065537       105456           177874622363      322212398465     
1481755829        318950           6006385665        40257740         356264            12676652519      30417065537       105520           178109527271      322212405553     
1481755831        318950           6006385665        40257740         356264            12676652519      30417065537       105584           178587701823      322212412643     
1481755832        318954           6006385665        40257740         356264            12676652519      30417065537       105648           178789052323      322212419739     
1481755833        318954           6006385665        40257740         356264            12676652519      30417065537       105718           178969431291      322212426833     
1481755835        318954           6006385665        40257740         356265            12676652519      30417065537       105782           179506326099      322212433927     
1481755836        318954           6006385665        40257740         356265            12676652519      30417065537       105846           179799951287      322212441024     
1481755838        318954           6006385665        40257740         356265            12676652519      30417065537       105920           180282320131      322212448112     
1481755839        318954           6006385665        40257740         356265            12676652519      30417065537       105986           180563362387      322212455203     
1481755841        318954           6006385665        40257740         356265            12676652519      30417065537       106050           181028954031      322212462297     
1481755843        318958           6006385665        40257740         356265            12676652519      30417065537       106122           181184167191      322212469394     
1481755844        318958           6006385665        40257740         356265            12676652519      30417065537       106186           181423266431      322212476493     
1481755845        318958           6006385665        40257740         356265            12676652519      30417065537       106250           181704308699      322212483585     
1481755846        318958           6006385665        40257740         356265            12676652519      30417065537       106314           182018905411      322212490681     
1481755847        318958           6006385665        40257740         356265            12676652519      30417065537       106380           182283170475      322212497777     
1481755848        318958           6006385665        40257740         356265            12676652519      30417065537       106452           182568407063      322212504873     
1481755849        318958           6006385665        40257740         356265            12676652519      30417065537       106516           182866226551      322212511968     
1481755850        318958           6006385665        40257740         356265            12676652519      30417065537       106580           183084354275      322212519067     
1481755852        318958           6006385665        40257740         356265            12676652519      30417065537       106644           183252150351      322212526165     
1481755853        318962           6006385665        40257740         356265            12676652519      30417065537       106718           183419946427      322212533264     
1481755854        318962           6006385665        40257740         356265            12676652519      30417065537       106782           183608713999      322212540358     
1481755855        318962           6006385665        40257740         356265            12676652519      30417065537       106846           183831036003      322212547450     
1481755856        318962           6006385665        40257740         356265            12676652519      30417065537       106910           184133049795      322212554544     
1481755857        318962           6006385665        40257740         356265            12676652519      30417065537       106982           184435063575      322212561635     
1481755858        318971           6006385665        40257740         356265            12676652519      30417065537       107046           184716105835      322212568728     
1481755860        318971           6006385665        40257740         356266            12676652519      30417065537       107110           184883901911      322212575822     
1481755861        318971           6006385665        40257740         356266            12676652519      30417065537       107174           184904897347      322212582922     
1481755862        318973           6006385665        40257740         356266            12676652519      30417065537       107238           184904921263      322212590020     
1481755864        318975           6006385665        40257740         356266            12676652519      30417065537       107310           185177574927      322212597116     
1481755865        318975           6006385665        40257740         356266            12676652519      30417065537       107374           185227930491      322212604215     
1481755866        318975           6006385665        40257740         356266            12676652519      30417065537       107438           185311840487      322212611315     
1481755867        318975           6006385665        40257740         356266            12676652519      30417065537       107508           185513190995      322212618413     
1481755869        318975           6006385665        40257740         356266            12676652519      30417065537       107574           185609683891      322212625510     
1481755870        318975           6006385665        40257740         356266            12676652519      30417065537       107638           185785868563      322212632601     
1481755871        318975           6006385665        40257740         356266            12676652519      30417065537       107702           186108853875      322212639694     
1481755872        318979           6006385665        40257740         356266            12676652519      30417065537       107772           186347953095      322212646788     
1481755873        318979           6006385665        40257740         356266            12676652519      30417065537       107836           186540914995      322212653884     
1481755875        318979           6006385665        40257740         356266            12676652519      30417065537       107900           186813568671      322212660981     
1481755877        318979           6006385665        40257740         356266            12676652519      30417065537       107964           187262383103      322212668077     
1481755878        318979           6006385665        40257740         356266            12676652519      30417065537       108038           187547619691      322212675175     
1481755879        318979           6006385665        40257740         356266            12676652519      30417065537       108102           187669278423      322212682273     
1481755880        318979           6006385665        40257740         356266            12676652519      30417065537       108166           187895794743      322212689369     
1481755881        318979           6006385665        40257740         356266            12676652519      30417065537       108230           188084562339      322212696467     
1481755883        318983           6006385665        40257740         356266            12676652519      30417065537       108302           188365604611      322212703563     
1481755884        318983           6006385665        40257740         356266            12676652519      30417065537       108366           188667618403      322212710657     
1481755885        318992           6006385665        40257740         356267            12676652519      30417065537       108430           188961243587      322212717750     
1481755886        318992           6006385665        40257740         356267            12676652519      30417065537       108494           189229702959      322212724848     
1481755887        318992           6006385665        40257740         356267            12676652519      30417065537       108558           189426859151      322212731944     
1481755888        318992           6006385665        40257740         356267            12676652519      30417065537       108630           189615626735      322212739038     
1481755889        318992           6006385665        40257740         356267            12676652519      30417065537       108694           189879891779      322212746128     
1481755890        318992           6006385665        40257740         356267            12676652519      30417065537       108758           190165128343      322212753221     
1481755892        318992           6006385665        40257740         356267            12676652519      30417065537       108822           190395838979      322212760320     
1481755893        318996           6006385665        40257740         356267            12676652519      30417065537       108896           190609772387      322212767416     
1481755894        318996           6006385665        40257740         356267            12676652519      30417065537       108960           190865648835      322212774510     
1481755895        318996           6006385665        40257740         356267            12676652519      30417065537       109024           190899227183      322212781606     
1481755896        318996           6006385665        40257740         356267            12676652519      30417065537       109088           190911834011      322212788704     
1481755897        318996           6006385665        40257740         356267            12676652519      30417065537       109160           190932829447      322212795804     
1481755898        318996           6006385665        40257740         356267            12676652519      30417065537       109224           191092236903      322212802898     
1481755900        318996           6006385665        40257740         356267            12676652519      30417065537       109288           191205507027      322212809996     
1481755901        318996           6006385665        40257740         356267            12676652519      30417065537       109352           191239085375      322212817095     
1481755902        318998           6006385665        40257740         356267            12676652519      30417065537       109416           191255886507      322212824195     
1481755903        319000           6006385665        40257740         356267            12676652519      30417065537       109488           191394322431      322212831287     
1481755904        319000           6006385665        40257740         356267            12676652519      30417065537       109552           191872496991      322212838378     
1481755906        319000           6006385665        40257740         356267            12676652519      30417065537       109616           192321311411      322212845469     
1481755908        319000           6006385665        40257740         356267            12676652519      30417065537       109686           192606547975      322212852560     
1481755909        319000           6006385665        40257740         356267            12676652519      30417065537       109752           192811985975      322212859658     
1481755911        319001           6006385665        40257740         356268            12676652519      30417065537       109802           192811989983      322212861781     
1481755912        319001           6006385665        40257740         356268            12676652519      30417065537       109851           192811993991      322212863908     
1481755913        319012           6006389003        40257740         356268            12676652519      30417065537       109908           192811997999      322212866033     
