 %time 1481749041
 %usr 0.00 0.00 0.00 0.00 0.00 0.00 0.00 0.00 0.00 0.00 0.00 0.00 0.00 0.00 0.00 0.00 0.00
 %sys 0.00 0.00 0.00 0.00 0.00 0.00 0.00 0.00 0.00 0.00 0.00 0.00 0.00 0.00 0.00 0.00 0.00
 %idle 100.00 100.00 100.00 100.00 100.00 100.00 100.00 100.00 100.00 100.00 100.00 100.00 100.00 100.00 100.00 100.00 100.00
 %time 1481749042
 %usr 0.00 0.00 0.00 0.00 0.00 0.00 0.00 0.00 0.00 0.00 0.00 0.00 0.00 0.00 0.00 0.00 0.00
 %sys 0.00 0.00 0.00 0.00 0.00 0.00 0.00 0.00 0.00 0.00 0.00 0.00 0.00 0.00 0.00 0.00 0.00
 %idle 100.00 100.00 100.00 100.00 100.00 100.00 100.00 100.00 100.00 100.00 100.00 100.00 100.00 100.00 100.00 100.00 100.00
 %time 1481749044
 %usr 0.00 0.00 0.00 0.00 0.00 0.00 0.00 0.00 0.00 0.00 0.00 0.00 0.00 0.00 0.00 0.00 0.00
 %sys 0.00 0.99 0.00 0.00 0.00 0.00 0.00 0.00 0.00 0.00 1.00 0.00 0.00 0.00 0.00 0.00 0.00
 %idle 100.00 99.01 100.00 100.00 100.00 100.00 100.00 100.00 100.00 100.00 99.00 100.00 100.00 100.00 100.00 100.00 100.00
 %time 1481749045
 %usr 0.00 0.00 0.00 0.00 0.00 0.00 0.00 0.00 0.00 0.00 0.00 0.00 0.00 0.00 0.00 0.00 0.00
 %sys 0.06 0.00 0.00 0.00 0.00 0.00 0.00 0.00 0.00 0.00 0.00 0.00 0.00 0.00 0.00 0.00 0.00
 %idle 99.94 100.00 100.00 100.00 100.00 100.00 100.00 100.00 100.00 100.00 100.00 100.00 100.00 100.00 100.00 100.00 100.00
 %time 1481749046
 %usr 0.00 0.00 0.00 0.00 0.00 0.00 0.00 0.00 0.00 0.00 0.00 0.00 0.00 0.00 0.00 0.00 0.00
 %sys 0.00 0.00 0.00 0.00 0.00 0.00 0.00 0.00 0.00 0.00 0.00 0.00 0.00 0.00 0.00 0.00 0.00
 %idle 99.31 100.00 100.00 100.00 95.00 100.00 100.00 100.00 100.00 93.07 100.00 100.00 100.00 100.00 100.00 100.00 100.00
 %time 1481749047
 %usr 0.00 0.00 0.00 0.00 0.00 0.00 0.00 0.00 0.00 0.00 0.00 0.00 0.00 0.00 0.00 0.00 0.00
 %sys 0.06 0.00 0.00 0.00 0.00 0.00 0.00 0.00 0.00 0.00 0.00 0.00 0.99 0.00 0.00 0.00 0.00
 %idle 99.63 100.00 100.00 100.00 95.96 100.00 100.00 100.00 100.00 100.00 100.00 100.00 99.01 100.00 100.00 100.00 100.00
 %time 1481749048
 %usr 0.00 0.00 0.00 0.00 0.00 0.00 0.00 0.00 0.00 0.00 0.00 0.00 0.00 0.00 0.00 0.00 0.00
 %sys 0.06 1.00 0.99 0.00 0.00 0.00 0.99 0.00 0.00 0.00 0.00 0.00 0.99 0.00 0.00 0.00 0.00
 %idle 99.94 99.00 99.01 100.00 100.00 100.00 99.01 100.00 100.00 100.00 100.00 100.00 99.01 100.00 100.00 100.00 100.00
 %time 1481749050
 %usr 1.19 16.00 1.00 0.00 0.00 0.00 0.00 0.00 0.00 0.00 1.00 0.00 0.00 0.00 0.00 0.00 0.00
 %sys 0.19 1.00 1.00 0.00 0.00 0.00 0.00 0.00 0.00 0.00 1.00 0.00 0.00 0.00 0.00 0.00 0.00
 %idle 98.44 83.00 98.00 100.00 97.00 100.00 100.00 100.00 100.00 100.00 98.00 100.00 100.00 100.00 100.00 100.00 100.00
 %time 1481749051
 %usr 0.25 1.00 0.00 0.00 2.97 0.00 0.00 0.00 0.00 0.00 0.00 0.00 0.00 0.00 0.00 0.00 0.00
 %sys 0.44 1.00 0.00 0.98 2.97 0.00 0.00 0.00 0.00 2.02 0.99 0.00 0.00 0.99 0.00 0.00 0.00
 %idle 92.74 82.00 100.00 96.08 7.92 100.00 100.00 100.00 100.00 97.98 98.02 100.00 100.00 99.01 100.00 100.00 100.00
 %time 1481749052
 %usr 0.00 0.00 0.00 0.00 0.00 0.00 0.00 0.00 0.00 0.98 0.00 0.00 0.00 0.00 0.00 0.00 0.00
 %sys 0.12 0.00 0.00 0.00 0.00 0.00 0.00 0.00 0.00 0.98 0.00 0.00 0.00 0.00 0.00 0.00 0.00
 %idle 99.88 100.00 100.00 100.00 100.00 100.00 100.00 100.00 100.00 98.04 100.00 100.00 100.00 100.00 100.00 100.00 100.00
 %time 1481749053
 %usr 2.07 0.00 0.98 0.00 0.00 0.00 0.00 0.00 0.00 16.16 16.00 0.00 0.00 0.00 0.00 0.00 0.00
 %sys 1.94 1.01 1.96 1.00 0.00 0.00 0.00 0.00 0.99 13.13 10.00 0.00 1.01 0.00 1.00 0.00 2.02
 %idle 94.18 96.97 97.06 99.00 100.00 100.00 100.00 100.00 99.01 57.58 61.00 100.00 98.99 100.00 99.00 100.00 97.98
 %time 1481749054
 %usr 1.81 0.00 0.00 0.00 0.00 0.00 0.00 0.00 0.00 19.00 9.09 0.00 0.00 0.00 0.00 0.00 0.00
 %sys 1.69 1.01 0.00 1.00 1.00 0.00 0.00 0.00 0.00 12.00 8.08 0.00 0.00 0.00 1.00 0.00 0.99
 %idle 87.11 98.99 100.00 99.00 99.00 100.00 100.00 100.00 100.00 0.00 0.00 100.00 100.00 100.00 99.00 100.00 99.01
 %time 1481749055
 %usr 1.75 0.00 0.00 0.00 0.00 0.00 0.00 0.00 0.00 10.89 17.00 0.00 0.00 0.00 0.00 0.00 0.00
 %sys 1.44 1.01 1.01 0.99 0.00 0.00 0.00 0.00 0.00 5.94 12.00 0.00 1.01 0.99 0.00 0.00 0.00
 %idle 86.88 98.99 98.99 99.01 96.97 100.00 100.00 100.00 100.00 0.00 0.00 100.00 98.99 99.01 100.00 100.00 100.00
 %time 1481749056
 %usr 1.12 0.00 0.00 0.00 0.00 0.00 0.00 0.00 0.00 5.00 13.00 0.00 0.00 0.00 0.00 0.00 0.00
 %sys 1.00 1.00 0.99 0.00 0.00 0.00 0.99 0.00 0.00 3.00 9.00 1.00 1.00 0.00 0.00 0.00 0.00
 %idle 87.25 99.00 99.01 100.00 100.00 100.00 99.01 100.00 100.00 0.00 0.00 99.00 99.00 100.00 100.00 100.00 100.00
 %time 1481749057
 %usr 1.38 0.00 0.00 0.00 0.00 0.00 0.00 0.00 0.00 2.02 20.00 0.00 0.00 0.00 0.00 0.00 0.00
 %sys 1.19 1.01 0.00 0.00 0.00 0.00 0.00 0.99 0.00 3.03 12.00 1.00 0.00 0.99 0.00 0.00 0.99
 %idle 87.24 98.99 100.00 100.00 100.00 100.00 100.00 99.01 100.00 0.00 0.00 99.00 100.00 99.01 100.00 100.00 99.01
 %time 1481749058
 %usr 1.31 0.00 0.00 0.00 0.00 0.00 0.00 0.00 0.00 1.98 19.00 0.00 0.00 0.00 0.00 0.00 0.00
 %sys 1.13 1.00 0.00 0.00 0.00 0.00 0.00 0.00 0.99 2.97 12.00 0.00 0.00 0.00 1.00 0.00 0.00
 %idle 87.24 99.00 100.00 100.00 100.00 100.00 100.00 100.00 99.01 0.00 0.00 100.00 100.00 100.00 99.00 100.00 100.00
 %time 1481749060
 %usr 1.44 0.00 0.00 0.00 0.00 0.00 0.00 0.00 0.00 2.02 21.00 0.00 0.00 0.00 0.00 0.00 0.00
 %sys 1.25 1.00 1.00 0.99 0.00 0.00 0.00 0.00 0.00 2.02 13.00 1.00 1.00 0.99 0.00 0.00 0.00
 %idle 87.19 99.00 99.00 99.01 100.00 100.00 100.00 100.00 100.00 0.00 0.00 99.00 99.00 99.01 100.00 100.00 100.00
 %time 1481749061
 %usr 1.38 0.00 0.00 0.00 0.00 0.00 0.00 0.00 0.00 1.98 21.00 0.00 0.00 0.00 0.00 0.00 0.00
 %sys 1.19 1.00 0.00 0.00 0.00 0.00 0.00 0.00 0.00 2.97 12.00 0.00 1.00 0.00 0.99 0.00 0.00
 %idle 87.25 99.00 100.00 100.00 100.00 100.00 100.00 100.00 100.00 0.00 0.00 100.00 99.00 100.00 99.01 100.00 100.00
 %time 1481749062
 %usr 1.19 0.00 0.00 0.00 0.00 0.00 0.00 0.00 0.00 3.03 15.84 0.00 0.00 0.00 0.00 0.00 0.00
 %sys 1.12 1.00 1.00 0.00 0.99 0.00 0.00 0.00 0.00 3.03 9.90 0.99 1.00 0.99 0.99 0.00 0.99
 %idle 87.20 99.00 99.00 100.00 99.01 100.00 100.00 100.00 100.00 0.00 0.00 99.01 99.00 99.01 99.01 100.00 99.01
 %time 1481749063
 %usr 1.31 0.00 0.00 0.00 0.00 0.00 0.00 0.00 0.00 8.00 12.87 0.00 0.00 0.00 0.00 0.00 0.00
 %sys 1.31 1.00 0.00 0.99 0.00 0.00 0.00 0.00 0.99 6.00 8.91 0.99 1.00 0.00 0.00 0.00 0.00
 %idle 87.02 99.00 100.00 99.01 100.00 100.00 100.00 100.00 99.01 0.00 0.00 99.01 99.00 100.00 100.00 100.00 100.00
 %time 1481749064
 %usr 1.81 0.00 0.00 0.00 0.00 0.00 0.00 0.00 0.00 12.87 16.83 0.00 0.00 0.00 0.00 0.00 0.00
 %sys 1.75 1.00 1.00 0.00 1.00 0.00 0.99 1.98 0.00 8.91 11.88 0.00 1.00 0.00 0.00 0.00 0.00
 %idle 87.01 99.00 99.00 100.00 99.00 100.00 99.01 98.02 100.00 0.00 0.00 100.00 99.00 100.00 100.00 100.00 100.00
 %time 1481749065
 %usr 1.44 0.00 0.00 0.00 0.00 0.00 0.00 0.00 0.00 13.13 9.00 0.00 0.00 0.00 0.00 0.00 0.00
 %sys 1.25 1.01 2.00 0.00 0.00 0.00 0.00 0.00 0.00 8.08 7.00 0.00 0.00 0.00 0.00 0.00 1.00
 %idle 87.19 98.99 98.00 100.00 100.00 100.00 100.00 100.00 100.00 0.00 0.00 100.00 100.00 100.00 100.00 100.00 99.00
 %time 1481749066
 %usr 1.19 0.00 0.00 0.00 0.00 0.00 0.00 0.00 0.00 13.00 5.00 0.00 0.00 0.00 0.00 0.00 0.00
 %sys 1.25 0.99 0.00 0.00 0.00 0.00 0.00 0.00 1.00 11.00 3.00 0.00 0.00 1.00 0.00 0.00 0.00
 %idle 87.13 99.01 100.00 100.00 100.00 100.00 100.00 100.00 99.00 0.00 0.00 100.00 100.00 99.00 100.00 100.00 100.00
 %time 1481749067
 %usr 1.56 0.00 0.00 0.00 0.00 0.00 0.00 0.00 0.00 22.00 3.00 0.00 0.00 0.00 0.00 0.00 0.00
 %sys 1.44 1.01 2.00 0.99 1.00 0.00 0.00 0.00 0.00 14.00 3.00 0.99 0.99 0.00 0.00 0.00 0.00
 %idle 87.06 98.99 98.00 99.01 99.00 100.00 100.00 100.00 100.00 0.00 0.00 99.01 99.01 100.00 100.00 100.00 100.00
 %time 1481749069
 %usr 1.44 0.00 0.00 0.00 0.00 0.00 0.00 0.00 0.00 18.00 5.94 0.00 0.00 0.00 0.00 0.00 0.00
 %sys 1.44 1.00 0.99 1.00 0.00 0.00 0.00 0.99 0.00 12.00 3.96 1.00 0.99 0.00 0.00 0.00 0.99
 %idle 87.06 99.00 99.01 99.00 100.00 100.00 100.00 99.01 100.00 0.00 0.00 99.00 99.01 99.01 100.00 100.00 99.01
 %time 1481749070
 %usr 2.06 0.00 0.00 0.00 0.00 0.00 0.00 0.00 0.00 17.82 15.00 0.00 0.00 0.00 0.00 0.00 0.00
 %sys 1.81 1.01 1.00 1.00 1.00 0.00 0.00 0.00 0.00 11.88 11.00 0.00 0.00 0.99 0.00 0.00 0.00
 %idle 87.05 98.99 99.00 99.00 99.00 100.00 100.00 100.00 100.00 0.00 0.00 100.00 100.00 99.01 100.00 100.00 100.00
 %time 1481749071
 %usr 1.75 0.00 0.00 0.00 0.00 0.00 0.00 0.00 0.00 11.88 17.17 0.00 0.00 0.00 0.00 0.00 0.00
 %sys 1.56 1.00 1.00 0.00 0.00 0.00 0.00 0.00 0.00 7.92 11.11 1.00 1.00 0.00 1.00 0.00 1.00
 %idle 87.12 99.00 99.00 100.00 100.00 100.00 100.00 100.00 100.00 0.00 0.00 99.00 99.00 100.00 99.00 100.00 99.00
 %time 1481749073
 %usr 1.94 0.00 0.00 0.00 0.00 0.00 0.00 0.00 0.00 17.00 13.86 0.00 0.00 0.00 0.00 0.00 0.00
 %sys 1.63 1.00 1.00 1.00 0.99 0.00 0.00 0.00 0.00 10.00 9.90 1.00 2.00 0.00 0.00 0.00 0.00
 %idle 87.05 99.00 99.00 99.00 99.01 100.00 100.00 100.00 100.00 0.00 0.00 99.00 98.00 100.00 100.00 100.00 100.00
 %time 1481749074
 %usr 1.88 0.00 0.00 0.00 0.00 0.00 0.00 0.00 0.00 12.00 17.17 0.00 0.00 0.00 0.00 0.00 0.00
 %sys 1.69 1.01 0.00 0.00 0.99 0.00 1.00 1.00 1.00 8.00 12.12 0.99 0.00 0.00 0.99 0.00 0.99
 %idle 87.06 98.99 100.00 100.00 99.01 100.00 99.00 99.00 99.00 0.00 0.00 99.01 100.00 100.00 99.01 100.00 99.01
 %time 1481749075
 %usr 1.88 0.00 0.00 0.00 0.00 0.00 0.00 0.00 0.00 17.17 11.88 0.00 0.00 0.00 0.00 0.00 0.00
 %sys 1.63 3.00 1.00 0.99 1.00 0.00 0.00 0.00 1.00 12.12 7.92 0.00 0.00 0.00 0.00 0.00 1.00
 %idle 87.05 97.00 99.00 99.01 99.00 100.00 100.00 100.00 99.00 0.00 0.00 100.00 100.00 100.00 100.00 100.00 99.00
 %time 1481749076
 %usr 1.75 0.00 0.00 0.00 0.00 0.00 0.00 0.00 0.00 24.75 3.00 0.00 0.00 0.00 0.00 0.00 0.00
 %sys 1.50 1.00 1.01 0.00 0.00 0.00 0.99 2.00 0.00 15.84 2.00 1.00 0.00 0.00 0.00 0.00 0.00
 %idle 87.12 99.00 98.99 100.00 100.00 100.00 99.01 98.00 100.00 0.00 0.00 99.00 100.00 100.00 100.00 100.00 100.00
 %time 1481749077
 %usr 1.50 0.00 0.00 0.00 0.00 0.00 0.00 0.00 0.00 23.00 0.99 0.00 0.00 0.00 0.00 0.00 0.00
 %sys 1.31 0.00 1.98 1.00 0.00 0.00 0.00 0.99 0.00 13.00 1.98 0.00 0.00 0.99 0.00 0.00 0.00
 %idle 87.08 100.00 98.02 99.00 100.00 100.00 100.00 99.01 100.00 0.00 0.00 100.00 100.00 99.01 100.00 100.00 100.00
 %time 1481749078
 %usr 1.31 0.00 0.00 0.00 0.00 0.00 0.00 0.00 0.00 19.19 0.99 0.00 0.00 0.00 0.00 0.00 0.00
 %sys 1.19 0.00 1.00 0.00 1.00 0.00 0.00 0.00 0.00 12.12 1.98 0.00 0.00 0.00 0.00 0.00 1.00
 %idle 87.12 100.00 99.00 100.00 99.00 100.00 100.00 100.00 100.00 0.00 0.00 100.00 100.00 100.00 100.00 100.00 99.00
 %time 1481749079
 %usr 1.44 0.00 0.00 0.00 0.00 0.00 0.00 0.00 0.00 20.79 2.97 0.00 0.00 0.00 0.00 0.00 0.00
 %sys 1.31 1.00 0.00 0.99 0.00 0.00 0.00 0.00 0.00 12.87 2.97 1.00 0.00 0.00 1.00 0.00 0.00
 %idle 87.18 99.00 100.00 99.01 100.00 100.00 100.00 100.00 100.00 0.00 0.00 99.00 100.00 100.00 99.00 100.00 100.00
 %time 1481749080
 %usr 1.62 0.00 0.00 0.00 0.00 0.00 0.00 0.00 0.00 25.25 2.00 0.00 0.00 0.00 0.00 0.00 0.00
 %sys 1.50 1.00 1.98 0.00 0.00 0.99 1.00 0.00 0.00 13.13 3.00 1.00 1.00 0.99 0.99 0.00 0.00
 %idle 87.06 99.00 98.02 100.00 100.00 99.01 99.00 100.00 100.00 0.00 0.00 99.00 99.00 99.01 99.01 100.00 100.00
 %time 1481749082
 %usr 1.75 0.00 0.00 0.00 0.00 0.00 0.00 0.00 0.00 20.79 6.00 0.00 0.00 0.00 0.00 0.00 0.00
 %sys 1.56 2.00 0.00 0.99 0.99 0.00 0.00 0.99 1.00 13.86 5.00 0.99 0.00 0.00 0.00 0.00 0.00
 %idle 87.06 98.00 100.00 99.01 99.01 100.00 100.00 99.01 99.00 0.00 0.00 99.01 100.00 100.00 100.00 100.00 100.00
 %time 1481749083
 %usr 1.75 0.00 0.00 0.00 0.00 0.00 0.00 0.00 0.00 27.00 2.00 0.00 0.00 0.00 0.00 0.00 0.00
 %sys 1.50 2.00 0.00 0.00 0.00 1.00 0.00 0.00 0.00 16.00 1.00 0.00 1.00 0.00 0.99 0.00 0.00
 %idle 87.12 98.00 100.00 100.00 100.00 99.00 100.00 100.00 100.00 0.00 0.00 100.00 99.00 100.00 99.01 100.00 100.00
 %time 1481749084
 %usr 1.19 0.00 0.00 0.00 0.00 0.00 0.00 0.00 0.00 15.00 4.00 0.00 0.00 0.00 0.00 0.00 0.00
 %sys 1.06 1.00 0.00 0.00 0.00 0.00 0.99 0.00 0.00 8.00 4.00 0.00 0.00 0.00 0.00 0.00 0.00
 %idle 87.24 99.00 100.00 100.00 100.00 100.00 99.01 100.00 100.00 0.00 0.00 100.00 100.00 100.00 100.00 100.00 100.00
 %time 1481749085
 %usr 1.44 0.00 0.00 0.00 0.00 0.00 0.00 0.00 0.00 5.00 18.18 0.00 0.00 0.00 0.00 0.00 0.00
 %sys 1.12 1.01 0.00 0.00 0.99 0.99 0.00 0.00 0.00 3.00 10.10 0.00 1.00 0.99 0.00 0.00 0.00
 %idle 87.19 98.99 100.00 100.00 99.01 99.01 100.00 100.00 100.00 0.00 0.00 100.00 99.00 99.01 100.00 100.00 100.00
 %time 1481749086
 %usr 1.75 0.00 0.00 0.00 0.00 0.00 0.00 0.00 0.00 2.02 26.00 0.00 0.00 0.00 0.00 0.00 0.00
 %sys 1.44 2.00 1.00 1.00 0.99 2.00 0.00 0.00 0.00 1.01 16.00 0.00 0.99 0.00 0.00 0.00 0.00
 %idle 87.12 98.00 99.00 99.00 99.01 98.00 100.00 100.00 100.00 0.00 0.00 100.00 99.01 100.00 100.00 100.00 100.00
 %time 1481749087
 %usr 1.75 0.00 0.00 0.00 0.00 0.00 0.00 0.00 0.00 3.00 26.00 0.00 0.00 0.00 0.00 0.00 0.00
 %sys 1.56 1.00 1.00 1.00 0.00 1.00 0.00 1.00 0.00 3.00 16.00 0.99 2.00 0.00 0.00 0.00 0.00
 %idle 87.17 99.00 99.00 99.00 100.00 99.00 100.00 99.00 100.00 0.00 0.00 99.01 98.00 100.00 100.00 100.00 100.00
 %time 1481749088
 %usr 1.81 0.00 0.00 0.00 0.00 0.00 0.00 0.00 0.00 0.99 28.28 0.00 0.00 0.00 0.00 0.00 0.00
 %sys 1.50 1.01 1.00 1.00 1.00 0.99 0.00 0.00 0.00 1.98 17.17 1.00 0.99 0.99 1.00 0.00 0.99
 %idle 87.17 98.99 99.00 99.00 99.00 99.01 100.00 100.00 100.00 0.00 0.00 99.00 99.01 99.01 99.00 100.00 99.01
 %time 1481749089
 %usr 1.56 0.00 0.00 0.00 0.00 0.00 0.00 0.00 0.00 0.00 25.00 0.00 0.00 0.00 0.00 0.00 0.00
 %sys 1.56 1.00 1.00 1.00 0.00 1.00 0.00 0.00 0.00 1.00 16.00 1.98 1.00 0.00 0.00 0.00 0.00
 %idle 87.01 99.00 99.00 99.00 100.00 99.00 100.00 100.00 100.00 0.00 0.00 98.02 99.00 100.00 100.00 100.00 100.00
 %time 1481749091
 %usr 1.06 0.00 0.00 0.00 0.00 0.00 0.00 0.00 0.00 5.00 12.12 0.00 0.00 0.00 0.00 0.00 0.00
 %sys 1.19 1.01 0.00 0.00 0.00 0.00 0.00 1.00 0.00 4.00 8.08 0.99 0.00 1.00 0.00 0.00 0.00
 %idle 87.06 98.99 100.00 100.00 100.00 100.00 100.00 99.00 100.00 0.00 0.00 99.01 100.00 99.00 100.00 100.00 100.00
 %time 1481749092
 %usr 1.81 0.00 0.00 0.00 0.00 0.00 0.00 0.00 0.00 6.06 22.77 0.00 0.00 0.00 0.00 0.00 0.00
 %sys 1.56 2.00 1.00 0.99 1.00 0.00 0.00 0.00 0.00 3.03 15.84 1.00 0.00 0.00 0.00 0.00 0.99
 %idle 87.12 98.00 99.00 99.01 99.00 100.00 100.00 100.00 100.00 0.00 0.00 99.00 100.00 100.00 100.00 100.00 99.01
 %time 1481749093
 %usr 1.50 0.00 0.00 0.00 0.00 0.00 0.00 0.00 0.00 1.01 22.00 0.00 0.00 0.00 0.00 0.00 0.00
 %sys 1.50 1.98 1.01 1.00 1.00 1.00 0.00 0.00 0.99 1.01 15.00 0.99 1.98 0.00 0.00 0.00 0.00
 %idle 87.05 98.02 98.99 99.00 99.00 99.00 100.00 100.00 99.01 0.00 0.00 99.01 98.02 100.00 100.00 100.00 100.00
 %time 1481749094
 %usr 1.56 0.00 0.00 0.00 0.00 0.00 0.00 0.00 0.00 1.98 24.00 0.00 0.00 0.00 0.00 0.00 0.00
 %sys 1.44 1.00 0.00 0.00 0.00 0.99 0.00 0.00 0.00 2.97 14.00 0.99 0.00 0.99 1.00 0.00 0.00
 %idle 87.13 99.00 100.00 100.00 100.00 99.01 100.00 100.00 100.00 0.00 0.00 99.01 100.00 99.01 99.00 100.00 100.00
 %time 1481749095
 %usr 1.63 0.00 0.00 0.00 0.00 0.00 0.00 0.00 0.00 9.09 16.16 0.00 0.00 0.00 0.00 0.00 0.00
 %sys 1.50 2.00 0.00 0.99 1.00 0.99 1.00 0.00 1.00 8.08 9.09 0.00 0.00 0.00 0.00 0.00 1.00
 %idle 87.12 98.00 100.00 99.01 99.00 99.01 99.00 100.00 99.00 0.00 0.00 100.00 100.00 100.00 100.00 100.00 99.00
 %time 1481749096
 %usr 2.19 0.00 0.00 0.00 0.00 0.00 0.00 0.00 0.00 31.00 4.00 0.00 0.00 0.00 0.00 0.00 0.00
 %sys 2.00 1.01 1.00 1.00 1.00 1.00 1.00 0.99 1.00 19.00 3.00 1.00 0.00 0.99 0.99 0.00 0.00
 %idle 86.88 98.99 99.00 99.00 99.00 99.00 99.00 99.01 99.00 0.00 0.00 99.00 100.00 99.01 99.01 100.00 100.00
 %time 1481749097
 %usr 1.81 0.00 0.00 0.00 0.00 0.00 0.00 0.00 0.00 26.26 2.97 0.00 0.00 0.00 0.00 0.00 0.00
 %sys 1.56 1.98 1.00 1.00 1.98 0.00 0.00 0.00 0.00 16.16 3.96 0.99 0.00 0.00 0.00 0.00 0.99
 %idle 87.17 98.02 99.00 99.00 98.02 100.00 100.00 100.00 100.00 0.00 0.00 99.01 100.00 100.00 100.00 100.00 99.01
 %time 1481749098
 %usr 1.75 0.00 0.00 0.00 0.00 0.00 0.00 0.00 0.00 25.00 2.00 0.00 0.00 0.00 0.00 0.00 0.00
 %sys 1.50 1.98 0.00 0.00 0.00 1.00 0.00 0.00 0.00 15.00 2.00 1.00 1.98 0.00 0.00 0.00 0.00
 %idle 87.06 98.02 100.00 100.00 100.00 99.00 100.00 100.00 100.00 0.00 0.00 99.00 98.02 100.00 100.00 100.00 100.00
 %time 1481749099
 %usr 1.94 0.00 0.00 0.00 0.00 0.00 0.00 0.00 0.00 29.29 2.02 0.00 0.00 0.00 0.00 0.00 0.00
 %sys 1.63 1.00 0.99 1.00 1.00 0.00 0.00 0.99 0.00 16.16 2.02 1.00 1.00 0.99 0.00 0.00 0.00
 %idle 87.05 99.00 99.01 99.00 99.00 100.00 100.00 99.01 100.00 0.00 0.00 99.00 99.00 99.01 100.00 100.00 100.00
 %time 1481749101
 %usr 2.00 0.00 0.00 0.00 0.00 0.00 0.00 0.00 0.00 30.00 1.98 0.00 0.00 0.00 0.00 0.00 0.00
 %sys 1.63 1.00 0.00 0.99 0.00 0.00 0.00 0.00 0.99 17.00 2.97 1.01 1.00 0.00 0.00 0.00 1.00
 %idle 87.05 99.00 100.00 99.01 100.00 100.00 100.00 100.00 99.01 0.00 0.00 98.99 99.00 100.00 100.00 100.00 99.00
 %time 1481749102
 %usr 1.94 0.00 0.00 0.00 0.00 0.00 0.00 0.00 0.00 27.00 3.00 0.00 0.00 0.00 0.00 0.00 0.00
 %sys 1.56 1.01 0.00 0.00 0.00 0.00 0.00 0.00 0.00 15.00 4.00 1.00 0.99 1.00 1.00 0.99 0.00
 %idle 87.12 98.99 100.00 100.00 100.00 100.00 100.00 100.00 100.00 0.00 0.00 99.00 99.01 99.00 99.00 99.01 100.00
 %time 1481749103
 %usr 1.88 0.00 0.00 0.00 0.00 0.00 0.00 0.00 0.00 27.27 3.00 0.00 0.00 0.00 0.00 0.00 0.00
 %sys 1.62 1.01 1.00 0.00 0.00 1.00 0.00 0.99 0.00 16.16 2.00 1.00 1.00 0.99 0.00 0.00 0.99
 %idle 87.06 98.99 99.00 100.00 100.00 99.00 100.00 99.01 100.00 0.00 0.00 99.00 99.00 99.01 100.00 100.00 99.01
 %time 1481749104
 %usr 2.07 0.00 0.00 0.00 0.00 0.00 0.00 0.00 0.00 23.00 9.80 0.00 0.00 0.00 0.00 0.00 0.00
 %sys 1.75 0.00 1.00 0.00 0.00 0.00 0.00 0.00 0.00 15.00 7.84 1.00 1.01 0.00 0.99 1.01 0.00
 %idle 87.11 100.00 99.00 100.00 100.00 100.00 100.00 100.00 100.00 0.00 0.00 99.00 98.99 100.00 99.01 98.99 100.00
 %time 1481749105
 %usr 2.44 0.00 0.00 0.00 0.00 0.00 0.00 0.00 0.00 24.00 15.15 0.00 0.00 0.00 0.00 0.00 0.00
 %sys 2.07 1.00 2.00 1.98 1.98 0.00 0.00 0.00 0.00 14.00 10.10 1.00 1.00 1.00 0.00 0.00 1.00
 %idle 86.98 99.00 98.00 98.02 98.02 100.00 100.00 100.00 100.00 0.00 0.00 99.00 99.00 99.00 100.00 100.00 99.00
 %time 1481749106
 %usr 2.19 0.00 0.00 0.00 0.00 0.00 0.00 0.00 0.00 18.00 16.16 0.00 0.00 0.00 0.00 0.00 0.00
 %sys 2.00 0.00 0.00 1.00 0.00 0.00 0.00 1.00 0.00 12.00 12.12 1.00 2.00 0.00 0.00 1.01 0.00
 %idle 87.00 100.00 100.00 99.00 100.00 100.00 100.00 99.00 100.00 0.00 0.00 99.00 98.00 100.00 100.00 98.99 100.00
 %time 1481749107
 %usr 2.00 0.00 0.00 0.00 0.00 0.00 0.00 0.00 0.00 12.12 19.00 0.00 0.00 0.00 0.00 0.00 0.00
 %sys 1.81 2.97 1.01 0.00 0.99 0.00 0.99 0.00 0.00 8.08 13.00 0.00 0.00 0.00 0.99 0.00 0.00
 %idle 87.00 97.03 98.99 100.00 99.01 100.00 99.01 100.00 100.00 0.00 0.00 100.00 100.00 100.00 99.01 100.00 100.00
 %time 1481749108
 %usr 2.00 0.00 0.00 0.00 0.00 0.00 0.00 0.00 0.00 13.00 20.00 0.00 0.00 0.00 0.00 0.00 0.00
 %sys 1.88 1.00 2.00 1.00 1.00 0.00 0.99 0.99 0.00 8.00 13.00 0.00 0.00 0.00 0.00 0.99 1.00
 %idle 86.99 99.00 98.00 99.00 99.00 100.00 99.01 99.01 100.00 0.00 0.00 100.00 100.00 100.00 100.00 99.01 99.00
 %time 1481749110
 %usr 2.32 0.00 0.00 0.00 0.00 0.00 0.00 0.00 0.00 7.92 29.70 0.00 0.00 0.00 0.00 0.00 0.00
 %sys 1.88 1.00 0.00 2.00 0.99 0.00 0.00 1.00 0.00 4.95 17.82 1.00 0.00 1.00 0.00 0.00 0.00
 %idle 87.10 99.00 100.00 98.00 99.01 100.00 100.00 99.00 100.00 0.00 0.00 99.00 100.00 99.00 100.00 100.00 100.00
 %time 1481749111
 %usr 1.81 0.00 0.00 0.00 0.00 0.00 0.00 0.00 0.00 8.00 21.00 0.00 0.00 0.00 0.00 0.00 0.00
 %sys 1.69 2.00 1.01 0.00 0.00 0.99 0.00 1.00 0.99 7.00 13.00 1.00 0.00 0.00 0.00 0.00 0.00
 %idle 87.05 98.00 98.99 100.00 100.00 99.01 100.00 99.00 99.01 0.00 0.00 99.00 100.00 100.00 100.00 100.00 100.00
 %time 1481749112
 %usr 2.07 0.00 0.00 0.00 0.00 0.00 0.00 0.00 0.00 15.15 17.82 0.00 0.00 0.00 0.00 0.00 0.00
 %sys 1.69 2.00 1.00 0.00 0.00 0.00 0.00 2.00 0.00 9.09 11.88 0.00 0.00 0.99 0.00 0.00 0.00
 %idle 87.11 98.00 99.00 100.00 100.00 100.00 100.00 98.00 100.00 0.00 0.00 100.00 100.00 99.01 100.00 100.00 100.00
 %time 1481749113
 %usr 2.19 0.00 0.00 0.00 0.00 0.00 0.00 0.00 0.00 15.00 20.00 0.00 0.00 0.00 0.00 0.00 0.00
 %sys 1.94 1.01 1.01 0.00 1.00 0.00 0.00 1.98 0.00 10.00 13.00 0.00 0.99 0.00 0.00 0.00 0.99
 %idle 86.99 98.99 98.99 100.00 99.00 100.00 100.00 98.02 100.00 0.00 0.00 100.00 99.01 100.00 100.00 100.00 99.01
 %time 1481749114
 %usr 2.19 0.00 0.00 0.00 0.00 0.00 0.00 0.00 0.00 15.00 19.80 0.00 0.00 0.00 0.00 0.00 0.00
 %sys 4.06 2.00 1.00 2.97 0.00 0.99 0.00 1.00 0.00 25.00 30.69 1.01 1.00 1.00 0.00 1.00 0.00
 %idle 86.88 98.00 99.00 97.03 100.00 99.01 100.00 99.00 100.00 0.00 0.00 98.99 99.00 99.00 100.00 99.00 100.00
 %time 1481749115
 %usr 1.56 0.00 0.00 0.00 0.00 0.00 0.00 0.00 0.00 18.00 7.92 0.00 0.00 0.00 0.00 0.00 0.00
 %sys 2.50 2.00 1.00 0.99 1.00 0.00 0.00 0.00 0.99 22.00 9.90 0.99 0.00 0.00 0.00 1.00 1.00
 %idle 87.05 98.00 99.00 99.01 99.00 100.00 100.00 100.00 99.01 0.00 0.00 99.01 100.00 100.00 100.00 99.00 99.00
 %time 1481749116
 %usr 1.88 0.00 0.00 0.00 0.00 0.00 0.00 0.00 0.00 20.20 9.00 0.00 0.00 0.00 0.00 0.00 0.00
 %sys 3.06 1.98 1.01 0.00 0.00 1.00 0.00 0.00 0.00 25.25 17.00 1.00 0.00 0.00 0.00 0.00 0.00
 %idle 87.06 98.02 98.99 100.00 100.00 99.00 100.00 100.00 100.00 0.00 0.00 99.00 100.00 100.00 100.00 100.00 100.00
 %time 1481749118
 %usr 2.31 0.00 0.00 0.00 0.00 0.00 0.00 0.00 0.00 16.16 20.00 0.00 0.00 0.00 0.00 0.00 0.00
 %sys 3.88 2.00 1.98 0.00 1.00 1.01 0.00 0.99 0.00 26.26 28.00 0.99 0.00 0.00 0.00 0.00 0.00
 %idle 86.99 98.00 98.02 100.00 99.00 98.99 100.00 99.01 100.00 0.00 0.00 99.01 100.00 100.00 100.00 100.00 100.00
 %time 1481749119
 %usr 2.19 0.00 0.00 0.00 0.00 0.00 0.00 0.00 0.00 16.83 17.82 0.00 0.00 0.00 0.00 0.00 0.00
 %sys 3.75 1.00 2.00 0.00 1.00 2.02 0.99 0.00 0.00 22.77 30.69 0.00 0.00 0.00 0.00 0.00 0.00
 %idle 86.99 99.00 98.00 100.00 99.00 97.98 99.01 100.00 100.00 0.00 0.00 100.00 100.00 100.00 100.00 100.00 100.00
 %time 1481749120
 %usr 2.19 0.00 0.00 0.00 0.00 0.00 0.00 0.00 0.00 14.00 21.00 0.00 0.00 0.00 0.00 0.00 0.00
 %sys 3.88 1.98 2.00 0.00 1.00 0.00 0.00 0.99 1.00 24.00 30.00 1.00 0.00 0.00 0.00 0.00 0.00
 %idle 86.99 98.02 98.00 100.00 99.00 100.00 100.00 99.01 99.00 0.00 0.00 99.00 100.00 100.00 100.00 100.00 100.00
 %time 1481749121
 %usr 2.32 0.00 0.00 0.00 0.00 0.00 0.00 0.00 0.00 8.00 29.00 0.00 0.00 0.00 0.00 0.00 0.00
 %sys 3.75 1.01 0.00 0.00 0.00 0.99 0.00 0.00 0.00 11.00 41.00 1.00 2.00 0.00 0.00 0.00 0.00
 %idle 87.05 98.99 100.00 100.00 100.00 99.01 100.00 100.00 100.00 0.00 0.00 99.00 98.00 100.00 100.00 100.00 100.00
 %time 1481749122
 %usr 2.25 0.00 0.00 0.00 0.00 0.00 0.00 0.00 0.00 13.13 22.00 0.00 0.00 0.00 0.00 0.00 0.00
 %sys 3.69 1.01 0.00 0.00 0.99 0.00 0.00 0.00 0.00 20.20 32.00 1.00 1.00 0.00 0.00 1.00 0.99
 %idle 87.05 98.99 100.00 100.00 99.01 100.00 100.00 100.00 100.00 0.00 0.00 99.00 99.00 100.00 100.00 99.00 99.01
 %time 1481749123
 %usr 2.37 0.00 0.00 0.00 0.00 0.00 0.00 0.00 0.00 21.00 16.83 0.00 0.00 0.00 0.00 0.00 0.00
 %sys 4.12 3.96 1.98 1.00 1.01 0.99 0.99 0.00 0.00 31.00 25.74 0.00 0.00 0.99 0.00 0.00 0.00
 %idle 86.83 96.04 98.02 99.00 98.99 99.01 99.01 100.00 100.00 0.00 0.00 100.00 100.00 99.01 100.00 100.00 100.00
 %time 1481749124
 %usr 2.13 0.00 0.00 0.00 0.00 0.00 0.00 0.00 0.00 10.10 23.76 0.00 0.00 0.00 0.00 0.00 0.00
 %sys 3.56 1.01 2.02 0.99 1.98 0.00 0.00 0.00 0.99 13.13 35.64 1.00 0.00 0.00 0.99 0.00 0.99
 %idle 87.05 98.99 97.98 99.01 98.02 100.00 100.00 100.00 99.01 0.00 0.00 99.00 100.00 100.00 99.01 100.00 99.01
 %time 1481749125
 %usr 2.38 0.00 0.00 0.00 0.00 0.00 0.00 0.00 0.00 14.00 23.76 0.00 0.00 0.00 0.00 0.00 0.00
 %sys 3.63 1.00 1.01 2.00 0.00 0.00 0.00 1.00 0.00 20.00 31.68 0.00 0.00 0.00 0.00 0.00 0.00
 %idle 87.10 99.00 98.99 98.00 100.00 100.00 100.00 99.00 100.00 0.00 0.00 100.00 100.00 100.00 100.00 100.00 100.00
 %time 1481749127
 %usr 2.32 0.00 0.00 0.00 0.00 0.00 0.00 0.00 0.00 24.24 13.00 0.00 0.00 0.00 0.00 0.00 0.00
 %sys 3.94 2.00 1.00 2.00 0.00 0.00 0.00 2.00 0.00 38.38 16.00 1.00 0.00 0.99 0.00 0.00 1.00
 %idle 86.98 98.00 99.00 98.00 100.00 100.00 100.00 98.00 100.00 0.00 0.00 99.00 100.00 99.01 100.00 100.00 99.00
 %time 1481749128
 %usr 2.25 0.00 0.00 0.00 0.00 0.00 0.00 0.00 0.00 31.00 5.94 0.00 0.00 0.00 0.00 0.00 0.00
 %sys 2.88 2.00 0.99 1.00 0.00 1.00 0.00 0.00 0.00 24.00 14.85 0.00 1.00 0.99 0.00 0.00 0.00
 %idle 87.12 98.00 99.01 99.00 100.00 99.00 100.00 100.00 100.00 0.00 0.00 100.00 99.00 99.01 100.00 100.00 100.00
 %time 1481749129
 %usr 9.38 0.00 0.00 0.00 0.00 0.00 0.00 0.00 0.00 100.00 50.51 0.00 0.00 0.00 0.00 0.00 0.00
 %sys 3.69 2.00 2.00 1.01 0.00 1.00 0.00 0.99 0.00 0.00 49.49 0.00 0.00 0.00 0.99 0.00 0.00
 %idle 86.93 98.00 98.00 98.99 100.00 99.00 100.00 99.01 100.00 0.00 0.00 100.00 100.00 100.00 99.01 100.00 100.00
 %time 1481749130
 %usr 12.50 0.00 0.00 0.00 0.00 0.00 0.00 0.00 0.00 100.00 100.00 0.00 0.00 0.00 0.00 0.00 0.00
 %sys 0.06 1.00 0.00 0.00 0.00 0.00 0.00 0.00 0.00 0.00 0.00 0.00 0.00 0.00 0.00 0.00 0.00
 %idle 87.44 99.00 100.00 100.00 100.00 100.00 100.00 100.00 100.00 0.00 0.00 100.00 100.00 100.00 100.00 100.00 100.00
 %time 1481749131
 %usr 12.51 0.00 0.00 0.00 0.00 0.00 0.00 0.00 0.00 100.00 100.00 0.00 0.00 0.00 0.00 0.00 0.00
 %sys 0.06 1.00 0.00 0.00 0.00 0.00 0.00 0.00 0.00 0.00 0.00 0.99 0.00 0.99 0.00 0.00 0.00
 %idle 87.30 99.00 100.00 100.00 98.00 100.00 100.00 100.00 100.00 0.00 0.00 99.01 100.00 99.01 100.00 100.00 100.00
 %time 1481749132
 %usr 12.50 0.00 0.00 0.00 0.00 0.00 0.00 0.00 0.00 100.00 100.00 0.00 0.00 0.00 0.00 0.00 0.00
 %sys 0.00 0.00 0.00 0.00 0.00 0.00 0.00 0.00 0.00 0.00 0.00 0.00 0.00 0.00 0.00 0.00 0.00
 %idle 87.50 100.00 100.00 100.00 100.00 100.00 100.00 100.00 100.00 0.00 0.00 100.00 100.00 100.00 100.00 100.00 100.00
 %time 1481749133
 %usr 6.12 2.00 0.00 0.00 0.00 0.00 0.00 0.00 0.00 47.52 48.00 0.00 0.00 0.00 0.00 0.00 0.00
 %sys 0.25 1.00 0.00 0.00 0.00 0.00 0.00 0.00 0.00 0.99 2.00 0.00 0.00 0.00 0.00 0.00 0.00
 %idle 92.25 97.00 100.00 99.00 100.00 100.00 100.00 100.00 100.00 40.59 41.00 100.00 100.00 100.00 100.00 100.00 100.00
 %time 1481749134
 %usr 0.00 0.00 0.00 0.00 0.00 0.00 0.00 0.00 0.00 0.00 0.00 0.00 0.00 0.00 0.00 0.00 0.00
 %sys 0.06 0.00 0.00 0.00 0.00 0.00 0.00 0.00 0.00 0.00 0.00 1.00 0.00 0.00 0.99 0.00 0.00
 %idle 99.94 100.00 100.00 100.00 100.00 100.00 100.00 100.00 100.00 100.00 100.00 99.00 100.00 100.00 99.01 100.00 100.00
 %time 1481749136
 %usr 0.00 0.00 0.00 0.00 0.00 0.00 0.00 0.00 0.00 0.00 0.00 0.00 0.00 0.00 0.00 0.00 0.00
 %sys 0.00 0.00 0.00 0.00 0.00 0.00 0.00 0.00 0.00 0.00 0.00 0.00 0.00 0.00 0.00 0.00 0.00
 %idle 100.00 100.00 100.00 100.00 100.00 100.00 100.00 100.00 100.00 100.00 100.00 100.00 100.00 100.00 100.00 100.00 100.00
 %time 1481749137
 %usr 0.00 0.00 0.00 0.00 0.00 0.00 0.00 0.00 0.00 0.00 0.00 0.00 0.00 0.00 0.00 0.00 0.00
 %sys 0.12 1.00 0.00 0.00 0.00 0.00 0.00 0.00 0.00 0.99 0.00 0.00 0.00 0.00 0.00 0.00 0.00
 %idle 99.88 99.00 100.00 100.00 100.00 100.00 100.00 100.00 100.00 99.01 100.00 100.00 100.00 100.00 100.00 100.00 100.00
 %time 1481749138
 %usr 0.00 0.00 0.00 0.00 0.00 0.00 0.00 0.00 0.00 0.00 0.00 0.00 0.00 0.00 0.00 0.00 0.00
 %sys 0.06 1.00 0.00 0.00 0.00 0.00 0.00 0.00 0.00 0.00 0.00 0.00 0.00 0.00 0.00 0.00 0.00
 %idle 99.94 99.00 100.00 100.00 100.00 100.00 100.00 100.00 100.00 100.00 100.00 100.00 100.00 100.00 100.00 100.00 100.00
 %time 1481749139
 %usr 3.00 33.33 9.00 1.01 0.00 0.00 0.00 0.00 0.00 1.01 3.00 0.00 0.00 0.00 0.00 0.00 0.00
 %sys 0.69 2.02 3.00 1.01 0.00 0.00 0.00 0.00 0.00 1.01 3.00 0.99 0.00 0.00 0.00 0.00 0.99
 %idle 95.57 64.65 87.00 96.97 94.00 100.00 100.00 100.00 100.00 94.95 93.00 99.01 100.00 100.00 100.00 100.00 99.01
