 %time 1483748264
 %usr 0.00 0.00 0.00 0.00 0.00 0.00 0.00 0.00 0.00 0.00 0.00 0.00 0.00 0.00 0.00 0.00 0.00
 %sys 0.06 0.00 0.00 0.00 0.00 0.00 0.00 0.00 0.00 0.00 0.99 0.00 0.00 0.99 0.00 0.00 0.00
 %idle 99.94 100.00 100.00 100.00 100.00 100.00 100.00 100.00 100.00 100.00 99.01 100.00 100.00 99.01 100.00 100.00 100.00
 %time 1483748265
 %usr 0.00 0.00 0.00 0.00 0.00 0.00 0.00 0.00 0.00 0.00 0.00 0.00 0.00 0.00 0.00 0.00 0.00
 %sys 0.06 0.00 0.99 0.00 0.00 0.00 0.00 0.00 0.00 0.00 0.00 0.00 0.00 0.00 0.00 0.00 0.00
 %idle 99.94 100.00 99.01 100.00 100.00 100.00 100.00 100.00 100.00 100.00 100.00 100.00 100.00 100.00 100.00 100.00 100.00
 %time 1483748266
 %usr 0.00 0.00 1.00 0.00 0.00 0.00 0.00 0.00 0.00 0.00 0.00 0.00 0.00 0.00 0.00 0.00 0.00
 %sys 0.06 0.00 0.00 0.00 0.00 0.00 0.00 0.00 0.00 0.00 0.00 0.00 0.00 0.00 0.00 0.00 0.00
 %idle 99.94 100.00 99.00 100.00 100.00 100.00 100.00 100.00 100.00 100.00 100.00 100.00 100.00 100.00 100.00 100.00 100.00
 %time 1483748268
 %usr 0.00 0.00 0.00 0.00 0.00 0.00 0.00 0.00 0.00 0.00 0.00 0.00 0.00 0.00 0.00 0.00 0.00
 %sys 0.06 0.00 0.00 0.00 0.00 0.00 0.00 0.00 0.00 0.00 0.00 0.00 0.00 0.00 0.00 0.00 0.00
 %idle 99.81 100.00 100.00 100.00 100.00 100.00 100.00 100.00 100.00 98.99 100.00 100.00 100.00 100.00 100.00 100.00 100.00
 %time 1483748269
 %usr 0.00 0.00 0.00 0.00 0.00 0.00 0.00 0.00 0.00 0.00 0.00 0.00 0.00 0.00 0.00 0.00 0.00
 %sys 0.19 0.00 0.00 0.00 0.99 0.00 0.00 0.00 0.00 0.99 0.00 0.00 0.00 0.00 0.00 0.00 0.00
 %idle 99.25 100.00 100.00 100.00 94.06 100.00 100.00 100.00 100.00 94.06 100.00 100.00 100.00 100.00 100.00 100.00 100.00
 %time 1483748270
 %usr 0.00 0.00 0.00 0.00 0.00 0.00 0.00 0.00 0.00 0.00 0.00 0.00 0.00 0.00 0.00 0.00 0.00
 %sys 0.06 0.00 0.00 0.00 0.00 0.00 0.00 0.00 0.00 0.00 0.00 0.00 0.00 0.00 0.00 0.00 0.00
 %idle 99.94 100.00 100.00 100.00 100.00 100.00 100.00 100.00 100.00 100.00 100.00 100.00 100.00 100.00 100.00 100.00 100.00
 %time 1483748271
 %usr 0.00 0.00 0.00 0.00 0.00 0.00 0.00 0.00 0.00 0.00 0.00 0.00 0.00 0.00 0.00 0.00 0.00
 %sys 0.06 0.00 0.00 0.99 0.00 0.00 0.00 0.00 0.00 0.00 0.00 0.00 0.00 0.00 0.00 0.00 0.00
 %idle 99.94 100.00 100.00 99.01 100.00 100.00 100.00 100.00 100.00 100.00 100.00 100.00 100.00 100.00 100.00 100.00 100.00
 %time 1483748272
 %usr 0.00 0.00 0.00 0.00 0.00 0.00 0.00 0.00 0.00 0.00 0.00 0.00 0.00 0.00 0.00 0.00 0.00
 %sys 0.06 0.00 0.00 0.00 0.00 0.00 0.00 0.00 0.00 0.00 0.00 0.00 0.00 0.00 0.00 0.00 0.00
 %idle 99.94 100.00 100.00 100.00 100.00 100.00 100.00 100.00 100.00 100.00 100.00 100.00 100.00 100.00 100.00 100.00 100.00
 %time 1483748273
 %usr 0.00 0.00 0.00 0.00 0.00 0.00 0.00 0.00 0.00 0.00 0.00 0.00 0.00 0.00 0.00 0.00 0.00
 %sys 0.06 0.00 0.00 0.00 0.00 0.00 0.00 0.00 0.00 0.00 0.00 0.00 0.00 0.00 0.00 0.00 0.00
 %idle 99.94 100.00 100.00 100.00 100.00 100.00 100.00 100.00 100.00 100.00 100.00 100.00 100.00 100.00 100.00 100.00 100.00
 %time 1483748274
 %usr 0.00 0.00 0.00 0.00 0.00 0.00 0.00 0.00 0.00 0.00 0.00 0.00 0.00 0.00 0.00 0.00 0.00
 %sys 0.06 0.00 0.00 0.00 0.00 0.00 0.00 0.00 0.00 0.00 0.00 0.00 0.00 0.99 0.00 0.00 0.00
 %idle 99.94 100.00 100.00 100.00 100.00 100.00 100.00 100.00 100.00 100.00 100.00 100.00 100.00 99.01 100.00 100.00 100.00
 %time 1483748275
 %usr 0.00 0.00 0.00 0.00 0.00 0.00 0.00 0.00 0.00 0.00 0.00 0.00 0.00 0.00 0.00 0.00 0.00
 %sys 0.06 0.00 0.00 0.00 0.00 0.00 0.00 0.00 0.00 0.00 0.00 0.00 0.00 0.00 0.00 0.00 0.00
 %idle 99.94 100.00 100.00 100.00 100.00 100.00 100.00 100.00 100.00 100.00 100.00 100.00 100.00 100.00 100.00 100.00 100.00
 %time 1483748277
 %usr 0.00 0.00 0.00 0.00 0.00 0.00 0.00 0.00 0.00 0.00 0.00 0.00 0.00 0.00 0.00 0.00 0.00
 %sys 0.06 0.00 0.00 0.00 0.00 0.00 0.00 0.00 0.00 0.00 0.00 0.00 0.00 0.00 0.00 0.00 0.00
 %idle 99.94 100.00 100.00 100.00 100.00 100.00 100.00 100.00 100.00 100.00 100.00 100.00 100.00 100.00 100.00 100.00 100.00
 %time 1483748278
 %usr 0.00 0.00 0.00 0.00 0.00 0.00 0.00 0.00 0.00 0.00 0.00 0.00 0.00 0.00 0.00 0.00 0.00
 %sys 0.06 0.00 0.00 0.00 0.00 0.00 0.00 0.00 0.00 0.99 0.00 0.00 1.00 0.00 0.00 0.00 0.00
 %idle 99.94 100.00 100.00 100.00 100.00 100.00 100.00 100.00 100.00 99.01 100.00 100.00 99.00 100.00 100.00 100.00 100.00
 %time 1483748279
 %usr 0.00 0.00 0.00 0.00 0.00 0.00 0.00 0.00 0.00 0.00 0.00 0.00 0.00 0.00 0.00 0.00 0.00
 %sys 0.00 0.00 0.00 0.00 0.00 0.00 0.00 0.00 0.00 0.00 0.00 0.00 0.00 0.00 0.00 0.00 0.00
 %idle 100.00 100.00 100.00 100.00 100.00 100.00 100.00 100.00 100.00 100.00 100.00 100.00 100.00 100.00 100.00 100.00 100.00
 %time 1483748280
 %usr 0.00 0.00 0.00 0.00 0.00 0.00 0.00 0.00 0.00 0.00 0.00 0.00 0.00 0.00 0.00 0.00 0.00
 %sys 0.06 0.00 0.00 0.00 0.00 0.00 0.00 0.00 0.00 0.00 0.00 0.00 0.00 0.00 0.00 0.00 0.00
 %idle 99.94 100.00 100.00 100.00 100.00 100.00 100.00 100.00 100.00 100.00 100.00 100.00 100.00 100.00 100.00 100.00 100.00
 %time 1483748281
 %usr 1.44 9.00 5.05 0.00 0.00 0.00 0.00 0.00 0.00 1.01 6.06 0.00 0.00 0.00 0.00 0.00 0.00
 %sys 0.37 0.00 2.02 0.00 1.00 0.00 0.00 0.00 0.00 0.00 1.01 0.00 0.00 0.00 0.99 0.00 0.00
 %idle 96.75 91.00 91.92 100.00 95.00 100.00 100.00 100.00 100.00 81.82 92.93 100.00 100.00 100.00 99.01 100.00 100.00
 %time 1483748282
 %usr 0.31 1.00 0.00 0.00 2.00 0.00 0.00 0.00 0.00 1.01 0.00 0.00 0.00 0.00 0.00 0.00 0.00
 %sys 0.56 1.00 0.00 1.00 2.00 0.00 0.00 0.00 0.00 1.01 2.00 0.99 0.00 0.00 0.00 0.99 0.00
 %idle 94.32 90.00 97.98 99.00 31.00 100.00 100.00 100.00 99.01 96.97 98.00 99.01 100.00 100.00 100.00 99.01 100.00
 %time 1483748283
 %usr 0.00 0.00 0.99 0.00 0.00 0.00 0.00 0.00 0.00 0.00 0.00 0.00 0.00 0.00 0.00 0.00 0.00
 %sys 0.06 0.00 0.00 0.00 0.00 0.00 0.00 0.00 0.00 1.00 0.00 0.00 0.00 0.00 0.00 0.00 0.99
 %idle 99.94 100.00 99.01 100.00 100.00 100.00 100.00 100.00 99.00 99.00 100.00 100.00 100.00 100.00 100.00 100.00 99.01
 %time 1483748285
 %usr 0.00 0.00 0.00 0.00 0.00 0.00 0.00 0.00 0.00 0.00 0.00 0.00 0.00 0.00 0.00 0.00 0.00
 %sys 0.12 0.00 0.00 0.00 0.00 0.00 0.00 0.00 1.00 0.00 0.00 0.99 0.00 0.00 0.00 0.00 0.00
 %idle 99.88 100.00 100.00 100.00 100.00 100.00 100.00 100.00 99.00 100.00 100.00 99.01 100.00 100.00 100.00 100.00 100.00
 %time 1483748286
 %usr 2.07 0.00 0.00 0.00 0.00 0.00 0.00 0.00 0.00 16.00 16.16 0.00 0.99 0.00 0.00 0.00 0.00
 %sys 1.81 1.00 0.00 0.00 0.99 0.00 0.00 0.00 0.00 11.00 11.11 1.00 1.98 0.00 0.00 0.00 1.01
 %idle 94.62 99.00 100.00 100.00 99.01 100.00 100.00 100.00 100.00 60.00 62.63 96.00 97.03 100.00 100.00 100.00 98.99
 %time 1483748287
 %usr 2.56 0.00 0.00 0.00 0.00 0.00 0.00 0.00 0.00 16.83 24.00 0.00 0.00 0.00 0.00 0.00 0.00
 %sys 1.88 1.00 2.00 1.00 0.00 0.00 0.00 0.99 0.00 15.84 8.00 0.00 0.00 1.00 0.00 0.00 0.00
 %idle 86.88 99.00 98.00 99.00 97.00 100.00 100.00 99.01 100.00 0.00 0.00 100.00 100.00 99.00 100.00 100.00 100.00
 %time 1483748288
 %usr 2.82 0.00 0.00 0.00 0.00 0.00 0.00 0.00 0.00 26.73 19.19 0.00 0.00 0.00 0.00 0.00 0.00
 %sys 3.01 2.00 2.02 2.00 0.00 0.00 0.00 0.00 0.00 21.78 15.15 1.01 1.00 1.00 0.00 0.99 0.00
 %idle 86.90 98.00 97.98 98.00 100.00 100.00 100.00 100.00 100.00 0.00 0.00 98.99 99.00 99.00 100.00 99.01 100.00
 %time 1483748289
 %usr 2.63 0.00 0.00 0.00 0.00 0.00 0.00 0.00 0.00 21.00 21.00 0.00 0.00 0.00 0.00 0.00 0.00
 %sys 2.63 1.01 1.00 1.00 1.00 0.00 0.00 0.00 0.00 17.00 17.00 1.01 1.00 0.00 1.00 0.00 0.00
 %idle 86.93 98.99 99.00 99.00 99.00 100.00 100.00 100.00 100.00 0.00 0.00 98.99 99.00 100.00 99.00 100.00 100.00
 %time 1483748290
 %usr 2.19 0.00 0.00 0.00 0.00 0.00 0.00 0.00 0.00 15.15 20.00 0.00 0.00 0.00 0.00 0.00 0.00
 %sys 2.32 1.00 1.98 0.00 0.00 1.00 0.99 0.99 0.00 13.13 16.00 1.01 0.00 0.00 0.00 0.00 0.00
 %idle 87.04 99.00 98.02 100.00 100.00 99.00 99.01 99.01 100.00 0.00 0.00 98.99 100.00 100.00 100.00 100.00 100.00
 %time 1483748291
 %usr 2.94 0.00 0.00 0.00 0.00 0.00 0.00 0.00 0.00 27.00 20.00 0.00 0.00 0.00 0.00 0.00 0.00
 %sys 2.88 1.00 1.00 1.00 0.00 2.00 0.00 0.00 1.00 21.00 15.00 1.01 1.00 0.00 0.00 0.00 0.00
 %idle 86.93 99.00 99.00 99.00 100.00 98.00 100.00 100.00 99.00 0.00 0.00 98.99 99.00 100.00 100.00 100.00 100.00
 %time 1483748292
 %usr 3.26 0.00 0.00 0.00 0.00 0.00 0.00 0.00 0.00 26.26 26.26 0.00 0.00 0.00 0.00 0.00 0.00
 %sys 3.20 1.01 1.00 0.00 1.00 0.00 0.00 0.00 1.00 22.22 20.20 1.01 1.01 1.00 0.00 0.99 0.00
 %idle 86.97 98.99 99.00 100.00 99.00 100.00 100.00 100.00 99.00 0.00 0.00 98.99 98.99 99.00 100.00 99.01 100.00
 %time 1483748294
 %usr 2.62 0.00 0.00 0.00 0.00 0.00 0.00 0.00 0.00 21.00 20.00 0.00 0.00 0.00 0.00 0.00 0.00
 %sys 2.62 2.97 0.00 1.00 0.00 0.00 0.00 0.00 0.00 16.00 16.00 1.98 1.00 0.00 0.00 0.00 0.00
 %idle 86.82 97.03 100.00 99.00 100.00 100.00 100.00 100.00 100.00 0.00 0.00 98.02 99.00 100.00 100.00 100.00 100.00
 %time 1483748295
 %usr 3.00 0.00 0.00 0.00 0.00 0.00 0.00 0.00 0.00 22.00 26.73 0.00 0.00 0.00 0.00 0.00 0.00
 %sys 3.07 1.00 2.00 0.00 0.99 1.00 0.00 0.00 0.00 17.00 19.80 2.00 2.00 1.00 0.00 0.00 0.00
 %idle 86.73 99.00 98.00 100.00 99.01 99.00 100.00 100.00 100.00 0.00 0.00 98.00 98.00 99.00 100.00 100.00 100.00
 %time 1483748296
 %usr 3.01 0.00 0.00 0.00 0.00 0.00 0.00 0.00 0.00 17.00 32.00 0.00 0.00 0.00 0.00 0.00 0.00
 %sys 3.07 1.01 1.00 0.00 0.00 1.00 0.00 0.00 1.00 15.00 24.00 2.00 1.01 0.00 1.00 1.00 0.00
 %idle 86.91 98.99 99.00 100.00 100.00 99.00 100.00 100.00 99.00 0.00 0.00 98.00 98.99 100.00 99.00 99.00 100.00
 %time 1483748297
 %usr 3.32 0.00 0.00 0.00 0.00 0.00 0.00 0.00 0.00 23.00 29.29 0.00 0.00 0.00 0.00 0.00 0.00
 %sys 3.32 1.01 2.02 1.00 0.00 1.01 0.00 0.00 0.00 19.00 23.23 1.01 2.00 1.01 0.00 0.00 0.00
 %idle 86.80 98.99 97.98 99.00 100.00 98.99 100.00 100.00 100.00 0.00 0.00 98.99 98.00 98.99 100.00 100.00 100.00
 %time 1483748298
 %usr 2.75 0.00 0.00 0.00 0.00 0.00 0.00 0.00 0.00 21.00 23.23 0.00 0.00 0.00 0.00 0.00 0.00
 %sys 2.88 2.00 3.00 1.01 1.00 0.00 0.00 0.00 0.00 17.00 18.18 1.01 1.00 0.00 0.99 0.00 0.00
 %idle 86.81 98.00 97.00 98.99 99.00 100.00 100.00 100.00 100.00 0.00 0.00 98.99 99.00 100.00 99.01 100.00 100.00
 %time 1483748299
 %usr 3.01 0.00 0.00 0.00 0.00 0.00 0.00 0.00 0.00 22.22 25.74 0.00 0.00 0.00 0.00 0.00 0.00
 %sys 2.88 2.02 1.01 2.00 0.00 1.00 0.99 0.00 0.00 18.18 18.81 1.00 0.00 0.00 0.00 0.00 1.00
 %idle 86.90 97.98 98.99 98.00 100.00 99.00 99.01 100.00 100.00 0.00 0.00 99.00 100.00 100.00 100.00 100.00 99.00
 %time 1483748300
 %usr 2.81 0.00 0.00 0.00 0.00 0.00 0.00 0.00 0.00 16.00 28.00 0.00 0.00 0.00 0.00 0.00 0.00
 %sys 2.81 1.98 1.00 1.00 0.00 1.00 0.00 0.00 0.00 13.00 22.00 1.00 2.00 0.99 0.00 0.00 0.00
 %idle 86.81 98.02 99.00 99.00 100.00 99.00 100.00 100.00 100.00 0.00 0.00 99.00 98.00 99.01 100.00 100.00 100.00
 %time 1483748302
 %usr 2.69 0.00 0.00 0.00 0.00 0.00 0.00 0.00 0.00 22.00 21.78 0.00 0.00 0.00 0.00 0.00 0.00
 %sys 2.63 1.01 1.01 0.00 1.00 1.01 0.00 0.99 0.00 17.00 16.83 1.00 1.01 1.00 0.00 0.99 0.99
 %idle 86.98 98.99 98.99 100.00 99.00 98.99 100.00 99.01 100.00 0.00 0.00 99.00 98.99 99.00 100.00 99.01 99.01
 %time 1483748303
 %usr 3.06 0.00 0.00 0.00 0.00 0.00 0.00 0.00 0.00 31.00 18.18 0.00 0.00 0.00 0.00 0.00 0.00
 %sys 2.94 1.01 1.01 1.01 1.00 0.00 0.99 0.00 1.98 23.00 14.14 1.00 1.00 0.00 0.00 0.00 0.00
 %idle 86.87 98.99 98.99 98.99 99.00 100.00 99.01 100.00 98.02 0.00 0.00 99.00 99.00 100.00 100.00 100.00 100.00
 %time 1483748304
 %usr 3.58 0.00 0.00 0.00 0.00 0.00 0.00 0.00 0.00 24.24 32.00 0.00 0.00 0.00 0.00 0.00 0.00
 %sys 3.45 2.00 2.00 1.00 1.98 1.00 1.00 0.00 0.00 20.20 26.00 1.98 2.00 0.00 0.00 0.00 0.00
 %idle 86.89 98.00 98.00 99.00 98.02 99.00 99.00 100.00 100.00 0.00 0.00 98.02 98.00 100.00 100.00 100.00 100.00
 %time 1483748305
 %usr 3.75 0.00 0.00 0.00 0.00 0.00 0.00 0.00 0.00 29.00 31.00 0.00 0.00 0.00 0.00 0.00 0.00
 %sys 3.81 2.00 4.00 1.00 1.00 0.00 0.00 1.00 1.00 23.00 24.00 1.98 2.00 1.00 0.00 0.99 0.00
 %idle 86.57 98.00 96.00 99.00 99.00 100.00 100.00 99.00 99.00 0.00 0.00 98.02 98.00 99.00 100.00 99.01 100.00
 %time 1483748306
 %usr 3.19 0.00 0.00 0.00 0.00 0.00 0.00 0.00 0.00 22.00 28.00 0.00 0.00 0.00 0.00 0.00 0.00
 %sys 3.13 1.02 1.01 1.01 0.00 1.00 0.00 1.01 0.00 18.00 23.00 1.01 0.00 0.99 0.00 0.00 0.00
 %idle 86.91 98.98 98.99 98.99 100.00 99.00 100.00 98.99 100.00 0.00 0.00 98.99 100.00 99.01 100.00 100.00 100.00
 %time 1483748307
 %usr 2.94 0.00 0.00 0.00 0.00 0.00 0.00 0.00 0.00 25.00 22.22 0.00 0.00 0.00 0.00 0.00 0.00
 %sys 2.94 1.01 2.00 0.00 1.00 0.00 0.00 1.00 0.00 20.00 18.18 1.98 1.01 1.00 1.00 0.00 0.00
 %idle 86.97 98.99 98.00 100.00 99.00 100.00 100.00 99.00 100.00 0.00 0.00 98.02 98.99 99.00 99.00 100.00 100.00
 %time 1483748308
 %usr 2.25 0.00 0.00 0.00 0.00 0.00 0.00 0.00 0.00 18.00 19.19 0.00 0.00 0.00 0.00 0.00 0.00
 %sys 2.38 1.01 1.98 1.98 0.00 0.00 0.00 0.00 1.00 14.00 14.14 0.00 1.96 0.99 0.00 0.00 0.00
 %idle 86.93 98.99 98.02 98.02 100.00 100.00 100.00 100.00 99.00 0.00 0.00 100.00 98.04 99.01 100.00 100.00 100.00
 %time 1483748310
 %usr 2.94 0.00 0.00 0.00 0.00 0.00 0.00 0.00 0.00 28.00 19.80 0.00 0.00 0.00 0.00 0.00 0.00
 %sys 2.94 2.00 2.00 0.00 0.00 0.00 1.00 0.00 0.00 22.00 16.83 1.98 1.00 0.00 0.00 1.00 0.00
 %idle 86.91 98.00 98.00 100.00 100.00 100.00 99.00 100.00 100.00 0.00 0.00 98.02 99.00 100.00 100.00 99.00 100.00
 %time 1483748311
 %usr 9.24 0.00 0.00 0.00 0.00 0.00 0.00 0.00 0.00 54.55 94.00 0.00 0.00 0.00 0.00 0.00 0.00
 %sys 0.75 0.99 1.00 0.00 0.00 0.00 0.00 0.00 0.00 7.07 1.00 1.00 0.00 0.00 0.00 0.00 0.00
 %idle 87.32 99.01 99.00 100.00 100.00 100.00 100.00 100.00 100.00 0.00 0.00 99.00 100.00 100.00 100.00 100.00 100.00
 %time 1483748312
 %usr 12.49 0.00 0.00 0.00 0.00 0.00 0.00 0.00 0.00 100.00 100.00 0.00 0.00 0.00 0.00 0.00 0.00
 %sys 0.06 0.00 0.00 0.00 0.00 0.00 0.00 0.00 0.00 0.00 0.00 0.00 0.00 0.99 0.00 0.00 0.00
 %idle 87.45 100.00 100.00 100.00 100.00 100.00 100.00 100.00 100.00 0.00 0.00 100.00 100.00 99.01 100.00 100.00 100.00
 %time 1483748313
 %usr 12.50 0.00 0.00 0.00 0.00 0.00 0.00 0.00 0.00 100.00 100.00 0.00 0.00 0.00 0.00 0.00 0.00
 %sys 0.06 0.00 0.00 0.00 0.00 0.00 0.00 0.00 0.00 0.00 0.00 0.00 0.00 0.00 0.00 0.00 0.00
 %idle 87.44 100.00 100.00 100.00 100.00 100.00 100.00 100.00 100.00 0.00 0.00 100.00 100.00 100.00 100.00 100.00 100.00
 %time 1483748314
 %usr 12.56 0.00 0.00 0.00 0.00 0.00 0.00 0.00 0.00 100.00 100.00 0.00 0.00 0.00 0.00 0.00 0.00
 %sys 0.06 0.00 0.00 0.00 0.00 0.00 0.00 0.00 0.00 0.00 0.00 0.00 0.00 0.00 0.00 0.00 0.00
 %idle 87.38 100.00 100.00 100.00 100.00 100.00 100.00 100.00 100.00 0.00 0.00 100.00 100.00 100.00 100.00 100.00 100.00
 %time 1483748315
 %usr 12.50 0.00 0.00 0.00 0.00 0.00 0.00 0.00 0.00 100.00 100.00 0.00 0.00 0.00 0.00 0.00 0.00
 %sys 0.12 0.00 0.99 0.00 0.00 0.00 0.00 1.00 0.00 0.00 0.00 1.00 0.00 0.00 0.00 0.00 0.00
 %idle 87.38 100.00 99.01 100.00 100.00 100.00 100.00 99.00 100.00 0.00 0.00 99.00 100.00 100.00 100.00 100.00 100.00
 %time 1483748316
 %usr 12.50 0.00 0.00 0.00 0.00 0.00 0.00 0.00 0.00 100.00 100.00 0.00 0.00 0.00 0.00 0.00 0.00
 %sys 0.06 0.00 0.00 0.00 0.00 0.00 0.00 0.00 0.99 0.00 0.00 1.00 0.00 0.00 0.00 0.00 0.00
 %idle 87.19 100.00 100.00 100.00 96.97 100.00 100.00 100.00 99.01 0.00 0.00 99.00 100.00 100.00 100.00 100.00 100.00
 %time 1483748317
 %usr 12.50 0.00 0.00 0.00 0.00 0.00 0.00 0.00 0.00 100.00 100.00 0.00 0.00 0.00 0.00 0.00 0.00
 %sys 0.12 0.00 0.00 0.00 0.00 0.00 0.00 0.00 0.00 0.00 0.00 1.01 0.00 0.00 0.00 0.00 0.99
 %idle 87.38 100.00 100.00 100.00 100.00 100.00 100.00 100.00 100.00 0.00 0.00 98.99 100.00 100.00 100.00 100.00 99.01
 %time 1483748318
 %usr 12.50 0.00 0.00 0.00 0.00 0.00 0.00 0.00 0.00 100.00 100.00 0.00 0.00 0.00 0.00 0.00 0.00
 %sys 0.12 0.00 0.00 0.00 0.00 0.00 0.00 0.00 0.00 0.00 0.00 1.00 0.00 0.00 0.00 0.00 0.00
 %idle 87.38 100.00 100.00 100.00 100.00 100.00 100.00 100.00 100.00 0.00 0.00 99.00 100.00 100.00 100.00 100.00 100.00
 %time 1483748320
 %usr 12.55 0.00 0.00 0.00 0.00 0.00 0.00 0.00 0.00 100.00 100.00 0.00 0.00 0.00 0.00 0.00 0.00
 %sys 0.00 0.00 0.00 0.00 0.00 0.00 0.00 0.00 0.00 0.00 0.00 0.99 0.00 0.00 0.00 0.00 0.00
 %idle 87.45 100.00 100.00 100.00 100.00 100.00 100.00 100.00 100.00 0.00 0.00 99.01 100.00 100.00 100.00 100.00 100.00
 %time 1483748321
 %usr 12.50 0.00 0.00 0.00 0.00 0.00 0.00 0.00 0.00 100.00 100.00 0.00 0.00 0.00 0.00 0.00 0.00
 %sys 0.06 0.00 0.00 0.00 0.00 0.00 0.00 0.00 0.00 0.00 0.00 0.00 0.00 0.00 0.00 0.00 0.00
 %idle 87.44 100.00 100.00 100.00 100.00 100.00 100.00 100.00 100.00 0.00 0.00 100.00 100.00 100.00 100.00 100.00 100.00
 %time 1483748322
 %usr 12.50 0.00 0.00 0.00 0.00 0.00 0.00 0.00 0.00 100.00 100.00 0.00 0.00 0.00 0.00 0.00 0.00
 %sys 0.12 0.99 0.00 0.00 0.00 0.00 0.00 0.00 0.00 0.00 0.00 0.00 0.00 0.00 0.99 0.00 0.00
 %idle 87.38 99.01 100.00 100.00 100.00 100.00 100.00 100.00 100.00 0.00 0.00 100.00 100.00 100.00 99.01 100.00 100.00
 %time 1483748323
 %usr 12.49 0.00 0.00 0.00 0.00 0.00 0.00 0.00 0.00 100.00 100.00 0.00 0.00 0.00 0.00 0.00 0.00
 %sys 0.06 0.00 0.00 0.00 0.00 0.00 0.00 0.00 1.00 0.00 0.00 0.00 0.99 0.00 0.00 0.00 0.00
 %idle 87.45 100.00 100.00 100.00 100.00 100.00 100.00 100.00 99.00 0.00 0.00 100.00 99.01 100.00 100.00 100.00 100.00
 %time 1483748324
 %usr 12.44 0.00 0.00 0.00 0.00 0.00 0.00 0.00 0.00 100.00 100.00 0.00 0.00 0.00 0.00 0.00 0.00
 %sys 0.06 0.00 0.00 0.00 0.00 0.00 0.00 0.00 0.00 0.00 0.00 0.00 0.00 0.00 0.00 0.00 0.00
 %idle 87.50 100.00 100.00 100.00 100.00 100.00 100.00 100.00 100.00 0.00 0.00 100.00 100.00 100.00 100.00 100.00 100.00
 %time 1483748325
 %usr 1.94 2.97 0.00 0.00 0.00 0.00 0.00 0.00 0.00 13.86 14.00 0.00 0.00 0.99 0.00 0.00 0.00
 %sys 0.25 0.99 0.00 0.00 0.00 0.00 0.00 0.00 0.00 0.99 1.00 0.00 0.00 0.00 0.00 0.00 0.00
 %idle 97.38 96.04 100.00 100.00 100.00 100.00 100.00 100.00 100.00 81.19 82.00 100.00 100.00 99.01 100.00 100.00 100.00
 %time 1483748326
 %usr 0.00 0.00 0.00 0.00 0.00 0.00 0.00 0.00 0.00 0.00 0.00 0.00 0.00 0.00 0.00 0.00 0.00
 %sys 0.06 0.00 0.00 0.00 0.00 0.00 0.00 0.00 0.00 0.00 0.00 0.00 0.00 0.00 0.00 0.00 0.00
 %idle 99.94 100.00 100.00 100.00 100.00 100.00 100.00 100.00 100.00 100.00 100.00 100.00 100.00 100.00 100.00 100.00 100.00
 %time 1483748327
 %usr 0.00 0.00 0.00 0.00 0.00 0.00 0.00 0.00 0.00 0.00 0.00 0.00 0.00 0.00 0.00 0.00 0.00
 %sys 0.06 0.00 0.00 0.00 0.00 0.00 0.00 0.00 0.00 0.00 0.99 0.00 0.00 0.00 0.00 0.00 0.00
 %idle 99.94 100.00 100.00 100.00 100.00 100.00 100.00 100.00 100.00 100.00 99.01 100.00 100.00 100.00 100.00 100.00 100.00
 %time 1483748329
 %usr 0.00 0.00 0.00 0.00 0.00 0.00 0.00 0.00 0.00 0.00 0.00 0.00 0.00 0.00 0.00 0.00 0.00
 %sys 0.06 0.00 0.99 0.00 0.00 0.00 0.00 0.00 0.00 0.00 0.00 0.00 0.00 0.00 0.00 0.00 0.00
 %idle 99.94 100.00 99.01 100.00 100.00 100.00 100.00 100.00 100.00 100.00 100.00 100.00 100.00 100.00 100.00 100.00 100.00
 %time 1483748330
 %usr 0.06 0.00 0.00 0.00 0.00 0.00 0.00 0.00 0.00 0.00 0.00 0.00 0.00 0.00 0.00 0.00 0.00
 %sys 0.00 0.00 0.00 0.00 0.00 0.00 0.00 0.00 0.00 0.99 0.99 0.00 0.00 0.00 0.00 0.00 0.00
 %idle 99.94 100.00 100.00 100.00 100.00 100.00 100.00 100.00 100.00 99.01 99.01 100.00 100.00 100.00 100.00 100.00 100.00
 %time 1483748331
 %usr 0.12 0.00 2.02 0.00 0.00 0.00 0.00 0.00 0.00 0.00 0.00 0.00 0.00 0.00 0.00 0.00 0.00
 %sys 0.12 0.00 0.00 0.00 0.00 0.00 0.00 0.00 0.00 1.00 0.00 0.99 0.99 0.00 0.00 0.00 0.00
 %idle 99.25 100.00 97.98 100.00 95.05 100.00 100.00 100.00 100.00 97.00 100.00 99.01 99.01 100.00 100.00 100.00 100.00
 %time 1483748332
 %usr 2.83 5.05 18.37 7.00 0.99 0.00 0.00 0.00 0.00 1.00 14.29 0.00 0.00 0.00 0.00 0.00 0.00
 %sys 3.58 3.03 19.39 3.00 0.99 1.01 2.00 0.00 0.00 3.00 23.47 2.02 1.00 0.00 0.00 0.00 0.00
 %idle 92.71 91.92 59.18 88.00 90.10 98.99 98.00 100.00 100.00 94.00 61.22 97.98 99.00 100.00 100.00 100.00 100.00
