 %time 1483748271
 %usr 0.00 0.00 0.00 0.00 0.00 0.00 0.00 0.00 0.00 0.00 0.00 0.00 0.00 0.00 0.00 0.00 0.00
 %sys 0.00 0.00 0.00 0.00 0.00 0.00 0.00 0.00 0.00 0.99 0.00 0.00 0.00 0.00 0.00 0.00 0.00
 %idle 100.00 100.00 100.00 100.00 100.00 100.00 100.00 100.00 100.00 99.01 100.00 100.00 100.00 100.00 100.00 100.00 100.00
 %time 1483748272
 %usr 0.00 0.00 0.00 0.00 0.00 0.00 0.00 0.00 0.00 0.00 0.00 0.00 0.00 0.00 0.00 0.00 0.00
 %sys 0.06 0.00 0.00 0.00 0.00 0.00 0.99 0.00 0.00 0.00 0.00 0.00 0.00 0.00 0.00 0.00 0.00
 %idle 99.94 100.00 100.00 100.00 100.00 100.00 99.01 100.00 100.00 100.00 100.00 100.00 100.00 100.00 100.00 100.00 100.00
 %time 1483748274
 %usr 0.00 0.00 0.00 0.00 0.00 0.00 0.00 0.00 0.00 0.00 0.00 0.00 0.00 0.00 0.00 0.00 0.00
 %sys 0.00 0.00 0.00 0.00 0.00 0.00 0.00 0.00 0.00 0.00 0.00 0.00 0.00 0.00 0.00 0.00 0.00
 %idle 100.00 100.00 100.00 100.00 100.00 100.00 100.00 100.00 100.00 100.00 100.00 100.00 100.00 100.00 100.00 100.00 100.00
 %time 1483748275
 %usr 0.00 0.00 0.00 0.00 0.00 0.00 0.00 0.00 0.00 0.00 0.00 0.00 0.00 0.00 0.00 0.00 0.00
 %sys 0.06 0.00 0.00 0.00 0.99 0.00 0.00 0.00 0.00 0.00 0.00 0.00 0.00 0.00 0.00 0.00 0.00
 %idle 99.19 100.00 100.00 100.00 94.06 100.00 100.00 100.00 100.00 93.07 100.00 100.00 100.00 100.00 100.00 100.00 100.00
 %time 1483748276
 %usr 0.00 0.00 0.00 0.00 0.00 0.00 0.00 0.00 0.00 0.00 0.00 0.00 0.00 0.00 0.00 0.00 0.00
 %sys 0.00 0.00 0.00 0.00 0.00 0.00 0.00 0.00 0.00 0.00 0.00 0.00 0.00 0.00 0.00 0.00 0.00
 %idle 99.75 100.00 100.00 100.00 100.00 100.00 100.00 100.00 100.00 96.00 100.00 100.00 100.00 100.00 100.00 100.00 100.00
 %time 1483748277
 %usr 0.00 0.00 0.00 0.00 0.00 0.00 0.00 0.00 0.00 0.00 0.00 0.00 0.00 0.00 0.00 0.00 0.00
 %sys 0.00 0.00 0.00 0.00 0.00 0.00 0.00 0.00 0.00 0.00 0.00 0.00 0.00 0.00 0.00 0.00 0.00
 %idle 100.00 100.00 100.00 100.00 100.00 100.00 100.00 100.00 100.00 100.00 100.00 100.00 100.00 100.00 100.00 100.00 100.00
 %time 1483748278
 %usr 0.00 0.00 0.00 0.00 0.00 0.00 0.00 0.00 0.00 0.00 0.00 0.00 0.00 0.00 0.00 0.00 0.00
 %sys 0.06 0.00 0.00 0.00 0.00 0.00 0.00 0.00 0.00 0.00 0.00 0.00 0.00 0.00 0.00 0.00 0.00
 %idle 99.94 100.00 100.00 100.00 100.00 100.00 100.00 100.00 100.00 100.00 100.00 100.00 100.00 100.00 100.00 100.00 100.00
 %time 1483748279
 %usr 0.00 0.00 0.00 0.00 0.00 0.00 0.00 0.00 0.00 0.00 0.00 0.00 0.00 0.00 0.00 0.00 0.00
 %sys 0.00 0.00 0.00 0.00 0.00 0.00 0.00 0.00 0.00 0.00 0.00 0.00 0.00 0.00 0.00 0.00 0.00
 %idle 100.00 100.00 100.00 100.00 100.00 100.00 100.00 100.00 100.00 100.00 100.00 100.00 100.00 100.00 100.00 100.00 100.00
 %time 1483748280
 %usr 0.00 0.00 0.00 0.00 0.00 0.00 0.00 0.00 0.00 0.00 0.00 0.00 0.00 0.00 0.00 0.00 0.00
 %sys 0.00 0.00 0.00 0.00 0.00 0.00 0.00 0.00 0.00 0.00 0.00 0.00 0.00 0.00 0.00 0.00 0.00
 %idle 100.00 100.00 100.00 100.00 100.00 100.00 100.00 100.00 100.00 100.00 100.00 100.00 100.00 100.00 100.00 100.00 100.00
 %time 1483748281
 %usr 1.50 10.00 4.95 0.00 0.00 0.00 0.00 0.00 0.00 2.02 7.00 0.00 0.00 0.00 0.00 0.00 0.00
 %sys 0.50 1.00 1.98 0.00 0.99 0.00 0.00 0.00 0.00 1.01 1.00 0.00 0.00 0.00 0.00 0.00 0.00
 %idle 94.13 88.00 91.09 99.00 74.26 100.00 100.00 100.00 100.00 63.64 92.00 100.00 100.00 100.00 100.00 100.00 100.00
 %time 1483748283
 %usr 0.25 0.00 0.00 0.00 0.99 0.00 0.99 0.00 0.00 0.00 1.01 0.00 0.00 0.00 0.00 0.00 0.00
 %sys 0.44 0.00 0.00 0.00 2.97 0.00 0.00 0.00 0.00 1.00 2.02 0.00 0.00 0.00 0.00 0.00 0.00
 %idle 96.82 95.92 100.00 100.00 63.37 100.00 99.01 100.00 100.00 97.00 96.97 100.00 100.00 100.00 100.00 100.00 100.00
 %time 1483748284
 %usr 0.00 0.00 0.00 0.00 0.00 0.00 0.00 0.00 0.99 0.00 0.00 0.00 0.00 0.00 0.00 0.00 0.00
 %sys 0.06 0.00 0.99 0.00 0.00 0.00 0.00 0.00 0.99 0.00 0.00 0.00 0.00 0.00 0.00 0.00 0.00
 %idle 99.94 100.00 99.01 100.00 100.00 100.00 100.00 100.00 98.02 100.00 100.00 100.00 100.00 100.00 100.00 100.00 100.00
 %time 1483748285
 %usr 0.00 0.00 0.00 0.00 0.00 0.00 0.00 0.00 0.00 0.00 0.00 0.00 0.00 0.00 0.00 0.00 0.00
 %sys 0.06 0.00 0.00 0.00 0.00 0.00 0.00 0.00 0.00 0.00 0.00 0.00 0.00 0.00 0.00 0.00 0.00
 %idle 99.94 100.00 100.00 100.00 100.00 100.00 100.00 100.00 100.00 100.00 100.00 100.00 100.00 100.00 100.00 100.00 100.00
 %time 1483748286
 %usr 3.94 0.00 0.00 0.00 0.00 0.00 0.00 0.00 0.00 29.29 33.33 0.00 0.00 0.00 0.00 0.00 0.00
 %sys 2.25 1.01 1.00 1.00 0.00 1.00 0.00 0.00 0.00 15.15 13.13 1.00 0.99 1.00 0.99 0.00 2.00
 %idle 89.87 98.99 99.00 99.00 100.00 99.00 100.00 100.00 100.00 22.22 24.24 98.00 99.01 99.00 99.01 100.00 98.00
 %time 1483748287
 %usr 1.38 0.00 0.00 0.00 0.00 0.00 0.00 0.00 0.00 14.00 8.00 0.00 0.00 0.00 0.00 0.00 0.00
 %sys 1.44 1.00 1.00 0.00 0.00 0.00 0.00 0.00 0.00 11.00 7.00 2.00 0.00 0.00 0.00 0.99 0.00
 %idle 87.05 99.00 99.00 100.00 97.03 100.00 100.00 100.00 100.00 0.00 0.00 98.00 100.00 100.00 100.00 99.01 100.00
 %time 1483748288
 %usr 2.19 0.00 0.00 0.00 0.00 0.00 0.00 0.00 0.00 19.80 15.84 0.00 0.00 0.00 0.00 0.00 0.00
 %sys 2.19 1.98 1.00 0.00 0.00 0.99 0.00 0.00 0.99 14.85 12.87 1.01 1.00 0.00 0.00 0.00 0.00
 %idle 87.04 98.02 99.00 100.00 100.00 99.01 100.00 100.00 99.01 0.00 0.00 98.99 99.00 100.00 100.00 100.00 100.00
 %time 1483748289
 %usr 2.44 0.00 0.00 0.00 0.00 0.00 0.00 0.00 0.00 20.20 19.80 0.00 0.00 0.00 0.00 0.00 0.00
 %sys 2.19 2.00 1.01 1.98 0.00 0.00 0.00 0.00 0.00 14.14 13.86 1.00 0.00 0.00 0.00 0.99 0.00
 %idle 87.11 98.00 98.99 98.02 100.00 100.00 100.00 100.00 100.00 0.00 0.00 99.00 100.00 100.00 100.00 99.01 100.00
 %time 1483748291
 %usr 2.57 0.00 0.00 0.00 0.00 0.00 0.00 0.00 0.00 24.00 17.00 0.00 0.00 0.00 0.00 0.00 0.00
 %sys 2.32 1.01 1.01 1.00 1.00 0.99 0.00 0.00 0.00 18.00 13.00 1.00 0.00 0.00 0.00 0.00 0.00
 %idle 87.10 98.99 98.99 99.00 99.00 99.01 100.00 100.00 100.00 0.00 0.00 99.00 100.00 100.00 100.00 100.00 100.00
 %time 1483748292
 %usr 2.76 0.00 0.00 0.00 0.00 0.00 0.00 0.00 0.00 24.24 20.00 0.00 0.00 0.00 0.00 0.00 0.00
 %sys 2.63 2.00 2.02 2.02 1.00 0.00 0.00 0.00 0.00 17.17 16.00 0.00 1.00 0.00 1.00 0.00 0.00
 %idle 86.91 98.00 97.98 97.98 99.00 100.00 100.00 100.00 100.00 0.00 0.00 100.00 99.00 100.00 99.00 100.00 100.00
 %time 1483748293
 %usr 2.57 0.00 0.00 0.00 0.00 0.00 0.00 0.00 0.00 22.00 19.80 0.00 0.00 0.00 0.00 0.00 0.00
 %sys 2.50 2.00 2.00 1.00 0.00 0.00 0.00 0.99 0.00 17.00 15.84 1.00 0.99 0.00 0.00 0.00 0.00
 %idle 87.04 98.00 98.00 99.00 100.00 100.00 100.00 99.01 100.00 0.00 0.00 99.00 99.01 100.00 100.00 100.00 100.00
 %time 1483748294
 %usr 2.25 0.00 0.00 0.00 0.00 0.00 0.00 0.00 0.00 23.76 13.00 0.00 0.00 0.00 0.00 0.00 0.00
 %sys 2.19 1.01 2.00 1.00 0.00 0.00 0.99 0.00 1.00 17.82 10.00 1.98 1.00 0.00 0.99 0.00 0.00
 %idle 87.04 98.99 98.00 99.00 100.00 100.00 99.01 100.00 99.00 0.00 0.00 98.02 99.00 100.00 99.01 100.00 100.00
 %time 1483748295
 %usr 3.01 0.00 0.00 0.00 0.00 0.00 0.00 0.00 0.00 22.00 26.00 0.00 0.00 0.00 0.00 0.00 0.00
 %sys 2.69 1.00 1.00 0.00 1.00 0.00 0.00 0.00 0.00 16.00 19.00 2.00 1.01 0.00 0.00 0.00 0.00
 %idle 86.98 99.00 99.00 100.00 99.00 100.00 100.00 100.00 100.00 0.00 0.00 98.00 98.99 100.00 100.00 100.00 100.00
 %time 1483748296
 %usr 1.13 0.00 0.00 0.00 0.00 0.00 0.00 0.00 0.00 8.00 12.00 0.00 0.00 0.00 0.00 0.00 0.00
 %sys 1.13 0.00 0.00 0.99 0.00 0.00 0.00 0.99 0.00 6.00 8.00 1.00 1.00 0.99 0.99 0.00 0.00
 %idle 87.30 100.00 100.00 99.01 100.00 100.00 100.00 99.01 100.00 0.00 0.00 99.00 99.00 99.01 99.01 100.00 100.00
 %time 1483748297
 %usr 2.81 0.00 0.00 0.00 0.00 0.00 0.00 0.00 0.00 19.80 25.00 0.00 0.00 0.00 0.00 0.00 0.00
 %sys 2.62 1.00 0.00 0.00 1.00 0.99 0.00 0.00 1.00 14.85 18.00 1.98 1.00 1.00 0.00 0.00 0.00
 %idle 86.88 99.00 100.00 100.00 99.00 99.01 100.00 100.00 99.00 0.00 0.00 98.02 99.00 99.00 100.00 100.00 100.00
 %time 1483748299
 %usr 2.44 0.00 0.00 0.00 0.00 0.00 0.00 0.00 0.00 20.41 18.00 0.00 0.00 0.00 0.00 0.00 0.00
 %sys 2.25 1.01 1.00 0.00 1.00 0.00 0.00 0.00 0.00 13.27 16.00 1.01 1.00 0.00 0.00 0.00 0.00
 %idle 87.04 98.99 99.00 100.00 99.00 100.00 100.00 100.00 100.00 0.00 0.00 98.99 99.00 100.00 100.00 100.00 100.00
 %time 1483748300
 %usr 2.00 0.00 0.00 0.00 0.00 0.00 0.00 0.00 0.00 8.00 23.23 0.00 0.00 0.00 0.00 0.00 0.00
 %sys 1.88 1.98 1.01 0.00 0.00 0.00 0.00 0.00 0.00 7.00 18.18 1.00 1.98 0.00 1.00 0.99 0.00
 %idle 87.17 98.02 98.99 100.00 100.00 100.00 100.00 100.00 100.00 0.00 0.00 99.00 98.02 100.00 99.00 99.01 100.00
 %time 1483748301
 %usr 2.31 0.00 0.00 0.00 0.00 0.00 0.00 0.00 0.00 14.85 21.78 0.00 0.00 0.00 0.00 0.00 0.00
 %sys 2.13 1.00 1.00 0.00 0.00 0.00 0.99 0.00 0.00 10.89 16.83 1.98 1.01 0.00 0.00 0.99 0.00
 %idle 87.05 99.00 99.00 100.00 100.00 100.00 99.01 100.00 100.00 0.00 0.00 98.02 98.99 100.00 100.00 99.01 100.00
 %time 1483748302
 %usr 2.81 0.00 0.00 0.00 0.00 0.00 0.00 0.00 0.00 20.00 24.24 0.00 0.00 0.00 0.00 0.00 0.00
 %sys 2.88 1.01 0.00 1.01 1.00 0.00 0.00 0.00 0.00 16.00 18.18 2.00 1.01 0.99 1.00 0.00 1.00
 %idle 86.69 98.99 100.00 98.99 99.00 100.00 100.00 100.00 100.00 0.00 0.00 98.00 98.99 99.01 99.00 100.00 99.00
 %time 1483748303
 %usr 2.25 0.00 0.00 0.00 0.00 0.00 0.00 0.00 0.00 16.00 20.00 0.00 0.00 0.00 0.00 0.00 0.00
 %sys 2.06 1.00 1.00 2.00 0.00 0.00 0.00 0.99 0.00 11.00 14.00 1.00 1.00 0.00 0.00 0.00 0.00
 %idle 87.00 99.00 99.00 98.00 100.00 100.00 100.00 99.01 100.00 0.00 0.00 99.00 99.00 100.00 100.00 100.00 100.00
 %time 1483748304
 %usr 2.50 0.00 0.00 0.00 0.00 0.00 0.00 0.00 0.00 21.78 19.00 0.00 0.00 0.00 0.00 0.00 0.00
 %sys 2.32 1.00 1.98 1.00 0.00 0.99 0.00 0.99 0.00 15.84 14.00 1.00 1.00 0.99 0.00 0.00 0.00
 %idle 87.04 99.00 98.02 99.00 100.00 99.01 100.00 99.01 100.00 0.00 0.00 99.00 99.00 99.01 100.00 100.00 100.00
 %time 1483748305
 %usr 3.00 0.00 0.00 0.00 0.00 0.00 0.00 0.00 0.00 16.00 31.31 0.00 0.00 0.00 0.00 0.00 0.00
 %sys 2.82 2.00 1.00 1.00 0.00 1.00 0.00 0.00 0.00 12.00 24.24 1.01 1.01 0.99 0.99 0.00 0.00
 %idle 86.92 98.00 99.00 99.00 100.00 99.00 100.00 100.00 100.00 0.00 0.00 98.99 98.99 99.01 99.01 100.00 100.00
 %time 1483748307
 %usr 2.38 0.00 0.00 0.00 0.00 0.00 0.00 0.00 0.00 14.14 23.00 0.00 0.00 0.00 0.00 0.00 0.00
 %sys 2.06 1.01 1.98 0.00 1.00 0.00 1.00 0.00 0.00 9.09 18.00 0.00 0.00 0.00 0.00 0.00 0.00
 %idle 87.05 98.99 98.02 100.00 99.00 100.00 99.00 100.00 100.00 0.00 0.00 100.00 100.00 100.00 100.00 100.00 100.00
 %time 1483748308
 %usr 2.63 0.00 0.00 0.00 0.00 0.00 0.00 0.00 0.00 23.00 18.00 0.00 0.00 0.00 0.00 0.00 0.00
 %sys 2.50 1.01 1.01 0.00 0.00 1.00 0.00 0.99 0.99 16.00 15.00 1.00 1.00 0.00 0.00 1.00 0.00
 %idle 86.87 98.99 98.99 100.00 100.00 99.00 100.00 99.01 99.01 0.00 0.00 99.00 99.00 100.00 100.00 99.00 100.00
 %time 1483748309
 %usr 2.38 0.00 0.00 0.00 0.00 0.00 0.00 0.00 0.00 23.00 15.00 0.00 0.00 0.00 0.00 0.00 0.00
 %sys 2.25 1.00 1.98 0.00 0.00 0.00 0.00 0.00 0.00 16.00 12.00 1.00 1.98 0.00 0.00 0.00 0.99
 %idle 87.04 99.00 98.02 100.00 100.00 100.00 100.00 100.00 100.00 0.00 0.00 99.00 98.02 100.00 100.00 100.00 99.01
 %time 1483748310
 %usr 2.50 0.00 0.00 0.00 0.00 0.00 0.00 0.00 0.00 17.00 22.77 0.00 0.00 0.00 0.00 0.00 0.00
 %sys 2.38 1.01 0.00 1.00 0.99 0.00 1.00 1.00 0.00 13.00 16.83 1.98 2.00 1.00 0.00 0.00 0.00
 %idle 86.99 98.99 100.00 99.00 99.01 100.00 99.00 99.00 100.00 0.00 0.00 98.02 98.00 99.00 100.00 100.00 100.00
 %time 1483748311
 %usr 2.57 0.00 0.00 0.00 0.00 0.00 0.00 0.00 0.00 20.20 20.20 0.00 0.00 0.00 0.00 0.00 0.00
 %sys 2.38 1.01 0.00 1.00 0.00 0.99 1.00 1.00 0.99 15.15 15.15 1.01 1.00 0.00 0.00 1.00 0.00
 %idle 87.05 98.99 100.00 99.00 100.00 99.01 99.00 99.00 99.01 0.00 0.00 98.99 99.00 100.00 100.00 99.00 100.00
 %time 1483748312
 %usr 2.88 0.00 0.00 0.00 0.00 0.00 0.00 0.00 0.00 24.00 21.78 0.00 0.00 0.00 0.00 0.00 0.00
 %sys 2.63 2.00 1.00 1.00 0.00 0.00 0.00 0.99 0.00 16.00 17.82 2.00 0.00 0.00 0.00 0.00 0.00
 %idle 86.98 98.00 99.00 99.00 100.00 100.00 100.00 99.01 100.00 0.00 0.00 98.00 100.00 100.00 100.00 100.00 100.00
 %time 1483748313
 %usr 3.00 0.00 0.00 0.00 0.00 0.00 0.00 0.00 0.00 23.76 23.00 0.00 0.00 0.00 0.00 0.00 0.00
 %sys 2.87 1.01 1.00 1.00 0.00 0.00 0.00 1.00 0.00 17.82 18.00 1.01 2.00 1.00 1.00 0.00 0.00
 %idle 86.76 98.99 99.00 99.00 100.00 100.00 100.00 99.00 100.00 0.00 0.00 98.99 98.00 99.00 99.00 100.00 100.00
 %time 1483748315
 %usr 6.32 0.00 0.00 0.00 0.00 0.00 0.00 0.00 0.00 24.00 78.00 1.00 0.00 0.00 0.00 0.00 0.00
 %sys 1.75 1.00 2.00 0.00 0.00 0.00 0.00 0.00 0.00 16.00 7.00 0.00 0.00 0.00 0.00 0.00 0.00
 %idle 87.16 99.00 98.00 100.00 100.00 100.00 100.00 100.00 100.00 0.00 0.00 99.00 100.00 100.00 100.00 100.00 100.00
 %time 1483748316
 %usr 12.50 0.00 0.00 0.00 0.00 0.00 0.00 0.00 0.00 100.00 100.00 0.00 0.00 0.00 0.00 0.00 0.00
 %sys 0.12 0.00 0.00 0.00 0.00 0.00 0.00 0.00 0.00 0.00 0.00 2.00 0.00 0.00 0.00 0.00 0.00
 %idle 87.38 100.00 100.00 100.00 100.00 100.00 100.00 100.00 100.00 0.00 0.00 98.00 100.00 100.00 100.00 100.00 100.00
 %time 1483748317
 %usr 12.51 0.00 0.00 0.00 0.00 0.00 0.00 0.00 0.00 100.00 100.00 0.00 0.00 0.00 0.00 0.00 0.00
 %sys 0.06 0.00 0.00 0.00 0.00 1.00 0.00 0.00 0.00 0.00 0.00 0.00 0.00 0.00 0.00 0.99 0.00
 %idle 87.12 100.00 100.00 100.00 95.00 99.00 100.00 100.00 100.00 0.00 0.00 100.00 100.00 100.00 100.00 99.01 100.00
 %time 1483748318
 %usr 12.50 0.00 0.00 0.00 0.00 0.00 0.00 0.00 0.00 100.00 100.00 0.00 0.00 0.00 0.00 0.00 0.00
 %sys 0.06 0.00 0.00 0.00 0.00 0.00 0.00 0.00 0.00 0.00 0.00 0.00 0.00 0.00 0.00 0.00 0.00
 %idle 87.44 100.00 100.00 100.00 100.00 100.00 100.00 100.00 100.00 0.00 0.00 100.00 100.00 100.00 100.00 100.00 100.00
 %time 1483748319
 %usr 12.56 0.00 0.00 0.00 0.00 0.00 0.00 0.00 0.00 100.00 100.00 0.00 0.00 0.00 0.00 0.00 0.00
 %sys 0.00 0.00 0.00 0.00 0.00 0.00 0.00 0.00 0.00 0.00 0.00 0.00 0.00 0.00 0.00 0.00 0.00
 %idle 87.44 100.00 100.00 100.00 100.00 100.00 100.00 100.00 100.00 0.00 0.00 100.00 100.00 100.00 100.00 100.00 100.00
 %time 1483748320
 %usr 12.51 0.00 0.00 0.00 0.00 0.00 0.00 0.00 0.00 100.00 100.00 0.00 0.00 0.00 0.00 0.00 0.00
 %sys 0.00 0.00 0.00 0.00 0.00 0.00 0.00 0.00 0.00 0.00 0.00 0.00 0.00 0.00 0.00 0.00 0.00
 %idle 87.49 100.00 100.00 100.00 100.00 100.00 100.00 100.00 100.00 0.00 0.00 100.00 100.00 100.00 100.00 100.00 100.00
 %time 1483748321
 %usr 12.50 0.00 0.00 0.00 0.00 0.00 0.00 0.00 0.00 100.00 100.00 0.00 0.00 0.00 0.00 0.00 0.00
 %sys 0.00 0.00 0.00 0.00 0.00 0.00 0.00 0.00 0.00 0.00 0.00 0.00 0.00 0.00 0.00 0.00 0.00
 %idle 87.50 100.00 100.00 100.00 100.00 100.00 100.00 100.00 100.00 0.00 0.00 100.00 100.00 100.00 100.00 100.00 100.00
 %time 1483748322
 %usr 12.50 0.00 0.00 0.00 0.00 0.00 0.00 0.00 0.00 100.00 100.00 0.00 0.00 0.00 0.00 0.00 0.00
 %sys 0.06 0.00 0.00 0.00 0.99 0.00 0.00 0.00 0.00 0.00 0.00 0.00 0.00 0.00 0.00 0.00 0.00
 %idle 87.44 100.00 100.00 100.00 99.01 100.00 100.00 100.00 100.00 0.00 0.00 100.00 100.00 100.00 100.00 100.00 100.00
 %time 1483748324
 %usr 12.51 0.00 0.00 0.00 0.00 0.00 0.00 0.00 0.00 100.00 100.00 0.00 0.00 0.00 0.00 0.00 0.00
 %sys 0.06 0.00 0.00 0.00 0.00 0.00 0.00 0.00 0.00 0.00 0.00 1.00 0.00 0.00 0.00 0.00 0.00
 %idle 87.43 100.00 100.00 100.00 100.00 100.00 100.00 100.00 100.00 0.00 0.00 99.00 100.00 100.00 100.00 100.00 100.00
 %time 1483748325
 %usr 8.01 2.97 0.00 0.00 0.00 0.00 0.00 0.00 0.00 63.00 63.00 0.00 0.00 0.00 0.00 0.00 0.00
 %sys 0.25 0.99 0.00 0.00 0.00 0.00 0.00 0.00 0.00 1.00 1.00 1.00 0.00 0.00 0.00 0.00 0.00
 %idle 91.37 96.04 100.00 100.00 100.00 100.00 100.00 100.00 100.00 33.00 33.00 99.00 100.00 100.00 100.00 100.00 100.00
 %time 1483748326
 %usr 0.00 0.00 0.00 0.00 0.00 0.00 0.00 0.00 0.00 0.00 0.00 0.00 0.00 0.00 0.00 0.00 0.00
 %sys 0.06 0.00 0.00 0.00 0.00 0.00 0.00 0.00 0.00 1.00 0.00 0.00 0.00 0.00 0.00 0.00 0.00
 %idle 99.94 100.00 100.00 100.00 100.00 100.00 100.00 100.00 100.00 99.00 100.00 100.00 100.00 100.00 100.00 100.00 100.00
 %time 1483748327
 %usr 0.00 0.00 0.00 0.00 0.00 0.00 0.00 0.00 0.00 0.00 0.00 0.00 0.00 0.00 0.00 0.00 0.00
 %sys 0.19 0.00 0.00 0.00 0.00 0.99 0.00 0.00 0.00 0.00 0.00 0.00 1.00 0.00 0.00 0.00 0.00
 %idle 99.81 100.00 100.00 100.00 100.00 99.01 100.00 100.00 100.00 100.00 100.00 100.00 99.00 100.00 100.00 100.00 100.00
 %time 1483748328
 %usr 0.00 0.00 0.00 0.00 0.00 0.00 0.00 0.00 0.00 0.00 0.00 0.00 0.00 0.00 0.00 0.00 0.00
 %sys 0.06 0.00 0.00 0.00 0.00 0.00 0.00 0.00 0.00 1.00 0.00 0.99 0.00 0.00 0.00 0.00 0.00
 %idle 99.94 100.00 100.00 100.00 100.00 100.00 100.00 100.00 100.00 99.00 100.00 99.01 100.00 100.00 100.00 100.00 100.00
 %time 1483748329
 %usr 0.00 0.00 0.00 0.00 0.00 0.00 0.00 0.00 0.00 0.00 0.00 0.00 0.00 0.00 0.00 0.00 0.00
 %sys 0.06 0.00 0.00 0.00 0.00 0.00 0.99 0.00 0.00 0.99 0.00 0.00 0.00 0.99 0.00 0.00 0.00
 %idle 99.94 100.00 100.00 100.00 100.00 100.00 99.01 100.00 100.00 99.01 100.00 100.00 100.00 99.01 100.00 100.00 100.00
 %time 1483748330
 %usr 0.00 0.00 0.00 0.00 0.00 0.00 0.00 0.00 0.00 0.00 0.00 0.00 0.00 0.00 0.00 0.00 0.00
 %sys 0.06 0.00 0.99 0.00 0.00 0.00 0.00 0.00 0.00 0.99 0.00 0.00 0.00 0.00 0.00 0.00 0.00
 %idle 99.75 100.00 99.01 100.00 100.00 100.00 100.00 100.00 100.00 96.04 100.00 100.00 100.00 100.00 100.00 100.00 100.00
 %time 1483748331
 %usr 0.00 0.00 0.00 0.00 0.00 0.00 0.00 0.00 0.00 0.00 0.00 0.00 0.00 0.00 0.00 0.00 0.00
 %sys 0.00 0.00 0.00 0.00 0.00 0.00 0.00 0.00 0.00 0.99 0.00 0.00 0.00 0.00 0.00 0.00 0.00
 %idle 100.00 100.00 100.00 100.00 100.00 100.00 100.00 100.00 100.00 99.01 100.00 100.00 100.00 100.00 100.00 100.00 100.00
 %time 1483748333
 %usr 0.00 0.00 0.00 0.00 0.00 0.00 0.00 0.00 0.00 0.00 0.00 0.00 0.00 0.00 0.00 0.00 0.00
 %sys 0.12 0.00 0.00 0.00 0.00 0.00 0.00 0.00 0.00 0.00 0.00 0.99 0.00 0.00 0.00 0.00 0.00
 %idle 99.88 100.00 100.00 100.00 100.00 100.00 100.00 100.00 100.00 100.00 100.00 99.01 100.00 100.00 100.00 100.00 100.00
 %time 1483748334
 %usr 2.87 18.00 11.88 1.00 0.00 0.00 0.00 0.00 0.00 3.00 13.00 0.00 0.00 0.00 0.00 0.00 0.00
 %sys 0.62 1.00 3.96 1.00 0.00 0.00 0.00 0.00 0.00 1.00 2.00 1.00 0.00 0.99 0.00 0.99 0.00
 %idle 96.13 81.00 84.16 98.00 95.00 100.00 100.00 100.00 100.00 96.00 85.00 99.00 100.00 99.01 100.00 99.01 100.00
