1481745619          0          0          0          0
1481745620          0          0          0          0
1481745621          0          0          0          0
1481745622          0          0          0          0
1481745623          0          0          0          0
1481745624          0          0          0          0
1481745625          0          0          0          0
1481745627          0          0          0          0
1481745628          0          0          0          0
1481745629          0          0          0          0
1481745630          0          0          0          0
1481745631          0          0          0          0
1481745632          0          0          0          0
1481745633          0          0          0          0
1481745634          0          0          0          0
1481745635          0          0          0          0
1481745638          0          0          0          0
1481745639          0          0          0          0
1481745640          0          0          0          0
1481745641          0          0          0          0
1481745642          0          0          0          0
1481745643          0          0          0          0
1481745644          0          0          0          0
1481745646          0          0          0          0
1481745647          0          0          0          0
1481745648          0          0          0          0
1481745649          0          0          0          0
1481745650          0          0          0          0
1481745651          0          0          0          0
1481745652          0          0          0          0
1481745653          0          0          0          0
1481745655          0          0          0          0
1481745656          0          0          0          0
1481745657          0          0          0          0
1481745658          0          0          0          0
1481745659          0          0          0          0
1481745660          0          0          0          0
1481745661          0          0          0          0
1481745662          0          0          0          0
1481745664          0          0          0          0
1481745665          0          0          0          0
1481745666          0          0          0          0
1481745667          0          0          0          0
1481745668          0          0          0          0
1481745669          0          0          0          0
1481745670          0          0          0          0
1481745672          0          0          0          0
1481745673          0          0          0          0
1481745674          0          0          0          0
1481745675          0          0          0          0
1481745676          0          0          0          0
1481745677          0          0          0          0
1481745678          0          0          0          0
1481745680          0          0          0          0
1481745681          0          0          0          0
1481745682          0          0          0          0
1481745683          0          0          0          0
1481745684          0          0          0          0
1481745685          0          0          0          0
1481745686          0          0          0          0
1481745688          0          0          0          0
1481745689          0          0          0          0
1481745690          0          0          0          0
1481745691          0          0          0          0
1481745692          0          0          0          0
1481745693          0          0          0          0
1481745694          0          0          0          0
1481745695          0          0          0          0
1481745697          0          0          0          0
1481745698          0          0          0          0
1481745699          0          0          0          0
1481745700          0          0          0          0
1481745701          0          0          0          0
1481745702          0          0          0          0
1481745703          0          0          0          0
1481745705          0          0          0          0
1481745706          0          0          0          0
1481745707          0          0          0          0
1481745709          0          0          0          0
1481745710          0          0          0          0
1481745711          0          0          0          0
1481745712          0          0          0          0
1481745713          0          0          0          0
1481745714          0          0          0          0
1481745715          0          0          0          0
1481745716          0          0          0          0
1481745718          0          0          0          0
1481745719          0          0          0          0
1481745720          0          0          0          0
1481745721          0          0          0          0
1481745722          0          0          0          0
1481745723          0          0          0          0
1481745725          0          0          0          0
1481745726          0          0          0          0
1481745727          0          0          0          0
1481745728          0          0          0          0
1481745729          0          0          0          0
1481745730          0          0          0          0
1481745731          0          0          0          0
1481745732          0          0          0          0
1481745734          0          0          0          0
1481745735          0          0          0          0
1481745736          0          0          0          0
1481745737          0          0          0          0
1481745738          0          0          0          0
1481745739          0          0          0          0
1481745740          0          0          0          0
1481745742          0          0          0          0
1481745743          0          0          0          0
1481745744          0          0          0          0
1481745746          0          0          0          0
