 %time 1481824037
 %usr 0.00 0.00 0.00 0.00 0.00 0.00 0.00 0.00 0.00 0.00 0.00 0.00 0.00 0.00 0.00 0.00 0.00
 %sys 0.00 0.00 0.00 0.00 0.00 0.00 0.00 0.00 0.00 0.00 0.00 0.99 0.00 0.00 0.00 0.00 0.00
 %idle 100.00 100.00 100.00 100.00 100.00 100.00 100.00 100.00 100.00 100.00 100.00 99.01 100.00 100.00 100.00 100.00 100.00
 %time 1481824038
 %usr 0.00 0.00 0.00 0.00 0.00 0.00 0.00 0.00 0.00 0.00 0.00 0.00 0.00 0.00 0.00 0.00 0.00
 %sys 0.06 0.00 0.00 0.00 0.00 0.00 0.00 0.00 0.00 0.00 0.00 0.00 0.00 0.00 0.00 0.00 0.00
 %idle 99.94 100.00 100.00 100.00 100.00 100.00 100.00 100.00 100.00 100.00 100.00 100.00 100.00 100.00 100.00 100.00 100.00
 %time 1481824039
 %usr 0.00 0.00 0.00 0.00 0.00 0.00 0.00 0.00 0.00 0.00 0.00 0.00 0.00 0.00 0.00 0.00 0.00
 %sys 0.06 0.00 0.00 0.00 0.00 0.00 0.00 0.00 0.00 0.00 0.00 0.00 0.00 0.00 0.00 0.00 0.00
 %idle 99.94 100.00 100.00 100.00 100.00 100.00 100.00 100.00 100.00 100.00 100.00 100.00 100.00 100.00 100.00 100.00 100.00
 %time 1481824040
 %usr 0.00 0.00 0.00 0.00 0.00 0.00 0.00 0.00 0.00 0.00 0.00 0.00 0.00 0.00 0.00 0.00 0.00
 %sys 0.06 0.00 0.00 0.00 0.00 0.00 0.00 0.00 0.00 0.00 0.99 0.00 0.00 0.00 0.00 0.00 0.00
 %idle 99.81 100.00 100.00 100.00 100.00 100.00 100.00 100.00 100.00 98.00 99.01 100.00 100.00 100.00 100.00 100.00 100.00
 %time 1481824041
 %usr 0.00 0.00 0.00 0.00 0.00 0.00 0.00 0.00 0.00 0.00 0.00 0.00 0.00 0.00 0.00 0.00 0.00
 %sys 0.06 0.00 0.00 0.00 0.00 0.00 0.00 0.00 0.00 0.00 0.00 0.00 0.00 0.00 0.00 0.00 0.00
 %idle 99.31 100.00 100.00 100.00 92.00 100.00 100.00 100.00 100.00 98.00 100.00 100.00 100.00 100.00 100.00 100.00 100.00
 %time 1481824042
 %usr 0.00 0.00 0.00 0.00 0.00 0.00 0.00 0.00 0.00 0.00 0.00 0.00 0.00 0.00 0.00 0.00 0.00
 %sys 0.00 0.00 0.00 0.00 0.00 0.00 0.00 0.00 0.00 0.00 0.00 0.00 0.00 0.00 0.00 0.00 0.00
 %idle 100.00 100.00 100.00 100.00 100.00 100.00 100.00 100.00 100.00 100.00 100.00 100.00 100.00 100.00 100.00 100.00 100.00
 %time 1481824044
 %usr 0.00 0.00 0.00 0.00 0.00 0.00 0.00 0.00 0.00 0.00 0.00 0.00 0.00 0.00 0.00 0.00 0.00
 %sys 0.06 0.00 0.00 0.00 0.00 0.00 0.00 0.00 0.00 0.99 0.00 0.00 0.00 0.00 0.00 0.00 0.00
 %idle 99.94 100.00 100.00 100.00 100.00 100.00 100.00 100.00 100.00 99.01 100.00 100.00 100.00 100.00 100.00 100.00 100.00
 %time 1481824045
 %usr 0.00 0.00 0.00 0.00 0.00 0.00 0.00 0.00 0.00 0.00 0.00 0.00 0.00 0.00 0.00 0.00 0.00
 %sys 0.06 0.00 0.00 0.00 0.00 0.00 0.00 0.00 0.00 0.99 0.00 0.00 0.00 0.00 0.00 0.00 0.00
 %idle 99.94 100.00 100.00 100.00 100.00 100.00 100.00 100.00 100.00 99.01 100.00 100.00 100.00 100.00 100.00 100.00 100.00
 %time 1481824046
 %usr 0.00 0.00 0.00 0.00 0.00 0.00 0.00 0.00 0.00 0.00 0.00 0.00 0.00 0.00 0.00 0.00 0.00
 %sys 0.00 0.00 0.00 0.00 0.00 0.00 0.00 0.00 0.00 0.00 0.00 0.00 0.00 0.00 0.00 0.00 0.00
 %idle 100.00 100.00 100.00 100.00 100.00 100.00 100.00 100.00 100.00 100.00 100.00 100.00 100.00 100.00 100.00 100.00 100.00
 %time 1481824047
 %usr 0.00 0.00 0.00 0.00 0.00 0.00 0.00 0.00 0.00 0.00 0.00 0.00 0.00 0.00 0.00 0.00 0.00
 %sys 0.06 0.00 0.00 0.00 0.00 0.00 0.00 0.00 0.00 0.00 0.00 0.00 0.00 0.00 0.00 0.00 0.00
 %idle 99.94 100.00 100.00 100.00 100.00 100.00 100.00 100.00 100.00 100.00 100.00 100.00 100.00 100.00 100.00 100.00 100.00
 %time 1481824048
 %usr 0.00 0.00 0.00 0.00 0.00 0.00 0.00 0.00 0.00 0.00 0.00 0.00 0.00 0.00 0.00 0.00 0.00
 %sys 0.00 0.00 0.00 0.00 0.00 0.00 0.00 0.00 0.00 0.00 0.00 0.00 0.00 0.00 0.00 0.00 0.00
 %idle 99.94 100.00 100.00 100.00 100.00 100.00 100.00 100.00 100.00 100.00 100.00 100.00 100.00 100.00 100.00 100.00 100.00
 %time 1481824049
 %usr 1.44 6.06 7.07 6.93 0.00 0.00 0.00 0.00 0.00 0.00 2.00 0.00 0.00 0.00 0.00 0.00 0.00
 %sys 0.37 1.01 2.02 0.99 0.00 0.00 0.00 0.00 0.00 0.99 1.00 0.00 0.00 0.00 0.00 0.00 0.00
 %idle 97.56 92.93 90.91 92.08 96.00 100.00 100.00 100.00 100.00 94.06 97.00 100.00 100.00 100.00 100.00 100.00 100.00
 %time 1481824050
 %usr 0.25 1.02 0.00 0.00 1.00 0.00 0.00 0.00 0.00 1.00 1.00 0.00 0.00 0.00 0.00 0.00 0.00
 %sys 0.56 0.00 0.00 0.00 2.00 0.00 0.00 0.00 1.00 4.00 1.00 0.00 0.00 0.00 0.00 0.00 0.00
 %idle 93.55 87.76 98.00 100.00 37.00 100.00 99.00 100.00 99.00 80.00 98.00 100.00 100.00 100.00 100.00 100.00 100.00
 %time 1481824051
 %usr 0.00 0.00 0.00 0.00 0.00 0.00 0.00 0.00 0.00 0.00 0.00 0.00 0.00 0.00 0.00 0.00 0.00
 %sys 0.19 0.00 0.00 0.00 0.00 0.00 0.00 0.00 0.00 1.00 1.00 0.00 0.00 0.00 0.00 0.00 0.00
 %idle 99.81 100.00 100.00 100.00 100.00 100.00 100.00 100.00 100.00 99.00 99.00 100.00 100.00 100.00 100.00 100.00 100.00
 %time 1481824052
 %usr 0.00 0.00 0.00 0.00 0.00 0.00 0.00 0.00 0.00 0.00 0.00 0.00 0.00 0.00 0.00 0.00 0.00
 %sys 0.12 0.00 0.00 0.00 0.00 0.00 0.00 0.00 0.00 1.00 0.00 0.00 0.00 0.00 0.00 0.00 0.99
 %idle 99.88 100.00 100.00 100.00 100.00 100.00 100.00 100.00 100.00 99.00 100.00 100.00 100.00 100.00 100.00 100.00 99.01
 %time 1481824054
 %usr 0.25 0.00 0.00 0.00 0.00 0.00 0.00 0.00 0.00 1.98 1.98 0.00 0.99 0.00 0.00 0.00 1.00
 %sys 1.00 1.00 0.99 1.00 0.00 0.00 0.00 0.00 0.00 5.94 5.94 1.00 0.99 0.00 0.00 0.00 1.00
 %idle 97.81 99.00 99.01 99.00 100.00 100.00 100.00 100.00 100.00 84.16 85.15 99.00 98.02 100.00 100.00 100.00 98.00
 %time 1481824055
 %usr 3.12 0.00 0.00 0.00 0.00 0.00 0.00 0.00 0.00 10.10 40.00 0.00 0.00 0.00 0.00 0.00 0.00
 %sys 1.19 0.00 1.00 0.00 0.99 0.00 0.00 0.00 0.00 8.08 7.00 0.00 0.99 0.00 0.00 0.00 0.00
 %idle 87.12 100.00 99.00 100.00 96.04 100.00 100.00 100.00 100.00 0.00 0.00 100.00 99.01 100.00 100.00 100.00 100.00
 %time 1481824056
 %usr 0.37 0.00 0.00 0.00 0.00 0.00 0.00 0.00 0.00 3.00 3.00 0.00 0.00 0.00 0.00 0.00 0.00
 %sys 0.44 0.00 1.00 0.00 0.00 0.00 0.00 0.00 0.00 3.00 2.00 0.99 0.00 0.99 0.00 0.00 0.00
 %idle 87.26 100.00 99.00 100.00 97.98 100.00 100.00 100.00 100.00 0.00 0.00 99.01 100.00 99.01 100.00 100.00 100.00
 %time 1481824057
 %usr 0.50 0.00 0.00 0.00 0.00 0.00 0.00 0.00 0.00 4.04 3.00 0.00 0.00 0.00 0.00 0.00 0.00
 %sys 0.56 0.99 1.00 0.00 0.00 0.00 0.00 0.00 0.00 4.04 3.00 0.99 0.00 0.00 0.00 0.00 0.99
 %idle 87.33 99.01 99.00 100.00 100.00 100.00 100.00 100.00 100.00 0.00 0.00 99.01 100.00 100.00 100.00 100.00 99.01
 %time 1481824058
 %usr 0.50 0.00 0.00 0.00 0.00 0.00 0.00 0.00 0.00 2.97 5.00 0.00 0.00 0.00 0.00 0.00 0.00
 %sys 0.50 0.00 0.00 0.00 0.00 0.00 0.00 0.00 0.00 2.97 2.00 0.00 0.99 0.00 0.00 0.00 0.00
 %idle 87.27 100.00 100.00 100.00 100.00 100.00 100.00 100.00 100.00 0.00 0.00 100.00 99.01 100.00 100.00 100.00 100.00
 %time 1481824059
 %usr 0.38 0.00 0.00 0.00 0.00 0.00 0.00 0.00 0.00 3.00 3.00 0.00 0.00 0.00 0.00 0.00 0.00
 %sys 0.38 0.00 0.00 0.00 0.00 0.00 0.00 0.00 0.00 3.00 2.00 0.00 0.99 0.99 0.00 0.00 0.00
 %idle 87.44 100.00 100.00 100.00 100.00 100.00 100.00 100.00 100.00 0.00 0.00 100.00 99.01 99.01 100.00 100.00 100.00
 %time 1481824060
 %usr 0.31 0.00 0.00 0.00 0.00 0.00 0.00 0.00 0.00 4.00 2.00 0.00 0.00 0.00 0.00 0.00 0.00
 %sys 0.44 0.00 0.00 0.00 0.00 0.00 0.00 0.00 0.00 4.00 1.00 0.00 0.00 0.00 0.00 0.00 0.00
 %idle 87.44 100.00 100.00 100.00 100.00 100.00 100.00 100.00 100.00 0.00 0.00 100.00 100.00 100.00 100.00 100.00 100.00
 %time 1481824061
 %usr 0.44 0.00 0.00 0.00 0.00 0.00 0.00 0.00 0.00 4.95 2.00 0.00 0.00 0.00 0.00 0.00 0.00
 %sys 0.44 0.00 0.00 0.00 0.00 0.00 0.00 0.00 0.00 4.95 2.00 0.00 0.00 0.00 0.00 0.00 0.00
 %idle 87.44 100.00 100.00 100.00 100.00 100.00 100.00 100.00 100.00 0.00 0.00 100.00 100.00 100.00 100.00 100.00 100.00
 %time 1481824063
 %usr 0.44 0.00 0.00 0.00 0.00 0.00 0.00 0.00 0.00 6.00 1.00 0.00 0.00 0.00 0.00 0.00 0.00
 %sys 0.56 0.00 0.00 0.00 0.00 0.99 0.99 0.00 0.00 4.00 1.00 0.00 0.00 0.00 0.00 0.00 0.00
 %idle 87.33 100.00 100.00 100.00 100.00 99.01 99.01 100.00 100.00 0.00 0.00 100.00 100.00 100.00 100.00 100.00 100.00
 %time 1481824064
 %usr 0.44 0.00 0.00 0.00 0.00 0.00 0.00 0.00 0.00 6.93 0.99 0.00 0.00 0.00 0.00 0.00 0.00
 %sys 0.44 0.00 0.99 0.00 0.00 0.00 0.00 0.00 0.00 3.96 0.99 0.00 0.00 0.00 0.00 0.00 0.00
 %idle 87.38 100.00 99.01 100.00 100.00 100.00 100.00 100.00 100.00 0.00 0.00 100.00 100.00 100.00 100.00 100.00 100.00
 %time 1481824065
 %usr 0.44 0.00 0.00 0.00 0.00 0.00 0.00 0.00 0.00 6.93 0.00 0.00 0.00 0.00 0.00 0.00 0.00
 %sys 0.50 0.00 0.00 0.00 0.00 0.00 0.00 0.00 0.99 5.94 0.00 0.00 0.00 0.99 0.00 0.00 0.00
 %idle 87.38 100.00 100.00 100.00 100.00 100.00 100.00 100.00 99.01 0.00 0.00 100.00 100.00 99.01 100.00 100.00 100.00
 %time 1481824066
 %usr 0.38 0.00 0.00 0.00 0.00 0.00 0.00 0.00 0.00 6.00 0.00 0.00 0.00 0.00 0.00 0.00 0.00
 %sys 0.38 0.00 0.00 0.00 0.00 0.00 0.00 0.99 0.00 4.00 0.00 0.00 0.99 0.00 0.00 0.00 0.00
 %idle 87.38 100.00 100.00 100.00 100.00 100.00 100.00 99.01 100.00 0.00 0.00 100.00 99.01 100.00 100.00 100.00 100.00
 %time 1481824067
 %usr 0.44 0.00 0.00 0.00 0.00 0.00 0.00 0.00 0.00 7.92 0.00 0.00 0.00 0.00 0.00 0.00 0.00
 %sys 0.44 0.00 0.00 0.00 0.00 0.99 0.00 0.00 0.00 4.95 0.00 0.00 0.00 0.00 0.00 0.00 0.00
 %idle 87.38 100.00 100.00 100.00 100.00 99.01 100.00 100.00 100.00 0.00 0.00 100.00 100.00 100.00 100.00 100.00 100.00
 %time 1481824068
 %usr 0.50 0.00 0.00 0.00 0.00 0.00 0.00 0.00 0.00 7.07 1.01 0.00 0.00 0.00 0.00 0.00 0.00
 %sys 0.44 0.00 0.00 0.99 0.00 0.00 0.00 0.00 0.00 3.03 1.01 0.99 0.00 0.00 0.00 0.00 0.00
 %idle 87.38 100.00 100.00 99.01 100.00 100.00 100.00 100.00 100.00 0.00 0.00 99.01 100.00 100.00 100.00 100.00 100.00
 %time 1481824069
 %usr 0.44 0.00 0.00 0.00 0.00 0.00 0.00 0.00 0.00 5.94 2.00 0.00 0.00 0.00 0.00 0.00 0.00
 %sys 0.50 0.00 0.00 0.00 0.00 0.00 0.00 0.00 0.00 3.96 2.00 1.00 0.00 0.99 0.00 0.00 0.00
 %idle 87.32 100.00 100.00 100.00 100.00 100.00 100.00 100.00 100.00 0.00 0.00 99.00 100.00 99.01 100.00 100.00 100.00
 %time 1481824070
 %usr 0.44 0.00 0.00 0.00 0.00 0.00 0.00 0.00 0.00 4.95 2.02 0.00 0.00 0.00 0.00 0.00 0.00
 %sys 0.50 0.00 0.00 0.00 0.00 0.00 0.00 0.00 0.00 3.96 2.02 0.99 0.00 0.00 0.00 0.00 0.00
 %idle 87.38 100.00 100.00 100.00 100.00 100.00 100.00 100.00 100.00 0.00 0.00 99.01 100.00 100.00 100.00 100.00 100.00
 %time 1481824072
 %usr 0.38 0.00 0.00 0.00 0.00 0.00 0.00 0.00 0.00 3.96 2.00 0.00 0.00 0.00 0.00 0.00 0.00
 %sys 0.38 0.00 0.00 0.00 0.00 0.00 0.00 0.00 0.00 2.97 1.00 0.99 0.00 0.00 0.00 0.00 0.00
 %idle 87.38 100.00 100.00 100.00 100.00 100.00 100.00 100.00 100.00 0.00 0.00 99.01 100.00 100.00 100.00 100.00 100.00
 %time 1481824073
 %usr 0.44 0.00 0.00 0.00 0.00 0.00 0.00 0.00 0.00 4.00 3.00 0.00 0.00 0.00 0.00 0.00 0.00
 %sys 0.44 0.00 1.00 0.00 0.00 0.00 0.00 0.00 0.00 3.00 2.00 0.00 0.00 0.00 0.00 0.00 0.00
 %idle 87.38 100.00 99.00 100.00 100.00 100.00 100.00 100.00 100.00 0.00 0.00 100.00 100.00 100.00 100.00 100.00 100.00
 %time 1481824074
 %usr 0.44 0.00 0.00 0.00 0.00 0.00 0.00 0.00 0.00 3.00 2.97 0.00 0.00 0.00 0.00 0.00 0.00
 %sys 0.31 0.00 0.00 0.00 0.00 0.00 0.00 0.00 0.99 3.00 1.98 0.00 0.00 0.00 0.00 0.00 0.00
 %idle 87.38 100.00 100.00 100.00 100.00 100.00 100.00 100.00 99.01 0.00 0.00 100.00 100.00 100.00 100.00 100.00 100.00
 %time 1481824075
 %usr 0.44 0.00 0.00 0.00 0.00 0.00 0.00 0.00 0.00 3.96 2.00 0.00 0.00 0.00 0.00 0.00 0.00
 %sys 0.44 0.00 0.00 0.00 0.00 0.00 0.00 0.00 0.00 3.96 2.00 0.00 1.00 0.00 0.00 0.00 0.00
 %idle 87.38 100.00 100.00 100.00 100.00 100.00 100.00 100.00 100.00 0.00 0.00 100.00 99.00 100.00 100.00 100.00 100.00
 %time 1481824077
 %usr 0.50 0.00 0.00 0.00 0.00 0.00 0.00 0.00 0.00 5.00 2.00 0.00 0.00 0.00 0.00 0.00 0.00
 %sys 0.56 0.00 0.00 0.00 0.00 0.00 0.00 0.00 0.00 4.00 2.00 0.00 0.99 0.99 0.00 0.00 0.00
 %idle 87.33 100.00 100.00 100.00 100.00 100.00 100.00 100.00 100.00 0.00 0.00 100.00 99.01 99.01 100.00 100.00 100.00
 %time 1481824078
 %usr 0.44 0.00 0.00 0.00 0.00 0.00 0.00 0.00 0.00 6.00 2.00 0.00 0.00 0.00 0.00 0.00 0.00
 %sys 0.44 1.00 0.00 0.00 0.00 0.00 0.00 0.00 0.00 4.00 1.00 0.00 0.00 0.00 0.00 0.00 0.00
 %idle 87.43 99.00 100.00 100.00 100.00 100.00 100.00 100.00 100.00 0.00 0.00 100.00 100.00 100.00 100.00 100.00 100.00
 %time 1481824079
 %usr 0.44 0.00 0.00 0.00 0.00 0.00 0.00 0.00 0.00 5.00 1.98 0.00 0.00 0.00 0.00 0.00 0.00
 %sys 0.50 0.00 0.00 0.99 0.99 0.00 0.00 0.00 0.00 4.00 1.98 0.99 0.00 0.00 0.00 0.00 0.00
 %idle 87.38 100.00 100.00 99.01 99.01 100.00 100.00 100.00 100.00 0.00 0.00 99.01 100.00 100.00 100.00 100.00 100.00
 %time 1481824080
 %usr 0.56 0.00 0.00 0.00 0.00 0.00 0.00 0.00 0.00 7.00 2.00 0.00 0.00 0.00 0.00 0.00 0.00
 %sys 0.37 0.00 0.00 0.00 0.00 0.00 0.00 0.00 0.00 3.00 1.00 0.00 0.00 0.99 0.00 0.00 0.00
 %idle 87.38 100.00 100.00 100.00 100.00 100.00 100.00 100.00 100.00 0.00 0.00 100.00 100.00 99.01 100.00 100.00 100.00
 %time 1481824081
 %usr 0.50 0.00 0.00 0.00 0.00 0.00 0.00 0.00 0.00 7.00 1.00 0.00 0.00 0.00 0.00 0.00 0.00
 %sys 0.50 0.00 0.99 0.00 0.00 0.00 0.00 0.00 0.00 5.00 1.00 0.99 0.00 0.00 0.00 0.00 0.00
 %idle 87.27 100.00 99.01 100.00 100.00 100.00 100.00 100.00 100.00 0.00 0.00 99.01 100.00 100.00 100.00 100.00 100.00
 %time 1481824082
 %usr 0.37 0.00 0.00 0.00 0.00 0.00 0.00 0.00 0.00 5.05 0.00 0.99 0.00 0.00 0.00 0.00 0.00
 %sys 0.44 0.00 0.00 0.00 0.00 0.00 0.00 0.00 1.00 4.04 0.00 0.00 0.99 0.00 0.00 0.00 0.99
 %idle 87.33 100.00 100.00 100.00 100.00 100.00 100.00 100.00 99.00 0.00 0.00 99.01 99.01 100.00 100.00 100.00 99.01
 %time 1481824083
 %usr 0.31 0.00 0.00 0.00 0.00 0.00 0.00 0.00 0.00 5.05 0.00 0.00 0.00 0.00 0.00 0.00 0.00
 %sys 0.38 0.00 0.00 0.00 0.00 0.00 0.00 0.00 0.00 4.04 0.00 0.00 0.00 1.00 0.00 0.00 0.00
 %idle 87.43 100.00 100.00 100.00 100.00 100.00 100.00 100.00 100.00 0.00 0.00 100.00 100.00 99.00 100.00 100.00 100.00
 %time 1481824085
 %usr 0.38 0.00 0.00 0.00 0.00 0.00 0.00 0.00 0.00 6.93 0.00 0.00 0.00 0.00 0.00 0.00 0.00
 %sys 0.38 0.00 0.00 0.00 0.00 0.00 0.00 0.00 0.00 3.96 0.00 0.00 0.00 0.00 0.00 0.00 0.00
 %idle 87.44 100.00 100.00 100.00 100.00 100.00 100.00 100.00 100.00 0.00 0.00 100.00 100.00 100.00 100.00 100.00 100.00
 %time 1481824086
 %usr 0.37 0.00 0.00 0.00 0.00 0.00 0.00 0.00 0.00 6.93 0.00 0.00 0.00 0.00 0.00 0.00 0.00
 %sys 0.50 0.99 0.00 0.00 0.00 0.00 0.00 0.00 0.00 4.95 0.00 0.99 0.00 1.00 0.00 0.99 0.00
 %idle 87.32 99.01 100.00 100.00 100.00 100.00 100.00 100.00 100.00 0.00 0.00 99.01 100.00 99.00 100.00 99.01 100.00
 %time 1481824087
 %usr 0.50 0.00 0.00 0.00 0.00 0.00 0.00 0.00 0.00 8.08 0.00 0.00 0.00 0.00 0.00 0.00 0.00
 %sys 0.75 0.00 0.00 0.99 0.99 0.00 0.00 0.99 0.00 6.06 1.00 1.00 0.00 1.00 0.00 0.00 1.00
 %idle 87.23 100.00 100.00 99.01 99.01 100.00 100.00 99.01 100.00 0.00 0.00 99.00 100.00 99.00 100.00 100.00 99.00
 %time 1481824088
 %usr 0.37 0.00 0.00 0.00 0.00 0.00 0.00 0.00 0.00 6.00 0.00 0.00 0.00 0.00 0.00 0.00 0.00
 %sys 0.37 0.00 0.00 0.99 0.00 0.00 0.00 0.00 0.99 4.00 0.00 0.00 0.99 0.00 0.00 0.00 0.00
 %idle 87.38 100.00 100.00 99.01 100.00 100.00 100.00 100.00 99.01 0.00 0.00 100.00 99.01 100.00 100.00 100.00 100.00
 %time 1481824089
 %usr 0.37 0.00 0.00 0.00 0.00 0.00 0.00 0.00 0.00 5.05 0.00 0.00 0.00 0.00 0.00 0.00 0.00
 %sys 0.44 0.99 0.00 0.00 0.00 0.00 0.00 0.00 0.00 4.04 0.00 0.00 1.00 0.00 0.00 0.99 0.00
 %idle 87.33 99.01 100.00 100.00 100.00 100.00 100.00 100.00 100.00 0.00 0.00 100.00 99.00 100.00 100.00 99.01 100.00
 %time 1481824090
 %usr 0.37 0.00 0.00 0.00 0.00 0.00 0.00 0.00 0.00 6.00 0.00 0.00 0.00 0.00 0.00 0.00 0.00
 %sys 0.37 0.00 0.00 0.00 0.00 0.00 0.00 0.00 0.00 4.00 0.00 0.00 0.00 0.00 0.99 0.00 0.00
 %idle 87.39 100.00 100.00 100.00 100.00 100.00 100.00 100.00 100.00 0.00 0.00 100.00 100.00 100.00 99.01 100.00 100.00
 %time 1481824091
 %usr 0.37 0.00 0.00 0.00 0.00 0.00 0.00 0.00 0.00 5.94 0.00 0.00 0.00 0.00 0.00 0.00 0.00
 %sys 0.37 0.00 0.00 0.00 0.00 0.00 0.00 0.00 0.00 3.96 0.00 0.00 0.00 0.00 0.00 0.00 0.00
 %idle 87.38 100.00 100.00 100.00 100.00 100.00 100.00 100.00 100.00 0.00 0.00 100.00 100.00 100.00 100.00 100.00 100.00
 %time 1481824092
 %usr 0.37 0.00 0.00 0.00 0.00 0.00 0.00 0.00 0.00 6.06 0.00 0.00 0.00 0.00 0.00 0.00 0.00
 %sys 0.37 0.00 0.00 0.00 0.00 0.00 0.00 0.00 0.00 3.03 0.00 0.99 0.99 0.00 0.00 1.00 0.00
 %idle 87.38 100.00 100.00 100.00 100.00 100.00 100.00 100.00 100.00 0.00 0.00 99.01 99.01 100.00 100.00 99.00 100.00
 %time 1481824094
 %usr 0.37 0.00 0.00 0.00 0.00 0.00 0.00 0.00 0.00 6.00 0.00 0.00 0.00 0.00 0.00 0.00 0.00
 %sys 0.44 0.00 0.00 0.00 0.00 0.00 0.00 0.00 0.00 4.00 0.99 0.99 0.99 1.00 0.00 0.00 0.00
 %idle 87.32 100.00 100.00 100.00 100.00 100.00 100.00 100.00 100.00 0.00 0.00 99.01 99.01 99.00 100.00 100.00 100.00
 %time 1481824095
 %usr 0.38 0.00 0.00 0.00 0.00 0.00 0.00 0.00 0.00 6.00 0.00 0.00 0.00 0.00 0.00 0.00 0.00
 %sys 0.44 0.00 0.00 0.00 0.00 0.00 0.00 0.00 0.00 5.00 0.99 0.00 0.00 0.00 0.00 0.00 0.99
 %idle 87.49 100.00 100.00 100.00 100.00 100.00 100.00 100.00 100.00 0.00 0.00 100.00 100.00 100.00 100.00 100.00 99.01
 %time 1481824096
 %usr 0.44 0.00 0.00 0.00 0.00 0.00 0.00 0.00 0.00 7.00 0.00 0.00 0.00 0.00 0.00 0.00 0.00
 %sys 0.38 0.00 0.00 0.00 0.00 0.00 0.00 0.00 0.00 5.00 0.99 0.99 0.00 0.00 0.00 0.00 0.00
 %idle 87.44 100.00 100.00 100.00 100.00 100.00 100.00 100.00 100.00 0.00 0.00 99.01 100.00 100.00 100.00 100.00 100.00
 %time 1481824097
 %usr 0.37 0.00 0.00 0.00 0.00 0.00 0.00 0.00 0.00 6.93 0.00 0.00 0.00 0.00 0.00 0.00 0.00
 %sys 0.44 0.00 0.00 0.99 0.00 0.00 0.00 0.00 0.00 4.95 0.00 0.00 0.00 0.00 0.00 0.00 0.00
 %idle 87.45 100.00 100.00 99.01 100.00 100.00 100.00 100.00 100.00 0.00 0.00 100.00 100.00 100.00 100.00 100.00 100.00
 %time 1481824098
 %usr 0.37 0.00 0.00 0.00 0.00 0.00 0.00 0.00 0.00 6.00 0.00 0.00 0.00 0.00 0.00 0.00 0.00
 %sys 0.50 0.00 0.00 0.00 0.00 0.00 0.00 0.00 0.00 4.00 1.00 0.00 1.00 0.99 0.00 0.00 0.00
 %idle 87.32 100.00 100.00 100.00 100.00 100.00 100.00 100.00 100.00 0.00 0.00 100.00 99.00 99.01 100.00 100.00 100.00
 %time 1481824099
 %usr 0.31 0.00 0.00 0.00 0.00 0.00 0.00 0.00 0.00 5.05 0.00 0.00 0.00 0.00 0.00 0.00 0.00
 %sys 0.31 0.00 0.00 0.00 0.00 0.00 0.00 0.99 0.00 3.03 0.99 0.00 1.00 0.00 0.00 0.00 0.00
 %idle 87.50 100.00 100.00 100.00 100.00 100.00 100.00 99.01 100.00 0.00 0.00 100.00 99.00 100.00 100.00 100.00 100.00
 %time 1481824100
 %usr 0.25 0.00 0.00 0.00 0.00 0.00 0.00 0.00 0.00 4.95 0.00 0.00 0.00 0.00 0.00 0.00 0.00
 %sys 0.31 0.00 0.00 0.00 0.00 0.00 0.00 0.00 0.99 2.97 1.00 0.00 0.00 0.00 0.00 0.99 0.00
 %idle 87.44 100.00 100.00 100.00 100.00 100.00 100.00 100.00 99.01 0.00 0.00 100.00 100.00 100.00 100.00 99.01 100.00
 %time 1481824101
 %usr 0.38 0.00 0.00 0.00 0.00 0.00 0.00 0.00 0.00 6.00 0.00 0.00 0.00 0.00 0.00 0.00 0.00
 %sys 0.38 0.99 0.00 0.00 0.00 0.00 0.00 0.00 0.00 5.00 0.00 0.00 0.00 0.00 0.00 0.00 0.99
 %idle 87.44 99.01 100.00 100.00 100.00 100.00 100.00 100.00 100.00 0.00 0.00 100.00 100.00 100.00 100.00 100.00 99.01
 %time 1481824103
 %usr 0.44 0.00 0.00 0.00 0.00 0.00 0.00 0.00 0.00 6.06 0.00 0.00 0.00 0.00 0.00 0.00 0.00
 %sys 0.38 0.00 0.00 0.00 0.00 0.00 0.00 0.00 0.00 4.04 0.00 0.00 0.00 0.00 1.00 0.00 0.00
 %idle 87.38 100.00 100.00 100.00 100.00 100.00 100.00 100.00 100.00 0.00 0.00 100.00 100.00 100.00 99.00 100.00 100.00
 %time 1481824104
 %usr 0.44 0.00 0.00 0.00 0.00 0.00 0.00 0.00 0.00 6.93 0.00 0.00 0.00 0.00 0.00 0.00 0.00
 %sys 0.44 0.00 0.00 0.00 0.00 0.99 0.00 0.00 0.00 4.95 0.99 0.00 0.00 0.00 0.00 0.00 0.00
 %idle 87.38 100.00 100.00 100.00 100.00 99.01 100.00 100.00 100.00 0.00 0.00 100.00 100.00 100.00 100.00 100.00 100.00
 %time 1481824105
 %usr 0.44 0.00 0.00 0.00 0.00 0.00 0.00 0.00 0.00 7.07 0.00 0.00 0.00 0.00 0.00 0.00 0.00
 %sys 0.44 0.00 0.00 0.00 0.00 0.00 0.00 0.00 0.00 5.05 0.00 0.99 0.99 0.00 0.00 0.00 0.00
 %idle 87.38 100.00 100.00 100.00 100.00 100.00 100.00 100.00 100.00 0.00 0.00 99.01 99.01 100.00 100.00 100.00 100.00
 %time 1481824106
 %usr 0.31 0.00 0.00 0.00 0.00 0.00 0.00 0.00 0.00 6.00 0.00 0.00 0.00 0.00 0.00 0.00 0.00
 %sys 0.37 0.00 0.00 0.00 0.00 0.00 0.00 0.00 0.00 3.00 0.99 1.00 0.00 0.00 0.00 0.00 0.00
 %idle 87.38 100.00 100.00 100.00 100.00 100.00 100.00 100.00 100.00 0.00 0.00 99.00 100.00 100.00 100.00 100.00 100.00
 %time 1481824107
 %usr 0.37 0.00 0.00 0.00 0.00 0.00 0.00 0.00 0.00 6.00 0.00 0.00 0.00 0.00 0.00 0.00 0.00
 %sys 0.37 0.00 0.00 0.00 0.00 0.00 0.00 0.00 0.00 4.00 0.00 0.00 0.99 0.00 0.00 0.00 0.00
 %idle 87.38 100.00 100.00 100.00 100.00 100.00 100.00 100.00 100.00 0.00 0.00 100.00 99.01 100.00 100.00 100.00 100.00
 %time 1481824108
 %usr 0.44 0.00 0.00 0.00 0.00 0.00 0.00 0.00 0.00 7.00 0.00 0.00 0.00 0.00 0.00 0.00 0.00
 %sys 0.38 0.00 0.00 0.00 0.00 0.00 0.00 0.00 0.00 5.00 0.00 1.00 0.00 0.00 0.00 0.00 0.00
 %idle 87.48 100.00 100.00 100.00 100.00 100.00 100.00 100.00 100.00 0.00 0.00 99.00 100.00 100.00 100.00 100.00 100.00
 %time 1481824109
 %usr 0.37 0.00 0.00 0.00 0.00 0.00 0.00 0.00 0.00 5.94 0.00 0.00 0.00 0.00 0.00 0.00 0.00
 %sys 0.37 0.00 0.00 0.99 0.99 0.00 0.00 0.00 0.00 3.96 0.00 0.00 0.00 0.00 0.00 0.00 0.99
 %idle 87.38 100.00 100.00 99.01 99.01 100.00 100.00 100.00 100.00 0.00 0.00 100.00 100.00 100.00 100.00 100.00 99.01
 %time 1481824110
 %usr 0.37 0.00 0.00 0.00 0.00 0.00 0.00 0.00 0.00 6.00 0.00 0.00 0.00 0.00 0.00 0.00 0.00
 %sys 0.44 0.00 1.00 0.00 1.00 0.00 0.00 0.00 0.00 4.00 0.99 0.00 0.00 0.00 0.00 0.00 0.00
 %idle 87.32 100.00 99.00 100.00 99.00 100.00 100.00 100.00 100.00 0.00 0.00 100.00 100.00 100.00 100.00 100.00 100.00
 %time 1481824112
 %usr 0.44 0.00 0.00 0.00 0.00 0.00 0.00 0.00 0.00 7.00 0.00 0.00 0.00 0.00 0.00 0.00 0.00
 %sys 0.38 0.00 0.00 0.00 0.00 0.00 0.00 0.00 0.00 5.00 0.00 1.00 0.00 0.00 0.99 0.00 0.00
 %idle 87.44 100.00 100.00 100.00 100.00 100.00 100.00 100.00 100.00 0.00 0.00 99.00 100.00 100.00 99.01 100.00 100.00
 %time 1481824113
 %usr 0.37 0.00 0.00 0.00 0.00 0.00 0.00 0.00 0.00 6.06 0.00 0.00 0.00 0.00 0.00 0.00 0.00
 %sys 0.37 0.00 0.00 0.00 0.00 0.00 0.00 0.00 0.00 4.04 0.00 0.00 0.99 0.00 0.00 0.00 0.00
 %idle 87.38 100.00 100.00 100.00 100.00 100.00 100.00 100.00 100.00 0.00 0.00 100.00 99.01 100.00 100.00 100.00 100.00
 %time 1481824114
 %usr 0.50 0.00 0.00 0.00 0.00 0.00 0.00 0.00 0.00 7.92 0.00 0.00 0.00 0.00 0.00 0.00 0.00
 %sys 0.50 0.00 0.00 0.00 0.00 0.00 0.00 0.99 0.00 4.95 0.00 0.99 1.00 0.00 0.00 0.00 0.99
 %idle 87.33 100.00 100.00 100.00 100.00 100.00 100.00 99.01 100.00 0.00 0.00 99.01 99.00 100.00 100.00 100.00 99.01
 %time 1481824115
 %usr 0.44 0.00 0.00 0.00 0.00 0.00 0.00 0.00 0.00 7.00 0.00 0.00 0.00 0.00 0.00 0.00 0.00
 %sys 0.37 0.00 0.00 0.00 0.00 0.00 0.00 0.00 0.00 4.00 0.00 0.00 0.00 0.99 0.00 0.00 0.00
 %idle 87.38 100.00 100.00 100.00 100.00 100.00 100.00 100.00 100.00 0.00 0.00 100.00 100.00 99.01 100.00 100.00 100.00
 %time 1481824116
 %usr 0.44 0.00 0.00 0.00 0.00 0.00 0.00 0.00 0.00 7.00 0.00 0.00 0.00 0.00 0.00 0.00 0.00
 %sys 0.44 0.00 0.00 0.99 0.00 0.00 0.00 0.00 0.00 5.00 0.99 0.00 0.00 0.00 0.00 0.00 0.00
 %idle 87.44 100.00 100.00 99.01 100.00 100.00 100.00 100.00 100.00 0.00 0.00 100.00 100.00 100.00 100.00 100.00 100.00
 %time 1481824117
 %usr 0.37 0.00 0.00 0.00 0.00 0.00 0.00 0.00 0.00 6.00 0.00 0.00 0.00 0.00 0.00 0.00 0.00
 %sys 0.37 0.00 0.00 0.00 0.00 0.00 0.00 0.00 0.00 4.00 0.00 0.00 0.00 0.00 0.00 0.00 0.00
 %idle 87.38 100.00 100.00 100.00 100.00 100.00 100.00 100.00 100.00 0.00 0.00 100.00 100.00 100.00 100.00 100.00 100.00
 %time 1481824118
 %usr 0.25 0.00 0.00 0.00 0.00 0.00 0.00 0.00 0.00 4.00 0.00 0.00 0.00 0.00 0.00 0.00 0.00
 %sys 0.25 0.00 0.00 0.00 0.00 0.00 0.00 0.00 0.00 3.00 0.00 0.00 0.00 0.00 0.00 0.00 0.00
 %idle 87.49 100.00 100.00 100.00 100.00 100.00 100.00 100.00 100.00 0.00 0.00 100.00 100.00 100.00 100.00 100.00 100.00
 %time 1481824119
 %usr 0.38 0.00 0.00 0.00 0.00 0.00 0.00 0.00 0.00 6.93 0.00 0.00 0.00 0.00 0.00 0.00 0.00
 %sys 0.38 0.00 0.00 0.00 0.00 0.00 0.00 0.00 0.00 4.95 0.00 1.00 0.99 0.99 0.00 0.00 0.00
 %idle 87.44 100.00 100.00 100.00 100.00 100.00 100.00 100.00 100.00 0.00 0.00 99.00 99.01 99.01 100.00 100.00 100.00
 %time 1481824121
 %usr 0.31 0.00 0.00 0.00 0.00 0.00 0.00 0.00 0.00 6.00 0.00 0.00 0.00 0.00 0.00 0.00 0.00
 %sys 0.38 0.00 0.00 0.00 0.00 0.00 0.00 0.00 0.00 4.00 0.00 0.00 0.99 0.00 0.00 0.00 0.00
 %idle 87.44 100.00 100.00 100.00 100.00 100.00 100.00 100.00 100.00 0.00 0.00 100.00 99.01 100.00 100.00 100.00 100.00
 %time 1481824122
 %usr 0.44 0.00 0.00 0.00 0.00 0.00 0.00 0.00 0.00 7.00 0.00 0.00 0.00 0.00 0.00 0.00 0.00
 %sys 0.44 0.00 0.00 0.00 0.00 0.99 0.00 0.00 0.99 5.00 0.00 0.99 1.00 0.00 0.00 0.00 0.00
 %idle 87.31 98.00 100.00 100.00 100.00 99.01 100.00 100.00 99.01 0.00 0.00 99.01 99.00 100.00 100.00 100.00 100.00
 %time 1481824123
 %usr 0.44 0.00 0.00 0.00 0.00 0.00 0.00 0.00 0.00 7.00 0.00 0.00 0.00 0.00 0.00 0.00 0.00
 %sys 0.50 0.99 0.00 0.00 0.00 0.00 0.00 0.00 0.00 5.00 0.99 0.00 1.00 0.00 0.99 0.00 0.00
 %idle 87.31 99.01 100.00 100.00 100.00 100.00 100.00 100.00 100.00 0.00 0.00 100.00 99.00 100.00 99.01 100.00 100.00
 %time 1481824124
 %usr 0.44 0.00 0.00 0.00 0.00 0.00 0.00 0.00 0.00 7.00 0.00 0.00 0.00 0.00 0.00 0.00 0.00
 %sys 0.31 0.00 0.00 0.00 0.00 0.00 0.00 0.00 0.00 4.00 1.00 0.00 0.00 0.00 0.00 0.00 0.00
 %idle 87.48 100.00 100.00 100.00 100.00 100.00 100.00 100.00 100.00 0.00 0.00 100.00 100.00 100.00 100.00 100.00 100.00
 %time 1481824125
 %usr 0.44 0.00 0.00 0.00 0.00 0.00 0.00 0.00 0.00 6.06 0.00 0.00 0.00 0.00 0.00 0.00 0.00
 %sys 0.38 0.99 0.00 0.00 0.00 0.99 0.00 0.00 0.00 5.05 0.00 0.00 0.00 0.00 0.00 0.00 0.00
 %idle 87.44 99.01 100.00 100.00 100.00 99.01 100.00 100.00 100.00 0.00 0.00 100.00 100.00 100.00 100.00 100.00 100.00
 %time 1481824126
 %usr 0.50 0.00 0.00 0.00 0.00 0.00 0.00 0.00 0.00 8.91 0.00 0.00 0.00 0.00 0.00 0.00 0.00
 %sys 0.62 0.00 1.00 0.99 0.99 0.00 0.00 0.00 0.00 6.93 0.00 0.00 1.00 1.00 0.00 0.00 0.00
 %idle 87.31 100.00 99.00 99.01 99.01 100.00 100.00 100.00 100.00 0.00 0.00 100.00 99.00 99.00 100.00 100.00 100.00
 %time 1481824127
 %usr 0.50 0.00 0.00 0.00 0.00 0.00 0.00 0.00 0.00 7.00 0.00 0.00 0.00 0.00 0.00 0.00 0.00
 %sys 0.44 0.00 0.00 0.99 0.00 0.00 0.00 0.00 0.00 5.00 0.00 0.99 0.00 0.00 0.00 0.00 0.99
 %idle 87.33 100.00 100.00 99.01 100.00 100.00 100.00 100.00 100.00 0.00 0.00 99.01 100.00 100.00 100.00 100.00 99.01
 %time 1481824128
 %usr 0.31 0.00 0.00 0.00 0.00 0.00 0.00 0.00 0.00 4.00 0.00 0.00 0.00 0.00 0.00 0.00 0.00
 %sys 0.31 0.00 0.00 0.00 0.00 0.00 0.00 0.00 0.00 4.00 0.00 0.00 1.00 0.00 0.00 0.00 0.00
 %idle 87.38 100.00 100.00 100.00 100.00 100.00 100.00 100.00 100.00 0.00 0.00 100.00 99.00 100.00 100.00 100.00 100.00
 %time 1481824130
 %usr 0.37 0.00 0.00 0.00 0.00 0.00 0.00 0.00 0.00 5.94 0.00 0.00 0.00 0.00 0.00 0.00 0.00
 %sys 0.37 0.99 0.00 0.00 0.00 0.00 0.00 0.99 0.00 4.95 0.00 0.00 0.00 0.00 0.00 0.00 0.00
 %idle 87.38 99.01 100.00 100.00 100.00 100.00 100.00 99.01 100.00 0.00 0.00 100.00 100.00 100.00 100.00 100.00 100.00
 %time 1481824131
 %usr 0.38 0.00 0.00 0.00 0.00 0.00 0.00 0.00 0.00 6.00 0.00 0.00 0.00 0.00 0.00 0.00 0.00
 %sys 0.38 0.00 0.00 0.00 0.00 0.99 0.00 0.00 0.00 4.00 0.00 0.00 0.00 0.00 0.00 0.00 0.00
 %idle 87.44 100.00 100.00 100.00 100.00 99.01 100.00 100.00 100.00 0.00 0.00 100.00 100.00 100.00 100.00 100.00 100.00
 %time 1481824132
 %usr 0.44 0.00 0.00 0.00 0.00 0.00 0.00 0.00 0.00 7.92 0.00 0.00 0.00 0.00 0.00 0.00 0.00
 %sys 0.44 0.00 0.00 0.00 0.99 0.00 0.00 0.00 0.00 4.95 0.00 0.00 0.99 0.00 0.00 0.00 0.00
 %idle 87.38 100.00 100.00 100.00 99.01 100.00 100.00 100.00 100.00 0.00 0.00 100.00 99.01 100.00 100.00 100.00 100.00
 %time 1481824133
 %usr 0.37 0.00 0.00 0.00 0.00 0.00 0.00 0.00 0.00 6.00 0.00 0.00 0.00 0.00 0.00 0.00 0.00
 %sys 0.44 0.00 0.99 0.00 1.00 0.99 0.00 0.00 0.00 4.00 0.00 0.00 1.00 0.00 0.99 0.00 0.00
 %idle 87.33 100.00 99.01 100.00 99.00 99.01 100.00 100.00 100.00 0.00 0.00 100.00 99.00 100.00 99.01 100.00 100.00
 %time 1481824134
 %usr 0.31 0.00 0.00 0.00 0.00 0.00 0.00 0.00 0.00 6.06 0.00 0.00 0.00 0.00 0.00 0.00 0.00
 %sys 0.31 1.00 0.99 0.99 0.99 0.00 0.00 0.00 0.00 3.03 0.00 0.00 0.00 0.99 0.00 0.00 0.00
 %idle 87.48 99.00 99.01 99.01 99.01 100.00 100.00 100.00 100.00 0.00 0.00 100.00 100.00 99.01 100.00 100.00 100.00
 %time 1481824135
 %usr 0.37 0.00 0.00 0.00 0.00 0.00 0.00 0.00 0.00 6.93 0.00 0.00 0.00 0.00 0.00 0.00 0.00
 %sys 0.44 0.99 0.00 0.00 0.00 0.00 0.00 0.00 0.00 4.95 0.00 0.00 0.00 0.00 0.00 0.00 0.00
 %idle 87.38 99.01 100.00 100.00 100.00 100.00 100.00 100.00 100.00 0.00 0.00 100.00 100.00 100.00 100.00 100.00 100.00
 %time 1481824136
 %usr 0.38 0.00 0.00 0.00 0.00 0.00 0.00 0.00 0.00 5.94 0.00 0.00 0.00 0.00 0.00 0.00 0.00
 %sys 0.31 0.00 0.00 0.00 0.00 0.00 0.00 0.00 0.00 3.96 1.00 0.00 0.00 0.00 0.00 0.00 0.00
 %idle 87.44 100.00 100.00 100.00 100.00 100.00 100.00 100.00 100.00 0.00 0.00 100.00 100.00 100.00 100.00 100.00 100.00
 %time 1481824137
 %usr 0.31 0.00 0.00 0.00 0.00 0.00 0.00 0.00 0.00 5.00 0.00 0.00 0.00 0.00 0.00 0.00 0.00
 %sys 0.50 0.00 1.00 0.00 0.00 1.00 0.99 0.00 0.00 4.00 1.00 0.00 0.00 0.00 1.00 0.00 1.00
 %idle 87.25 100.00 99.00 100.00 100.00 99.00 99.01 100.00 100.00 0.00 0.00 100.00 100.00 100.00 99.00 100.00 99.00
 %time 1481824139
 %usr 0.38 0.00 0.00 0.00 0.00 0.00 0.00 0.00 0.00 6.06 0.00 0.00 0.00 0.00 0.00 0.00 0.00
 %sys 0.38 0.00 0.00 0.00 0.99 0.00 0.00 0.99 0.99 4.04 0.00 0.99 0.00 0.00 0.00 0.00 0.00
 %idle 87.43 100.00 100.00 100.00 99.01 100.00 100.00 99.01 99.01 0.00 0.00 99.01 100.00 100.00 100.00 100.00 100.00
 %time 1481824140
 %usr 0.50 0.00 0.00 0.00 0.00 0.00 0.00 0.00 0.00 8.08 0.00 0.00 0.00 0.00 0.00 0.00 0.00
 %sys 0.50 0.00 0.00 0.00 0.00 0.00 0.00 0.00 0.00 5.05 0.99 0.00 0.00 0.99 0.00 0.00 0.00
 %idle 87.37 100.00 100.00 100.00 100.00 100.00 100.00 100.00 100.00 0.00 0.00 100.00 100.00 99.01 100.00 100.00 100.00
 %time 1481824141
 %usr 0.44 0.00 0.00 0.00 0.00 0.00 0.00 0.00 0.00 7.00 0.00 0.00 0.00 0.00 0.00 0.00 0.00
 %sys 0.44 0.00 0.00 0.00 0.00 0.00 0.00 0.00 0.00 5.00 0.00 0.00 0.99 0.00 0.00 0.00 0.00
 %idle 87.38 100.00 100.00 100.00 100.00 100.00 100.00 100.00 100.00 0.00 0.00 100.00 99.01 100.00 100.00 100.00 100.00
 %time 1481824142
 %usr 0.25 0.00 0.00 0.00 0.00 0.00 0.00 0.00 0.00 4.90 0.00 0.00 0.00 0.00 0.00 0.00 0.00
 %sys 0.31 0.00 0.00 0.00 0.00 0.00 0.00 0.00 0.00 3.92 0.99 0.99 0.99 0.00 0.00 0.00 0.00
 %idle 87.43 100.00 100.00 100.00 100.00 100.00 100.00 100.00 100.00 0.00 0.00 99.01 99.01 100.00 100.00 100.00 100.00
 %time 1481824143
 %usr 1.06 0.00 0.00 0.00 0.00 0.00 0.00 0.00 0.00 16.16 0.99 0.00 0.00 0.00 0.00 0.00 0.00
 %sys 0.44 0.00 0.99 0.00 0.00 0.00 0.00 0.99 0.00 2.02 2.97 0.00 0.00 0.00 0.00 0.00 0.00
 %idle 87.38 100.00 99.01 100.00 100.00 100.00 100.00 99.01 100.00 0.00 0.00 100.00 100.00 100.00 100.00 100.00 100.00
 %time 1481824144
 %usr 6.62 0.00 0.00 0.00 0.00 0.00 0.00 0.00 0.00 100.00 6.00 0.00 0.00 0.00 0.00 0.00 0.00
 %sys 0.31 0.00 0.00 0.00 0.00 0.00 0.00 0.00 0.00 0.00 4.00 0.00 0.00 0.00 0.00 0.00 0.00
 %idle 87.44 100.00 100.00 100.00 100.00 100.00 100.00 100.00 100.00 0.00 0.00 100.00 100.00 100.00 100.00 100.00 100.00
 %time 1481824145
 %usr 6.63 0.00 0.00 0.00 0.00 0.00 0.00 0.00 0.00 100.00 6.93 0.00 0.00 0.00 0.00 0.00 0.00
 %sys 0.38 0.99 1.00 0.00 0.00 0.00 0.00 0.00 0.00 0.00 4.95 0.00 0.00 0.00 0.00 0.00 0.00
 %idle 87.43 99.01 99.00 100.00 100.00 100.00 100.00 100.00 100.00 0.00 0.00 100.00 100.00 100.00 100.00 100.00 100.00
 %time 1481824146
 %usr 6.62 0.00 0.00 0.00 0.00 0.00 0.00 0.00 0.00 100.00 6.00 0.00 0.00 0.00 0.00 0.00 0.00
 %sys 0.37 0.00 0.00 0.00 0.00 0.00 0.00 0.00 0.00 0.00 4.00 1.00 0.00 0.00 0.00 0.00 0.00
 %idle 87.33 100.00 100.00 100.00 100.00 100.00 100.00 100.00 100.00 0.00 0.00 99.00 100.00 100.00 100.00 100.00 100.00
 %time 1481824148
 %usr 6.62 0.00 0.00 0.00 0.00 0.00 0.00 0.00 0.00 100.00 6.00 0.00 0.00 0.00 0.00 0.00 0.00
 %sys 0.38 0.99 0.00 0.00 0.00 0.00 0.00 0.00 0.00 0.00 4.00 0.00 0.00 0.00 0.00 0.00 0.00
 %idle 87.38 99.01 100.00 100.00 100.00 100.00 100.00 100.00 100.00 0.00 0.00 100.00 100.00 100.00 100.00 100.00 100.00
 %time 1481824149
 %usr 6.57 0.00 0.00 0.00 0.00 0.00 0.00 0.00 0.00 100.00 6.06 0.00 0.00 0.00 0.00 0.00 0.00
 %sys 0.31 0.00 0.00 0.00 0.00 0.00 0.00 0.00 0.00 0.00 3.03 0.00 0.99 0.00 0.00 0.00 0.00
 %idle 87.49 100.00 100.00 100.00 100.00 100.00 100.00 100.00 100.00 0.00 0.00 100.00 99.01 100.00 100.00 100.00 100.00
 %time 1481824150
 %usr 6.62 0.00 0.00 0.00 0.00 0.00 0.00 0.00 0.00 100.00 6.00 0.00 0.00 0.00 0.00 0.00 0.00
 %sys 0.38 0.99 1.00 0.00 0.00 0.00 0.00 0.00 0.00 0.00 4.00 0.00 0.00 0.00 0.00 0.00 0.00
 %idle 87.38 99.01 99.00 100.00 100.00 100.00 100.00 100.00 100.00 0.00 0.00 100.00 100.00 100.00 100.00 100.00 100.00
 %time 1481824151
 %usr 6.62 0.00 0.00 0.00 0.00 0.00 0.00 0.00 0.00 100.00 5.05 0.00 0.00 0.00 0.00 0.00 0.00
 %sys 0.31 0.99 0.00 0.00 0.00 0.00 0.00 0.00 0.00 0.00 4.04 0.00 0.00 0.00 0.00 0.00 0.99
 %idle 87.38 99.01 100.00 100.00 100.00 100.00 100.00 100.00 100.00 0.00 0.00 100.00 100.00 100.00 100.00 100.00 99.01
 %time 1481824152
 %usr 6.62 0.00 0.00 0.00 0.00 0.00 0.00 0.00 0.00 100.00 6.00 0.00 0.00 0.00 0.00 0.00 0.00
 %sys 0.38 0.99 0.00 0.00 0.00 0.99 0.99 0.00 0.00 0.00 4.00 1.00 1.00 0.00 0.00 0.00 0.00
 %idle 87.38 99.01 100.00 100.00 100.00 99.01 99.01 100.00 100.00 0.00 0.00 99.00 99.00 100.00 100.00 100.00 100.00
 %time 1481824153
 %usr 6.62 0.00 0.00 0.00 0.00 0.00 0.00 0.00 0.00 100.00 5.94 0.00 0.00 0.00 0.00 0.00 0.00
 %sys 0.38 0.00 0.00 0.00 0.00 0.00 0.00 0.00 0.00 0.00 3.96 0.00 0.99 0.00 0.00 0.00 0.00
 %idle 87.38 100.00 100.00 100.00 100.00 100.00 100.00 100.00 100.00 0.00 0.00 100.00 99.01 100.00 100.00 100.00 100.00
 %time 1481824154
 %usr 6.62 0.00 0.00 0.00 0.00 0.00 0.00 0.00 0.00 100.00 6.00 0.00 0.00 0.00 0.00 0.00 0.00
 %sys 0.31 0.00 0.00 0.00 0.00 0.00 0.00 0.00 0.00 0.00 4.00 0.00 0.99 0.00 0.00 0.00 0.00
 %idle 87.44 100.00 100.00 100.00 100.00 100.00 100.00 100.00 100.00 0.00 0.00 100.00 99.01 100.00 100.00 100.00 100.00
 %time 1481824155
 %usr 6.62 0.00 0.00 0.00 0.00 0.00 0.00 0.00 0.00 100.00 6.93 0.00 0.00 0.00 0.00 0.00 0.00
 %sys 0.38 0.00 0.99 0.00 0.00 0.00 0.00 0.00 0.00 0.00 4.95 0.00 0.00 0.00 0.00 0.00 0.00
 %idle 87.44 100.00 99.01 100.00 100.00 100.00 100.00 100.00 100.00 0.00 0.00 100.00 100.00 100.00 100.00 100.00 100.00
 %time 1481824156
 %usr 6.63 0.00 0.00 0.00 0.00 0.00 0.00 0.00 0.00 100.00 6.00 0.00 0.00 0.00 0.00 0.00 0.00
 %sys 0.31 0.00 0.99 0.00 0.99 0.00 0.00 0.00 0.99 0.00 3.00 0.00 0.00 0.00 0.00 0.00 0.00
 %idle 87.43 100.00 99.01 100.00 99.01 100.00 100.00 100.00 99.01 0.00 0.00 100.00 100.00 100.00 100.00 100.00 100.00
 %time 1481824158
 %usr 6.62 0.00 0.00 0.00 0.00 0.00 0.00 0.00 0.00 100.00 6.00 0.00 0.00 0.00 0.00 0.00 0.00
 %sys 0.31 0.00 0.00 0.00 0.99 0.00 0.00 0.00 0.00 0.00 4.00 0.00 0.00 0.00 0.00 0.00 0.00
 %idle 87.38 100.00 100.00 100.00 99.01 100.00 100.00 100.00 100.00 0.00 0.00 100.00 100.00 100.00 100.00 100.00 100.00
 %time 1481824159
 %usr 6.62 0.00 0.00 0.00 0.00 0.00 0.00 0.00 0.00 100.00 6.06 0.00 0.00 0.00 0.00 0.00 0.00
 %sys 0.38 0.00 0.00 1.00 0.00 0.00 0.00 0.00 0.00 0.00 3.03 0.00 0.00 0.00 0.99 0.00 0.00
 %idle 87.38 100.00 100.00 99.00 100.00 100.00 100.00 100.00 100.00 0.00 0.00 100.00 100.00 100.00 99.01 100.00 100.00
 %time 1481824160
 %usr 6.62 0.00 0.00 0.00 0.00 0.00 0.00 0.00 0.00 100.00 6.00 0.00 0.00 0.00 0.00 0.00 0.00
 %sys 0.37 0.00 0.00 0.99 0.00 0.00 0.00 0.00 0.00 0.00 4.00 0.99 0.00 0.00 0.00 0.00 0.00
 %idle 87.38 100.00 100.00 99.01 100.00 100.00 100.00 100.00 100.00 0.00 0.00 99.01 100.00 100.00 100.00 100.00 100.00
 %time 1481824161
 %usr 6.62 0.00 0.00 0.00 0.00 0.00 0.00 0.00 0.00 100.00 6.00 0.00 0.00 0.00 0.00 0.00 0.00
 %sys 0.38 0.00 0.00 0.99 1.00 0.00 0.00 0.00 0.00 0.00 4.00 0.00 1.00 0.00 0.00 0.00 0.99
 %idle 87.38 100.00 100.00 99.01 99.00 100.00 100.00 100.00 100.00 0.00 0.00 100.00 99.00 100.00 100.00 100.00 99.01
 %time 1481824162
 %usr 6.62 0.00 0.00 0.00 0.00 0.00 0.00 0.00 0.00 100.00 5.94 0.00 0.00 0.00 0.00 0.00 0.00
 %sys 0.56 0.99 0.99 0.00 0.00 0.00 0.00 0.00 0.00 0.00 4.95 0.00 1.00 0.00 0.00 0.99 0.00
 %idle 87.19 99.01 99.01 100.00 100.00 100.00 100.00 100.00 100.00 0.00 0.00 100.00 99.00 100.00 100.00 99.01 100.00
 %time 1481824163
 %usr 6.62 0.00 0.00 0.00 0.00 0.00 0.00 0.00 0.00 100.00 6.00 0.00 0.00 0.00 0.00 0.00 0.00
 %sys 0.38 0.00 0.00 0.00 0.00 0.00 0.00 0.00 0.00 0.00 4.00 0.00 0.00 0.99 0.00 0.00 0.00
 %idle 87.38 100.00 100.00 100.00 100.00 100.00 100.00 100.00 100.00 0.00 0.00 100.00 100.00 99.01 100.00 100.00 100.00
 %time 1481824164
 %usr 6.62 0.00 0.00 0.00 0.00 0.00 0.00 0.00 0.00 100.00 5.94 0.00 0.00 0.00 0.00 0.00 0.00
 %sys 0.44 1.00 0.00 0.00 0.00 0.00 0.00 0.00 0.99 0.00 4.95 0.00 0.00 0.00 0.99 0.00 0.00
 %idle 87.32 99.00 100.00 100.00 100.00 100.00 100.00 100.00 99.01 0.00 0.00 100.00 100.00 100.00 99.01 100.00 100.00
 %time 1481824165
 %usr 6.62 0.00 0.00 0.00 0.00 0.00 0.00 0.00 0.00 100.00 5.94 0.00 0.00 0.00 0.00 0.00 0.00
 %sys 0.31 0.00 1.00 0.00 0.00 0.00 0.00 0.00 0.00 0.00 3.96 1.00 0.00 0.00 0.00 0.00 0.00
 %idle 87.44 100.00 99.00 100.00 100.00 100.00 100.00 100.00 100.00 0.00 0.00 99.00 100.00 100.00 100.00 100.00 100.00
 %time 1481824167
 %usr 6.56 0.00 0.00 0.00 0.00 0.00 0.00 0.00 0.00 100.00 5.00 0.00 0.00 0.00 0.00 0.00 0.00
 %sys 0.25 0.00 0.00 0.00 0.00 0.00 0.00 0.00 0.00 0.00 3.00 0.99 0.00 0.00 0.99 0.00 0.00
 %idle 87.38 100.00 100.00 100.00 100.00 100.00 100.00 100.00 100.00 0.00 0.00 99.01 100.00 100.00 99.01 100.00 100.00
 %time 1481824168
 %usr 6.62 0.00 0.00 0.00 0.00 0.00 0.00 0.00 0.00 100.00 6.00 0.00 0.00 0.00 0.00 0.00 0.00
 %sys 0.50 0.00 0.00 0.00 0.00 0.00 0.00 0.99 0.00 0.00 4.00 0.99 0.99 0.99 0.00 0.00 0.00
 %idle 87.31 100.00 100.00 100.00 100.00 100.00 100.00 99.01 100.00 0.00 0.00 99.01 99.01 99.01 100.00 100.00 100.00
 %time 1481824169
 %usr 6.62 0.00 0.00 0.00 0.00 0.00 0.00 0.00 0.00 100.00 6.06 0.00 0.00 0.00 0.00 0.00 0.00
 %sys 0.44 0.00 0.99 0.00 0.00 0.00 0.99 0.00 0.00 0.00 3.03 0.00 0.99 0.00 0.00 0.99 0.99
 %idle 87.32 100.00 99.01 100.00 100.00 100.00 99.01 100.00 100.00 0.00 0.00 100.00 99.01 100.00 100.00 99.01 99.01
 %time 1481824170
 %usr 6.62 0.00 0.00 0.00 0.00 0.00 0.00 0.00 0.00 100.00 5.05 0.00 0.00 0.00 0.00 0.00 0.00
 %sys 0.44 1.00 0.00 0.00 0.00 0.00 0.00 0.00 0.00 0.00 3.03 0.99 0.99 0.00 1.00 0.00 0.00
 %idle 87.25 99.00 100.00 100.00 100.00 100.00 100.00 100.00 100.00 0.00 0.00 99.01 99.01 100.00 99.00 100.00 100.00
 %time 1481824171
 %usr 6.69 0.00 0.00 0.00 0.00 0.00 0.00 0.00 0.00 100.00 7.07 0.00 0.00 0.00 0.00 0.00 0.00
 %sys 0.38 0.00 0.00 0.00 1.00 0.00 0.00 0.00 0.00 0.00 4.04 0.00 0.00 0.00 0.00 0.00 0.00
 %idle 87.43 100.00 100.00 100.00 99.00 100.00 100.00 100.00 100.00 0.00 0.00 100.00 100.00 100.00 100.00 100.00 100.00
 %time 1481824172
 %usr 6.62 0.00 0.00 0.00 0.00 0.00 0.00 0.00 0.00 100.00 6.00 0.00 0.00 0.00 0.00 0.00 0.00
 %sys 0.44 0.00 0.00 0.00 0.00 0.00 0.00 0.99 0.00 0.00 4.00 0.00 0.99 0.00 0.00 0.00 0.00
 %idle 87.32 100.00 100.00 100.00 100.00 100.00 100.00 99.01 100.00 0.00 0.00 100.00 99.01 100.00 100.00 100.00 100.00
 %time 1481824173
 %usr 6.69 0.00 0.00 0.00 0.00 0.00 0.00 0.00 0.00 100.00 7.00 0.00 0.00 0.00 0.00 0.00 0.00
 %sys 0.38 0.00 0.00 0.00 0.99 0.00 0.00 0.00 0.00 0.00 5.00 0.00 0.00 0.99 0.00 0.00 0.00
 %idle 87.43 100.00 100.00 100.00 99.01 100.00 100.00 100.00 100.00 0.00 0.00 100.00 100.00 99.01 100.00 100.00 100.00
 %time 1481824174
 %usr 6.75 0.00 0.00 0.00 0.00 0.00 0.00 0.00 0.00 100.00 8.00 0.00 0.00 0.00 0.00 0.00 0.00
 %sys 0.50 0.00 0.00 0.00 0.99 0.00 0.00 0.00 0.00 0.00 5.00 1.00 0.00 0.00 0.99 0.00 0.00
 %idle 87.32 100.00 100.00 100.00 99.01 100.00 100.00 100.00 100.00 0.00 0.00 99.00 100.00 100.00 99.01 100.00 100.00
 %time 1481824175
 %usr 6.69 0.00 0.00 0.00 0.00 0.00 0.00 0.00 0.00 100.00 7.07 0.00 0.00 0.00 0.00 0.00 0.00
 %sys 0.38 0.00 0.00 0.00 0.00 0.00 0.00 0.00 0.00 0.00 4.04 0.00 0.00 1.00 0.00 0.00 0.99
 %idle 87.43 100.00 100.00 100.00 100.00 100.00 100.00 100.00 100.00 0.00 0.00 100.00 100.00 99.00 100.00 100.00 99.01
 %time 1481824177
 %usr 6.74 0.00 0.00 0.00 0.00 0.00 0.00 0.00 0.00 100.00 8.00 0.00 0.00 0.00 0.00 0.00 0.00
 %sys 0.44 0.00 0.00 0.00 0.00 0.99 0.00 0.99 0.00 0.00 4.00 1.00 0.00 0.00 0.00 0.00 0.00
 %idle 87.33 100.00 100.00 100.00 100.00 99.01 100.00 99.01 100.00 0.00 0.00 99.00 100.00 100.00 100.00 100.00 100.00
 %time 1481824178
 %usr 6.69 0.00 0.00 0.00 0.00 0.00 0.00 0.00 0.00 100.00 7.92 0.00 0.00 0.00 0.00 0.00 0.00
 %sys 0.31 0.00 0.00 0.00 0.00 0.00 0.00 0.00 0.00 0.00 4.95 0.00 0.00 0.00 0.00 0.00 0.00
 %idle 87.44 100.00 100.00 100.00 100.00 100.00 100.00 100.00 100.00 0.00 0.00 100.00 100.00 100.00 100.00 100.00 100.00
 %time 1481824179
 %usr 6.75 0.00 0.00 0.00 0.00 0.00 0.00 0.00 0.00 100.00 7.07 0.00 0.00 0.00 0.00 0.00 0.00
 %sys 0.37 0.00 0.00 0.00 0.00 0.00 0.00 0.00 0.00 0.00 5.05 0.00 0.00 0.99 0.00 0.00 0.00
 %idle 87.38 100.00 100.00 100.00 100.00 100.00 100.00 100.00 100.00 0.00 0.00 100.00 100.00 99.01 100.00 100.00 100.00
 %time 1481824180
 %usr 6.62 0.00 0.00 0.00 0.00 0.00 0.00 0.00 0.00 100.00 6.06 0.00 0.00 0.00 0.00 0.00 0.00
 %sys 0.44 0.00 0.00 1.00 0.00 0.00 0.00 0.00 0.00 0.00 4.04 0.99 0.00 1.00 0.00 0.00 0.00
 %idle 87.38 100.00 100.00 99.00 100.00 100.00 100.00 100.00 100.00 0.00 0.00 99.01 100.00 99.00 100.00 100.00 100.00
 %time 1481824181
 %usr 6.63 0.00 0.00 0.00 0.00 0.00 0.00 0.00 0.00 100.00 5.94 0.00 0.00 0.00 0.00 0.00 0.00
 %sys 0.31 1.00 0.00 0.99 0.00 0.00 0.00 0.00 0.00 0.00 3.96 0.99 0.00 0.00 0.00 0.00 0.00
 %idle 87.43 99.00 100.00 99.01 100.00 100.00 100.00 100.00 100.00 0.00 0.00 98.02 100.00 100.00 100.00 100.00 100.00
 %time 1481824182
 %usr 6.69 0.00 0.00 0.00 0.00 0.00 0.00 0.00 0.00 100.00 6.93 0.00 0.00 0.00 0.00 0.00 0.00
 %sys 0.38 0.00 0.00 0.00 0.00 0.00 0.00 0.00 0.00 0.00 3.96 0.00 0.00 0.00 0.00 0.00 0.00
 %idle 87.38 100.00 100.00 100.00 100.00 100.00 100.00 100.00 100.00 0.00 0.00 100.00 100.00 100.00 100.00 100.00 100.00
 %time 1481824183
 %usr 6.50 0.00 0.00 0.00 0.00 0.00 0.00 0.00 0.00 100.00 4.95 0.00 0.00 0.00 0.00 0.00 0.00
 %sys 0.31 0.00 0.00 0.99 0.00 0.00 0.00 0.00 0.00 0.00 2.97 0.00 0.00 0.00 0.00 0.00 0.00
 %idle 87.38 100.00 100.00 99.01 100.00 100.00 100.00 100.00 100.00 0.00 0.00 100.00 100.00 100.00 100.00 100.00 100.00
 %time 1481824185
 %usr 6.63 0.00 0.00 0.00 0.00 0.00 0.00 0.00 0.00 100.00 6.00 0.00 0.00 0.00 0.00 0.00 0.00
 %sys 0.25 0.00 0.00 0.00 0.00 0.00 0.00 0.00 0.00 0.00 3.00 0.00 0.99 0.00 0.00 0.00 0.00
 %idle 87.43 100.00 100.00 100.00 100.00 100.00 100.00 100.00 100.00 0.00 0.00 100.00 99.01 100.00 100.00 100.00 100.00
 %time 1481824186
 %usr 6.68 0.00 0.00 0.00 0.00 0.00 0.00 0.00 0.00 100.00 7.00 0.00 0.00 0.00 0.00 0.00 0.00
 %sys 0.37 0.00 0.00 0.00 0.00 0.00 0.00 0.00 0.00 0.00 5.00 0.00 0.00 0.00 0.00 0.00 0.00
 %idle 87.38 100.00 100.00 100.00 100.00 100.00 100.00 100.00 100.00 0.00 0.00 100.00 100.00 100.00 100.00 100.00 100.00
 %time 1481824187
 %usr 6.75 0.00 1.00 0.00 0.00 0.00 0.00 0.00 0.00 100.00 7.07 0.00 0.00 0.00 0.00 0.00 0.00
 %sys 0.62 1.00 0.00 0.00 0.00 0.99 0.00 0.99 1.00 0.00 5.05 0.99 0.99 1.00 0.99 0.00 1.00
 %idle 87.19 99.00 99.00 100.00 100.00 99.01 100.00 99.01 99.00 0.00 0.00 99.01 99.01 99.00 99.01 100.00 99.00
 %time 1481824188
 %usr 6.63 0.00 0.00 0.00 0.00 0.00 0.00 0.00 0.00 100.00 6.12 0.00 0.00 0.00 0.00 0.00 0.00
 %sys 0.31 0.00 0.00 0.99 0.00 0.00 0.00 0.00 0.00 0.00 3.06 0.00 0.00 0.00 0.00 0.00 0.00
 %idle 87.49 100.00 100.00 99.01 100.00 100.00 100.00 100.00 100.00 0.00 0.00 100.00 100.00 100.00 100.00 100.00 100.00
 %time 1481824189
 %usr 6.62 0.00 0.00 0.00 0.00 0.00 0.00 0.00 0.00 100.00 5.10 0.00 0.00 0.00 0.00 0.00 0.00
 %sys 0.38 0.00 0.00 0.00 0.00 0.00 0.00 0.00 0.00 0.00 3.06 0.99 0.00 0.00 0.00 0.00 0.00
 %idle 87.38 100.00 100.00 100.00 100.00 100.00 100.00 100.00 100.00 0.00 0.00 99.01 100.00 100.00 100.00 100.00 100.00
 %time 1481824190
 %usr 6.63 0.00 0.00 0.00 0.00 0.00 0.00 0.00 0.00 100.00 6.00 0.00 0.00 0.00 0.00 0.00 0.00
 %sys 0.31 0.00 0.00 0.00 0.00 0.00 0.99 0.00 1.00 0.00 4.00 0.00 0.00 0.00 0.00 0.00 0.00
 %idle 87.43 100.00 100.00 100.00 100.00 100.00 99.01 100.00 99.00 0.00 0.00 100.00 100.00 100.00 100.00 100.00 100.00
 %time 1481824191
 %usr 6.63 0.00 0.00 0.00 0.00 0.00 0.00 0.00 0.00 100.00 5.94 0.00 0.00 0.00 0.00 0.00 0.00
 %sys 0.31 0.00 0.00 0.00 0.00 0.00 0.00 0.00 0.00 0.00 3.96 0.00 0.99 0.00 0.00 0.00 0.00
 %idle 87.43 100.00 100.00 100.00 100.00 100.00 100.00 100.00 100.00 0.00 0.00 100.00 99.01 100.00 100.00 100.00 100.00
 %time 1481824192
 %usr 6.63 0.00 0.00 0.00 0.00 0.00 0.00 0.00 0.00 100.00 6.93 0.00 0.00 0.00 0.00 0.00 0.00
 %sys 0.31 0.00 0.00 0.00 1.00 0.00 0.00 0.00 0.00 0.00 3.96 0.00 0.00 0.00 0.00 0.00 0.99
 %idle 87.43 100.00 100.00 100.00 99.00 100.00 100.00 100.00 100.00 0.00 0.00 100.00 100.00 100.00 100.00 100.00 99.01
 %time 1481824194
 %usr 6.62 0.00 0.00 0.00 0.00 0.00 0.00 0.00 0.00 100.00 6.00 0.00 0.00 0.00 0.00 0.00 0.00
 %sys 0.38 0.00 0.00 0.00 0.00 0.00 0.00 0.00 0.00 0.00 4.00 0.00 0.00 0.00 0.99 0.00 0.00
 %idle 87.38 100.00 100.00 100.00 100.00 100.00 100.00 100.00 100.00 0.00 0.00 100.00 100.00 100.00 99.01 100.00 100.00
 %time 1481824195
 %usr 6.57 0.00 0.00 0.00 0.00 0.00 0.00 0.00 0.00 100.00 5.00 0.00 0.00 0.00 0.00 0.00 0.00
 %sys 0.31 0.00 0.00 0.00 0.00 0.00 0.00 0.00 0.00 0.00 4.00 0.00 0.00 0.00 0.00 0.00 0.00
 %idle 87.43 100.00 100.00 100.00 100.00 100.00 100.00 100.00 100.00 0.00 0.00 100.00 100.00 100.00 100.00 100.00 100.00
 %time 1481824196
 %usr 6.63 0.00 0.00 0.00 0.00 0.00 0.00 0.00 0.00 100.00 6.00 0.00 0.00 0.00 0.00 0.00 0.00
 %sys 0.31 0.00 0.00 0.00 0.00 0.00 0.00 0.99 0.00 0.00 4.00 0.00 0.00 0.00 0.00 0.00 0.00
 %idle 87.43 100.00 100.00 100.00 100.00 100.00 100.00 99.01 100.00 0.00 0.00 100.00 100.00 100.00 100.00 100.00 100.00
 %time 1481824197
 %usr 6.75 0.00 0.00 0.00 0.00 0.00 0.00 0.00 0.00 100.00 7.92 0.00 0.00 0.00 0.00 0.00 0.00
 %sys 0.44 0.00 0.00 0.99 0.00 0.00 0.00 0.00 0.00 0.00 4.95 0.00 1.00 0.00 0.00 0.00 0.00
 %idle 87.32 100.00 100.00 99.01 100.00 100.00 100.00 100.00 100.00 0.00 0.00 100.00 99.00 100.00 100.00 100.00 100.00
 %time 1481824198
 %usr 6.62 0.00 0.00 0.00 0.00 0.00 0.00 0.00 0.00 100.00 5.00 0.00 0.00 0.00 0.00 0.00 0.00
 %sys 0.37 1.00 0.00 0.00 0.99 0.00 0.00 0.00 0.00 0.00 4.00 0.00 0.00 0.00 0.00 0.00 0.00
 %idle 87.32 99.00 100.00 100.00 99.01 100.00 100.00 100.00 100.00 0.00 0.00 100.00 100.00 100.00 100.00 100.00 100.00
 %time 1481824199
 %usr 6.74 0.00 0.00 0.00 0.00 0.00 0.00 0.00 0.00 100.00 7.92 0.00 0.00 0.00 0.00 0.00 0.00
 %sys 0.44 1.00 0.00 0.00 0.00 0.00 0.00 0.00 0.00 0.00 4.95 0.00 0.00 0.00 0.00 0.99 0.00
 %idle 87.33 99.00 100.00 100.00 100.00 100.00 100.00 100.00 100.00 0.00 0.00 100.00 100.00 100.00 100.00 99.01 100.00
 %time 1481824200
 %usr 6.69 0.00 0.00 0.00 0.00 0.00 0.00 0.00 0.00 100.00 7.00 0.00 0.00 0.00 0.00 0.00 0.00
 %sys 0.44 1.00 0.00 0.00 0.00 0.00 0.00 0.00 0.00 0.00 5.00 0.00 0.00 0.00 0.00 0.00 0.00
 %idle 87.38 99.00 100.00 100.00 100.00 100.00 100.00 100.00 100.00 0.00 0.00 100.00 100.00 100.00 100.00 100.00 100.00
 %time 1481824201
 %usr 6.62 0.00 0.00 0.00 0.00 0.00 0.00 0.00 0.00 100.00 5.05 0.00 0.00 0.00 0.00 0.00 0.00
 %sys 0.38 1.00 0.00 0.00 0.00 0.00 0.00 0.00 0.00 0.00 4.04 0.00 0.00 0.00 0.00 0.00 0.00
 %idle 87.38 99.00 100.00 100.00 100.00 100.00 100.00 100.00 100.00 0.00 0.00 100.00 100.00 100.00 100.00 100.00 100.00
 %time 1481824202
 %usr 6.94 1.00 0.00 0.00 0.00 0.00 0.00 0.00 1.00 100.00 9.09 0.99 0.00 0.00 0.00 0.00 0.00
 %sys 0.88 1.00 1.00 0.00 0.00 1.00 0.00 0.99 0.00 0.00 9.09 0.99 0.99 1.00 0.00 0.00 0.00
 %idle 85.69 87.00 98.00 100.00 100.00 99.00 100.00 99.01 99.00 0.00 0.00 88.12 99.01 99.00 100.00 100.00 100.00
 %time 1481824204
 %usr 6.62 0.00 0.00 0.00 0.00 0.00 0.00 0.00 0.00 100.00 6.00 0.00 0.00 0.00 0.00 0.00 0.00
 %sys 0.38 0.00 0.00 0.00 0.99 0.00 0.00 0.00 0.00 0.00 4.00 0.00 0.99 0.00 0.00 0.00 0.99
 %idle 87.38 100.00 100.00 100.00 99.01 100.00 100.00 100.00 100.00 0.00 0.00 100.00 99.01 100.00 100.00 100.00 99.01
 %time 1481824205
 %usr 6.68 0.00 0.00 0.00 0.00 0.00 0.00 0.00 0.00 100.00 7.07 0.00 0.00 0.00 0.00 0.00 0.00
 %sys 0.44 0.00 0.99 0.00 0.00 0.99 0.99 0.00 0.00 0.00 4.04 0.99 0.99 0.00 0.99 0.99 0.00
 %idle 87.32 100.00 99.01 100.00 100.00 99.01 99.01 100.00 100.00 0.00 0.00 99.01 99.01 100.00 99.01 99.01 100.00
 %time 1481824206
 %usr 6.62 0.00 0.00 0.00 0.00 0.00 0.00 0.00 0.00 100.00 6.00 0.00 0.00 0.00 0.00 0.00 0.00
 %sys 0.31 0.00 0.00 0.00 0.00 0.99 0.00 0.00 0.00 0.00 4.00 0.00 0.00 0.00 0.00 0.00 0.00
 %idle 87.44 100.00 100.00 100.00 100.00 99.01 100.00 100.00 100.00 0.00 0.00 100.00 100.00 100.00 100.00 100.00 100.00
 %time 1481824207
 %usr 6.63 0.00 0.00 0.00 0.00 0.00 0.00 0.00 0.00 100.00 6.00 0.00 0.00 0.00 0.00 0.00 0.00
 %sys 0.31 0.99 0.00 0.00 0.99 0.00 0.00 0.00 0.00 0.00 4.00 0.00 0.00 0.00 0.00 0.00 0.00
 %idle 87.43 99.01 100.00 100.00 99.01 100.00 100.00 100.00 100.00 0.00 0.00 100.00 100.00 100.00 100.00 100.00 100.00
 %time 1481824208
 %usr 6.62 0.00 0.00 0.00 0.00 0.00 0.00 0.00 0.00 100.00 6.00 0.00 0.00 0.00 0.00 0.00 0.00
 %sys 0.37 0.00 0.00 0.00 0.00 0.99 0.00 0.00 0.00 0.00 4.00 0.00 1.00 0.00 0.00 0.00 0.00
 %idle 87.38 100.00 100.00 100.00 100.00 99.01 100.00 100.00 100.00 0.00 0.00 100.00 99.00 100.00 100.00 100.00 100.00
 %time 1481824209
 %usr 6.62 0.00 0.00 0.00 0.00 0.00 0.00 0.00 0.00 100.00 5.00 0.00 0.00 0.00 0.00 0.00 0.00
 %sys 0.31 0.00 0.00 0.00 0.00 0.00 0.00 0.00 0.00 0.00 4.00 0.99 1.00 0.99 0.00 0.00 0.00
 %idle 87.44 100.00 100.00 100.00 100.00 100.00 100.00 100.00 100.00 0.00 0.00 99.01 99.00 99.01 100.00 100.00 100.00
 %time 1481824210
 %usr 6.69 0.00 0.00 0.00 0.00 0.00 0.00 0.00 0.00 100.00 6.93 0.00 0.00 0.00 0.00 0.00 0.00
 %sys 0.38 0.00 0.00 0.00 0.00 0.00 0.00 0.00 0.00 0.00 4.95 1.00 0.00 0.00 0.99 0.00 0.00
 %idle 87.37 100.00 100.00 100.00 100.00 100.00 100.00 100.00 100.00 0.00 0.00 99.00 100.00 100.00 99.01 100.00 100.00
 %time 1481824211
 %usr 6.62 0.00 0.00 0.00 0.00 0.00 0.00 0.00 0.00 100.00 6.00 0.00 0.00 0.00 0.00 0.00 0.00
 %sys 0.44 0.00 0.00 0.00 0.99 0.00 0.00 0.00 0.00 0.00 4.00 0.00 0.00 1.00 0.00 0.00 0.00
 %idle 87.32 100.00 100.00 100.00 99.01 100.00 100.00 100.00 100.00 0.00 0.00 100.00 100.00 99.00 100.00 100.00 100.00
 %time 1481824213
 %usr 6.62 0.00 0.00 0.00 0.00 0.00 0.00 0.00 0.00 100.00 6.00 0.00 0.00 0.00 0.00 0.00 0.00
 %sys 0.50 0.00 0.99 0.00 0.00 0.00 0.00 0.00 0.00 0.00 4.00 0.00 0.00 0.99 0.99 0.99 0.99
 %idle 87.25 100.00 99.01 100.00 100.00 100.00 100.00 100.00 100.00 0.00 0.00 100.00 100.00 99.01 99.01 99.01 99.01
 %time 1481824214
 %usr 6.75 0.00 0.00 0.00 0.00 0.00 0.00 0.00 0.00 100.00 7.00 0.00 0.00 0.00 0.00 0.00 0.00
 %sys 0.38 1.00 0.00 0.00 0.00 0.00 0.00 0.00 0.00 0.00 5.00 0.00 0.00 0.00 0.00 0.00 0.00
 %idle 87.38 99.00 100.00 100.00 100.00 100.00 100.00 100.00 100.00 0.00 0.00 100.00 100.00 100.00 100.00 100.00 100.00
 %time 1481824215
 %usr 6.75 0.00 0.00 0.00 0.00 0.00 0.00 0.00 0.00 100.00 8.00 0.00 0.00 0.00 0.00 0.00 0.00
 %sys 0.38 0.00 0.00 0.00 0.00 0.00 0.00 0.00 0.00 0.00 4.00 0.00 0.00 0.00 0.00 0.00 0.00
 %idle 87.43 100.00 100.00 100.00 100.00 100.00 100.00 100.00 100.00 0.00 0.00 100.00 100.00 100.00 100.00 100.00 100.00
 %time 1481824216
 %usr 6.75 0.00 0.00 0.00 0.00 0.00 0.00 0.00 0.00 100.00 7.07 0.00 0.00 0.00 0.00 0.00 0.00
 %sys 0.50 0.00 0.00 0.00 0.99 1.00 0.99 0.00 0.99 0.00 5.05 0.00 0.00 0.00 0.00 0.00 0.00
 %idle 87.32 100.00 100.00 100.00 99.01 99.00 99.01 100.00 99.01 0.00 0.00 100.00 100.00 100.00 100.00 100.00 100.00
 %time 1481824217
 %usr 6.63 0.00 0.00 0.00 0.00 0.00 0.00 0.00 0.00 100.00 5.05 0.00 0.00 0.00 0.00 0.00 0.00
 %sys 0.31 0.00 0.99 0.00 0.00 0.00 0.00 0.00 0.00 0.00 4.04 0.00 0.00 0.99 0.00 0.00 0.00
 %idle 87.43 100.00 99.01 100.00 100.00 100.00 100.00 100.00 100.00 0.00 0.00 100.00 100.00 99.01 100.00 100.00 100.00
 %time 1481824218
 %usr 6.69 0.00 0.00 0.00 0.00 0.00 0.00 0.00 0.00 100.00 7.00 0.00 0.00 0.00 0.00 0.00 0.00
 %sys 0.31 0.00 0.00 0.00 0.00 0.00 0.00 0.00 0.00 0.00 4.00 0.99 0.00 0.00 0.00 0.00 0.00
 %idle 87.44 100.00 100.00 100.00 100.00 100.00 100.00 100.00 100.00 0.00 0.00 99.01 100.00 100.00 100.00 100.00 100.00
 %time 1481824219
 %usr 6.56 0.00 0.00 0.00 0.00 0.00 0.00 0.00 0.00 100.00 4.95 0.00 0.00 0.00 0.00 0.00 0.00
 %sys 0.25 1.00 0.00 0.00 0.00 0.99 0.00 0.00 0.00 0.00 2.97 0.00 0.00 0.00 0.00 0.00 0.00
 %idle 87.44 99.00 100.00 100.00 100.00 99.01 100.00 100.00 100.00 0.00 0.00 100.00 100.00 100.00 100.00 100.00 100.00
 %time 1481824220
 %usr 11.75 0.00 0.00 0.00 0.00 0.00 0.00 0.00 0.00 100.00 88.00 0.00 0.00 0.00 0.00 0.00 0.00
 %sys 0.12 0.00 0.00 0.99 0.00 0.00 0.00 0.00 0.00 0.00 1.00 0.00 0.00 0.00 0.00 0.00 0.99
 %idle 87.38 100.00 100.00 99.01 100.00 100.00 100.00 100.00 100.00 0.00 0.00 100.00 100.00 100.00 100.00 100.00 99.01
 %time 1481824221
 %usr 12.50 0.00 0.00 0.00 0.00 0.00 0.00 0.00 0.00 100.00 100.00 0.00 0.00 0.00 0.00 0.00 0.00
 %sys 0.00 0.00 0.00 0.00 0.00 0.00 0.00 0.00 0.00 0.00 0.00 0.00 0.00 0.00 0.00 0.00 0.00
 %idle 87.50 100.00 100.00 100.00 100.00 100.00 100.00 100.00 100.00 0.00 0.00 100.00 100.00 100.00 100.00 100.00 100.00
 %time 1481824223
 %usr 12.51 0.00 0.00 0.00 0.00 0.00 0.00 0.00 0.00 100.00 100.00 0.00 0.00 0.00 0.00 0.00 0.00
 %sys 0.00 0.00 0.00 0.00 0.00 0.00 0.00 0.00 0.00 0.00 0.00 0.00 0.00 0.00 0.00 0.00 0.00
 %idle 87.49 100.00 100.00 100.00 100.00 100.00 100.00 100.00 100.00 0.00 0.00 100.00 100.00 100.00 100.00 100.00 100.00
 %time 1481824224
 %usr 12.55 0.00 0.00 0.00 0.00 0.00 0.00 0.00 0.00 100.00 100.00 0.00 0.00 0.00 0.00 0.00 0.00
 %sys 0.06 0.00 0.00 0.00 0.00 0.00 0.00 0.00 0.00 0.00 0.00 0.00 0.00 0.00 0.00 0.00 0.00
 %idle 87.38 100.00 100.00 100.00 100.00 100.00 100.00 100.00 100.00 0.00 0.00 100.00 100.00 100.00 100.00 100.00 100.00
 %time 1481824225
 %usr 12.50 0.00 0.00 0.00 0.00 0.00 0.00 0.00 0.00 100.00 100.00 0.00 0.00 0.00 0.00 0.00 0.00
 %sys 0.00 0.00 0.00 0.00 0.00 0.00 0.00 0.00 0.00 0.00 0.00 0.00 0.00 0.00 0.99 0.00 0.00
 %idle 87.44 100.00 100.00 100.00 100.00 100.00 100.00 100.00 100.00 0.00 0.00 100.00 100.00 100.00 99.01 100.00 100.00
 %time 1481824226
 %usr 12.50 0.00 0.00 0.00 0.00 0.00 0.00 0.00 0.00 100.00 100.00 0.00 0.00 0.00 0.00 0.00 0.00
 %sys 0.06 0.00 0.00 0.00 0.00 0.00 0.00 0.00 0.00 0.00 0.00 1.00 0.00 0.00 0.00 0.00 0.00
 %idle 87.44 100.00 100.00 100.00 100.00 100.00 100.00 100.00 100.00 0.00 0.00 99.00 100.00 100.00 100.00 100.00 100.00
 %time 1481824227
 %usr 6.18 0.00 3.00 0.00 0.00 0.00 0.00 0.00 0.00 47.52 48.00 0.00 0.00 0.00 0.00 0.00 0.00
 %sys 0.25 0.00 0.00 0.00 0.00 0.00 0.00 0.00 0.00 0.99 1.00 0.99 0.00 0.00 0.00 0.00 0.00
 %idle 93.13 100.00 97.00 100.00 100.00 100.00 100.00 100.00 100.00 47.52 47.00 99.01 100.00 100.00 100.00 100.00 100.00
 %time 1481824228
 %usr 0.00 0.00 0.00 0.00 0.00 0.00 0.00 0.00 0.00 0.00 0.00 0.00 0.00 0.00 0.00 0.00 0.00
 %sys 0.06 0.00 0.00 0.00 0.00 0.00 0.00 0.00 0.00 0.00 0.00 0.00 0.00 0.00 0.00 0.00 0.00
 %idle 99.94 100.00 100.00 100.00 100.00 100.00 100.00 100.00 100.00 100.00 100.00 100.00 100.00 100.00 100.00 100.00 100.00
 %time 1481824229
 %usr 0.00 0.00 0.00 0.00 0.00 0.00 0.00 0.00 0.00 0.00 0.00 0.00 0.00 0.00 0.00 0.00 0.00
 %sys 0.06 0.00 0.00 0.00 0.00 0.00 0.00 0.00 0.00 0.00 0.00 0.99 0.00 0.00 0.00 0.00 0.00
 %idle 99.94 100.00 100.00 100.00 100.00 100.00 100.00 100.00 100.00 100.00 100.00 99.01 100.00 100.00 100.00 100.00 100.00
 %time 1481824230
 %usr 0.00 0.00 0.00 0.00 0.00 0.00 0.00 0.00 0.00 0.00 0.00 0.00 0.00 0.00 0.00 0.00 0.00
 %sys 0.06 0.00 0.00 0.00 0.00 0.00 0.00 0.00 0.00 0.00 0.00 1.00 0.00 0.00 0.00 0.00 0.00
 %idle 99.94 100.00 100.00 100.00 100.00 100.00 100.00 100.00 100.00 100.00 100.00 99.00 100.00 100.00 100.00 100.00 100.00
 %time 1481824231
 %usr 0.00 0.00 0.00 0.00 0.00 0.00 0.00 0.00 0.00 0.00 0.00 0.00 0.00 0.00 0.00 0.00 0.00
 %sys 0.00 0.00 0.00 0.00 0.00 0.00 0.00 0.00 0.00 0.00 0.00 0.00 0.00 0.00 0.00 0.00 0.00
 %idle 100.00 100.00 100.00 100.00 100.00 100.00 100.00 100.00 100.00 100.00 100.00 100.00 100.00 100.00 100.00 100.00 100.00
 %time 1481824233
 %usr 0.00 0.00 0.00 0.00 0.00 0.00 0.00 0.00 0.00 0.00 0.00 0.00 0.00 0.00 0.00 0.00 0.00
 %sys 0.06 0.00 0.00 0.00 0.00 0.00 0.00 0.00 0.00 0.99 0.00 0.00 0.00 0.00 0.00 0.00 0.99
 %idle 99.75 100.00 100.00 100.00 100.00 100.00 100.00 100.00 100.00 96.04 100.00 100.00 100.00 100.00 100.00 100.00 99.01
 %time 1481824234
 %usr 0.00 0.00 0.00 0.00 0.00 0.00 0.00 0.00 0.00 0.00 0.00 0.00 0.00 0.00 0.00 0.00 0.00
 %sys 0.06 0.00 0.00 0.00 0.00 0.00 0.00 0.00 0.00 0.00 0.00 0.00 0.00 0.00 0.00 0.00 0.00
 %idle 99.94 100.00 100.00 100.00 100.00 100.00 100.00 100.00 100.00 100.00 100.00 100.00 100.00 100.00 100.00 100.00 100.00
 %time 1481824235
 %usr 0.00 0.00 0.00 0.00 0.00 0.00 0.00 0.00 0.00 0.00 0.00 0.00 0.00 0.00 0.00 0.00 0.00
 %sys 0.06 0.00 0.00 0.00 0.99 0.00 0.00 0.00 0.00 0.00 0.00 0.00 0.00 0.00 0.00 0.00 0.00
 %idle 99.94 100.00 100.00 100.00 99.01 100.00 100.00 100.00 100.00 100.00 100.00 100.00 100.00 100.00 100.00 100.00 100.00
 %time 1481824236
 %usr 3.70 26.53 23.23 2.00 0.00 0.00 0.00 0.00 0.00 0.00 6.93 0.00 0.00 0.00 0.00 0.00 0.00
 %sys 2.07 3.06 14.14 2.00 0.00 0.00 0.99 0.00 0.00 1.01 11.88 1.01 0.00 0.00 0.00 0.00 0.00
 %idle 93.73 66.33 62.63 96.00 98.99 100.00 99.01 100.00 100.00 96.97 81.19 98.99 100.00 100.00 100.00 100.00 100.00
