 %time 1481757314
 %usr 0.00 0.00 0.00 0.00 0.00 0.00 0.00 0.00 0.00 0.00 0.00 0.00 0.00 0.00 0.00 0.00 0.00
 %sys 0.00 0.00 0.00 0.00 0.00 0.00 0.00 0.00 0.00 0.00 0.00 0.00 0.00 0.00 0.00 0.00 0.00
 %idle 100.00 100.00 100.00 100.00 100.00 100.00 100.00 100.00 100.00 100.00 100.00 100.00 100.00 100.00 100.00 100.00 100.00
 %time 1481757316
 %usr 0.00 0.00 0.00 0.00 0.00 0.00 0.00 0.00 0.00 0.00 0.00 0.00 0.00 0.00 0.00 0.00 0.00
 %sys 0.00 0.00 0.00 0.00 0.00 0.00 0.00 0.00 0.00 0.00 0.00 0.00 0.00 0.00 0.00 0.00 0.00
 %idle 100.00 100.00 100.00 100.00 100.00 100.00 100.00 100.00 100.00 100.00 100.00 100.00 100.00 100.00 100.00 100.00 100.00
 %time 1481757317
 %usr 0.00 0.00 0.00 0.00 0.00 0.00 0.00 0.00 0.00 0.00 0.00 0.00 0.00 0.00 0.00 0.00 0.00
 %sys 0.00 0.00 0.00 0.00 0.00 0.00 0.00 0.00 0.00 0.00 0.00 0.00 0.00 0.00 0.00 0.00 0.00
 %idle 100.00 100.00 100.00 100.00 100.00 100.00 100.00 100.00 100.00 100.00 100.00 100.00 100.00 100.00 100.00 100.00 100.00
 %time 1481757318
 %usr 0.00 0.00 0.00 0.00 0.00 0.00 0.00 0.00 0.00 0.00 0.00 0.00 0.00 0.00 0.00 0.00 0.00
 %sys 0.00 0.00 0.00 0.00 0.00 0.00 0.00 0.00 0.00 0.99 0.00 0.99 0.00 0.00 0.00 0.00 0.00
 %idle 100.00 100.00 100.00 100.00 100.00 100.00 100.00 100.00 100.00 99.01 100.00 99.01 100.00 100.00 100.00 100.00 100.00
 %time 1481757319
 %usr 1.50 10.00 5.00 0.00 0.00 0.00 0.00 0.00 0.00 6.93 0.99 0.00 0.00 0.00 0.00 0.00 0.00
 %sys 0.37 1.00 2.00 0.00 0.00 0.00 0.00 0.00 0.00 0.99 1.98 0.00 0.00 0.00 0.00 0.00 0.00
 %idle 96.63 89.00 93.00 100.00 88.00 100.00 100.00 100.00 100.00 80.20 97.03 100.00 100.00 100.00 100.00 100.00 100.00
 %time 1481757321
 %usr 0.31 1.00 0.00 0.00 2.02 0.00 0.00 0.00 0.00 2.02 0.00 0.00 0.00 0.00 0.00 0.00 0.00
 %sys 0.44 2.00 0.00 0.00 1.01 0.00 0.00 0.00 0.00 2.02 0.00 0.00 0.00 0.00 0.00 0.00 0.00
 %idle 92.87 79.00 99.00 100.00 24.24 100.00 100.00 100.00 98.00 86.87 99.01 100.00 100.00 100.00 100.00 100.00 100.00
 %time 1481757324
 %usr 3.82 0.00 0.00 0.00 0.00 0.00 0.00 0.00 0.00 40.40 20.20 0.00 0.00 0.00 0.00 0.00 0.00
 %sys 1.75 1.00 1.00 0.00 0.00 0.00 0.00 0.99 1.00 13.13 10.10 1.00 1.00 0.00 0.00 0.00 0.00
 %idle 87.34 99.00 99.00 100.00 100.00 100.00 100.00 99.01 99.00 1.01 1.01 99.00 99.00 100.00 100.00 100.00 100.00
 %time 1481757325
 %usr 1.00 0.00 0.00 0.00 0.00 0.00 0.00 0.00 0.00 9.00 7.07 0.00 0.00 0.00 0.00 0.00 0.00
 %sys 0.94 0.00 1.00 0.00 0.00 0.00 0.00 0.00 0.00 7.00 5.05 0.00 0.00 0.00 0.00 0.00 0.99
 %idle 86.98 100.00 99.00 100.00 96.00 100.00 100.00 100.00 100.00 0.00 0.00 100.00 100.00 100.00 100.00 100.00 99.01
 %time 1481757326
 %usr 1.38 0.00 0.00 0.00 0.00 0.00 0.00 0.00 0.00 12.00 10.10 0.00 0.00 0.00 0.00 0.00 0.00
 %sys 1.19 1.00 0.00 0.00 0.00 0.00 0.99 0.00 0.00 7.00 7.07 0.00 0.00 0.00 0.00 0.00 0.00
 %idle 87.25 99.00 100.00 100.00 100.00 100.00 99.01 100.00 100.00 0.00 0.00 100.00 100.00 100.00 100.00 100.00 100.00
 %time 1481757328
 %usr 1.19 0.00 0.00 0.00 0.00 0.00 0.00 0.00 0.00 8.91 10.00 0.00 0.00 0.00 0.00 0.00 0.00
 %sys 1.00 0.00 0.00 0.00 0.00 0.00 0.00 0.00 0.99 6.93 6.00 1.00 0.00 0.00 1.00 0.00 1.00
 %idle 87.30 100.00 100.00 100.00 100.00 100.00 100.00 100.00 99.01 0.00 0.00 99.00 100.00 100.00 99.00 100.00 99.00
 %time 1481757330
 %usr 1.50 0.00 0.00 0.00 0.00 0.00 0.00 0.00 0.00 14.85 10.00 0.00 0.00 0.00 0.00 0.00 0.00
 %sys 1.31 0.99 1.00 0.00 0.00 0.99 0.00 0.00 0.00 9.90 6.00 0.00 1.00 0.00 0.00 0.00 0.00
 %idle 87.18 99.01 99.00 100.00 100.00 99.01 100.00 100.00 100.00 0.00 0.00 100.00 99.00 100.00 100.00 100.00 100.00
 %time 1481757331
 %usr 0.56 0.00 0.00 0.00 0.00 0.00 0.00 0.00 0.00 5.00 5.05 0.00 0.00 0.00 0.00 0.00 0.00
 %sys 0.56 0.00 0.00 0.00 0.00 0.00 0.00 0.00 0.00 4.00 3.03 0.99 0.00 0.00 0.00 0.00 1.00
 %idle 87.42 100.00 100.00 100.00 100.00 100.00 100.00 100.00 100.00 0.00 0.00 99.01 100.00 100.00 100.00 100.00 99.00
 %time 1481757332
 %usr 0.12 0.00 0.00 0.00 0.00 0.00 0.00 0.00 0.00 2.97 0.00 0.00 0.00 0.00 0.00 0.00 0.00
 %sys 0.25 0.00 0.00 0.00 0.00 0.00 0.00 0.00 0.00 1.98 0.00 0.00 0.00 0.00 0.00 0.00 0.00
 %idle 87.45 100.00 100.00 100.00 100.00 100.00 100.00 100.00 100.00 0.00 0.00 100.00 100.00 100.00 100.00 100.00 100.00
 %time 1481757333
 %usr 0.25 0.00 0.00 0.00 0.00 0.00 0.00 0.00 0.00 4.95 0.00 0.00 0.00 0.00 0.00 0.00 0.00
 %sys 0.25 0.99 0.00 0.00 0.00 0.00 0.00 0.00 0.00 1.98 0.00 0.00 0.99 0.00 0.00 0.00 0.00
 %idle 87.38 99.01 100.00 100.00 100.00 100.00 100.00 100.00 100.00 0.00 0.00 100.00 99.01 100.00 100.00 100.00 100.00
 %time 1481757334
 %usr 1.00 0.00 0.00 0.00 0.00 0.00 0.00 0.00 0.00 10.00 5.94 0.00 0.00 0.00 0.00 0.00 0.00
 %sys 1.00 1.00 1.00 0.99 0.00 0.00 0.99 0.00 0.00 7.00 4.95 1.00 0.00 0.00 0.00 0.00 0.00
 %idle 87.20 99.00 99.00 99.01 100.00 100.00 99.01 100.00 100.00 0.00 0.00 99.00 100.00 100.00 100.00 100.00 100.00
 %time 1481757335
 %usr 1.31 0.00 0.00 0.00 0.00 0.00 0.00 0.00 0.00 13.86 7.00 0.00 0.00 0.00 0.00 0.00 0.00
 %sys 1.12 0.00 0.99 0.00 1.00 0.00 0.00 1.00 0.00 9.90 5.00 0.00 0.00 0.00 0.00 0.00 1.00
 %idle 87.25 100.00 99.01 100.00 99.00 100.00 100.00 99.00 100.00 0.00 0.00 100.00 100.00 100.00 100.00 100.00 99.00
 %time 1481757337
 %usr 1.69 0.00 0.00 0.00 0.00 0.00 0.00 0.00 0.00 19.00 8.08 0.00 0.00 0.00 0.00 0.00 0.00
 %sys 1.50 1.00 0.00 1.00 0.00 0.00 1.00 0.00 0.00 11.00 6.06 1.00 0.99 0.00 0.00 0.00 0.00
 %idle 87.12 99.00 100.00 99.00 100.00 100.00 99.00 100.00 100.00 0.00 0.00 99.00 99.01 100.00 100.00 100.00 100.00
 %time 1481757338
 %usr 1.19 0.00 0.00 0.00 0.00 0.00 0.00 0.00 0.00 6.00 13.13 0.00 0.00 0.00 0.00 0.00 0.00
 %sys 1.06 0.00 1.00 0.00 0.00 0.00 0.00 0.00 0.00 6.00 8.08 0.00 0.00 1.00 0.00 0.00 1.00
 %idle 87.30 100.00 99.00 100.00 100.00 100.00 100.00 100.00 100.00 0.00 0.00 100.00 100.00 99.00 100.00 100.00 99.00
 %time 1481757339
 %usr 1.50 0.00 0.00 0.00 0.00 0.00 0.00 0.00 0.00 11.00 13.86 0.00 0.00 0.00 0.00 0.00 0.00
 %sys 1.31 1.00 0.00 1.00 0.00 0.00 0.99 0.00 0.00 7.00 8.91 1.00 1.00 0.00 0.00 0.00 0.00
 %idle 87.18 99.00 100.00 99.00 100.00 100.00 99.01 100.00 100.00 0.00 0.00 99.00 99.00 100.00 100.00 100.00 100.00
 %time 1481757340
 %usr 0.62 0.00 0.00 0.00 0.00 0.00 0.00 0.00 0.00 2.97 7.00 0.00 0.00 0.00 0.00 0.00 0.00
 %sys 0.81 1.00 0.00 0.99 0.00 0.00 0.00 0.00 0.00 3.96 5.00 0.99 0.00 0.00 0.00 0.00 0.00
 %idle 87.20 99.00 100.00 99.01 100.00 100.00 100.00 100.00 100.00 0.00 0.00 99.01 100.00 100.00 100.00 100.00 100.00
 %time 1481757341
 %usr 1.44 0.00 0.00 0.00 0.00 0.00 0.00 0.00 0.00 7.92 15.00 0.00 0.00 0.00 0.00 0.00 0.00
 %sys 1.31 1.00 1.00 0.00 0.00 0.00 1.00 1.00 0.00 6.93 10.00 1.00 0.00 0.99 0.00 0.00 1.00
 %idle 87.23 99.00 99.00 100.00 100.00 100.00 99.00 99.00 100.00 0.00 0.00 99.00 100.00 99.01 100.00 100.00 99.00
 %time 1481757342
 %usr 1.12 0.00 0.00 0.00 0.00 0.00 0.00 0.00 0.00 9.09 9.00 0.00 0.00 0.00 0.00 0.00 0.00
 %sys 1.12 1.01 0.00 0.00 0.00 0.00 1.00 0.00 0.00 7.07 5.00 1.00 0.99 0.00 0.00 0.00 0.00
 %idle 87.13 98.99 100.00 100.00 100.00 100.00 99.00 100.00 100.00 0.00 0.00 99.00 99.01 100.00 100.00 100.00 100.00
 %time 1481757343
 %usr 1.31 0.00 0.00 0.00 0.00 0.00 0.00 0.00 0.00 15.00 7.92 0.00 0.00 0.00 0.00 0.00 0.00
 %sys 1.25 1.00 0.00 1.00 0.00 0.00 1.00 1.00 0.00 9.00 5.94 0.00 0.00 0.00 0.00 0.00 0.99
 %idle 87.23 99.00 100.00 99.00 100.00 100.00 99.00 99.00 100.00 0.00 0.00 100.00 100.00 100.00 100.00 100.00 99.01
 %time 1481757344
 %usr 1.19 0.00 0.00 0.00 0.00 0.00 0.00 0.00 0.00 11.00 8.08 0.00 0.00 0.00 0.00 0.00 0.00
 %sys 1.19 0.00 0.00 1.00 0.99 0.00 0.00 0.00 0.00 8.00 6.06 1.00 0.99 0.00 0.00 0.99 0.00
 %idle 87.14 100.00 100.00 99.00 99.01 100.00 100.00 100.00 100.00 0.00 0.00 99.00 99.01 100.00 100.00 99.01 100.00
 %time 1481757346
 %usr 1.44 0.00 0.00 0.00 0.00 0.00 0.00 0.00 0.00 12.00 10.10 0.00 0.00 0.00 0.00 0.00 0.00
 %sys 1.19 1.00 0.99 0.00 0.00 0.00 0.00 0.00 0.00 7.00 8.08 1.98 0.00 0.00 0.00 0.00 0.00
 %idle 87.13 99.00 99.01 100.00 100.00 100.00 100.00 100.00 100.00 0.00 0.00 98.02 100.00 100.00 100.00 100.00 100.00
 %time 1481757347
 %usr 1.38 0.00 0.00 0.00 0.00 0.00 0.00 0.00 0.00 11.00 11.00 0.00 0.00 0.00 0.00 0.00 0.00
 %sys 1.13 1.98 1.00 0.00 0.00 0.00 0.00 0.99 0.00 6.00 7.00 1.00 0.00 0.00 0.00 0.00 0.00
 %idle 87.24 98.02 99.00 100.00 100.00 100.00 100.00 99.01 100.00 0.00 0.00 99.00 100.00 100.00 100.00 100.00 100.00
 %time 1481757348
 %usr 1.75 0.00 0.00 0.00 0.00 0.00 0.00 0.00 0.00 12.87 14.85 0.00 0.00 0.00 0.00 0.00 0.00
 %sys 1.44 0.00 0.00 1.00 0.00 0.00 0.00 0.00 0.00 7.92 10.89 1.00 0.00 0.00 0.00 0.00 0.00
 %idle 87.17 100.00 100.00 99.00 100.00 100.00 100.00 100.00 100.00 0.00 0.00 99.00 100.00 100.00 100.00 100.00 100.00
 %time 1481757349
 %usr 1.19 0.00 0.00 0.00 0.00 0.00 0.00 0.00 0.00 13.86 6.00 0.00 0.00 0.00 0.00 0.00 0.00
 %sys 1.06 0.00 0.00 1.01 0.99 0.00 0.00 0.00 0.00 7.92 4.00 1.00 0.00 0.00 0.00 0.00 0.99
 %idle 87.19 100.00 100.00 98.99 99.01 100.00 100.00 100.00 100.00 0.00 0.00 99.00 100.00 100.00 100.00 100.00 99.01
 %time 1481757350
 %usr 1.44 0.00 0.00 0.00 0.00 0.00 0.00 0.00 0.00 11.88 11.22 0.00 0.00 0.00 0.00 0.00 0.00
 %sys 1.31 1.01 1.00 0.00 0.00 1.00 1.01 1.00 0.00 7.92 8.16 0.00 0.00 0.00 0.00 0.00 1.00
 %idle 87.23 98.99 99.00 100.00 100.00 99.00 98.99 99.00 100.00 0.00 0.00 100.00 100.00 100.00 100.00 100.00 99.00
 %time 1481757351
 %usr 0.88 0.00 0.00 0.00 0.00 0.00 0.00 0.00 0.00 4.00 10.10 0.00 0.00 0.00 0.00 0.00 0.00
 %sys 0.81 0.00 0.00 0.00 0.00 0.00 0.00 0.00 0.00 3.00 7.07 0.00 0.00 0.00 0.00 0.00 0.00
 %idle 87.30 100.00 100.00 100.00 100.00 100.00 100.00 100.00 100.00 0.00 0.00 100.00 100.00 100.00 100.00 100.00 100.00
 %time 1481757352
 %usr 1.38 0.00 0.00 0.00 0.00 0.00 0.00 0.00 0.00 12.00 10.00 0.00 0.00 0.00 0.00 0.00 0.00
 %sys 1.25 0.99 0.00 1.00 0.00 1.00 1.00 0.00 0.00 8.00 8.00 0.00 0.00 0.00 0.00 0.00 0.00
 %idle 87.19 99.01 100.00 99.00 100.00 99.00 99.00 100.00 100.00 0.00 0.00 100.00 100.00 100.00 100.00 100.00 100.00
 %time 1481757353
 %usr 1.44 0.00 0.00 0.00 0.00 0.00 0.00 0.00 0.00 10.89 12.87 0.00 0.00 0.00 0.00 0.00 0.00
 %sys 1.31 1.00 0.00 1.00 0.00 0.99 1.00 1.00 0.00 7.92 7.92 0.00 0.00 0.00 0.00 0.00 1.00
 %idle 87.18 99.00 100.00 99.00 100.00 99.01 99.00 99.00 100.00 0.00 0.00 100.00 100.00 100.00 100.00 100.00 99.00
 %time 1481757355
 %usr 1.50 0.00 0.00 0.00 0.00 0.00 0.00 0.00 0.00 12.75 11.11 0.00 0.00 0.00 0.00 0.00 0.00
 %sys 1.44 0.00 1.00 1.00 0.00 0.00 1.00 0.99 0.00 7.84 9.09 1.98 1.00 0.00 0.00 0.00 1.00
 %idle 87.07 100.00 99.00 99.00 100.00 100.00 99.00 99.01 100.00 0.00 0.00 98.02 99.00 100.00 100.00 100.00 99.00
 %time 1481757356
 %usr 1.44 0.00 0.00 0.00 0.00 0.00 0.00 0.00 0.00 8.82 14.00 0.00 0.00 0.00 0.00 0.00 0.00
 %sys 1.37 0.99 0.00 0.00 0.00 0.00 0.00 0.00 0.00 8.82 8.00 0.99 0.99 0.00 0.00 0.00 0.00
 %idle 87.13 99.01 100.00 100.00 100.00 100.00 100.00 100.00 100.00 0.98 0.00 99.01 99.01 100.00 100.00 100.00 100.00
 %time 1481757357
 %usr 0.44 0.00 0.00 0.00 0.00 0.00 0.00 0.00 0.00 4.00 3.00 0.00 0.00 0.00 0.00 0.00 0.00
 %sys 0.44 1.00 0.00 0.00 0.00 0.00 0.99 0.00 0.99 2.00 3.00 0.99 0.00 0.00 0.00 0.00 0.99
 %idle 87.38 99.00 100.00 100.00 100.00 100.00 99.01 100.00 99.01 0.00 0.00 99.01 100.00 100.00 100.00 100.00 99.01
 %time 1481757358
 %usr 0.19 0.00 0.00 0.00 0.00 0.00 0.00 0.00 0.00 2.02 0.00 0.00 0.00 0.00 0.00 0.00 0.00
 %sys 0.19 0.00 0.00 0.00 0.00 0.00 0.00 0.00 0.00 1.01 1.00 0.00 0.99 0.00 0.00 0.00 0.00
 %idle 87.44 100.00 100.00 100.00 100.00 100.00 100.00 100.00 100.00 0.00 0.00 100.00 99.01 100.00 100.00 100.00 100.00
 %time 1481757361
 %usr 1.38 0.00 0.00 0.00 0.00 0.00 0.00 0.00 0.00 10.00 11.88 0.00 0.00 0.00 0.00 0.00 0.00
 %sys 1.19 0.00 0.00 0.00 0.99 0.00 0.99 0.99 0.00 8.00 7.92 0.00 1.00 0.00 0.00 0.00 0.00
 %idle 87.30 100.00 100.00 100.00 99.01 100.00 99.01 99.01 100.00 0.00 0.00 100.00 99.00 100.00 100.00 100.00 100.00
 %time 1481757362
 %usr 1.00 0.00 0.00 0.00 0.00 0.00 0.00 0.00 0.00 7.07 9.00 0.00 0.00 0.00 0.00 0.00 0.00
 %sys 0.94 0.00 0.99 0.00 0.00 0.00 0.00 0.00 0.00 4.04 6.00 1.00 1.00 0.00 0.00 0.00 0.00
 %idle 87.20 100.00 99.01 100.00 100.00 100.00 100.00 100.00 100.00 0.00 0.00 99.00 99.00 100.00 100.00 100.00 100.00
 %time 1481757363
 %usr 1.38 0.00 0.00 0.00 0.00 0.00 0.00 0.00 0.00 9.80 12.87 0.00 0.00 0.00 0.00 0.00 0.00
 %sys 1.12 0.99 0.99 0.00 0.00 0.00 0.00 0.00 0.00 6.86 7.92 0.00 0.99 0.00 0.00 0.00 1.00
 %idle 87.25 99.01 99.01 100.00 100.00 100.00 100.00 100.00 100.00 0.00 0.00 100.00 99.01 100.00 100.00 100.00 99.00
 %time 1481757366
 %usr 0.25 0.00 0.00 0.00 0.00 0.00 0.00 0.00 0.00 1.98 2.02 0.00 0.00 0.00 0.00 0.00 0.00
 %sys 0.25 0.99 0.00 0.00 0.00 0.00 0.00 0.00 0.00 0.99 2.02 0.00 0.00 0.00 0.00 0.00 1.00
 %idle 87.44 99.01 100.00 100.00 100.00 100.00 100.00 100.00 100.00 0.00 0.00 100.00 100.00 100.00 100.00 100.00 99.00
 %time 1481757367
 %usr 0.38 0.00 0.00 0.00 0.00 0.00 0.00 0.00 0.00 1.00 5.00 0.00 0.00 0.00 0.00 0.00 0.00
 %sys 0.44 0.99 0.00 0.00 0.00 0.00 0.00 0.99 0.00 2.00 3.00 0.00 0.00 0.99 0.00 0.00 0.00
 %idle 87.38 99.01 100.00 100.00 100.00 100.00 100.00 99.01 100.00 0.00 0.00 100.00 100.00 99.01 100.00 100.00 100.00
 %time 1481757368
 %usr 0.12 0.00 0.00 0.00 0.00 0.00 0.00 0.00 0.00 1.00 0.00 0.00 0.00 0.00 0.00 0.00 0.00
 %sys 0.12 0.00 0.00 0.00 0.00 0.00 0.00 0.00 0.00 1.00 0.00 0.00 0.00 0.00 0.00 0.00 0.00
 %idle 87.45 100.00 100.00 100.00 100.00 100.00 100.00 100.00 100.00 0.00 0.00 100.00 100.00 100.00 100.00 100.00 100.00
 %time 1481757370
 %usr 1.44 0.00 0.00 0.00 0.00 0.00 0.00 0.00 0.00 10.00 13.86 0.00 0.00 0.00 0.00 0.00 0.00
 %sys 1.25 0.00 0.00 0.00 0.00 0.99 1.00 0.99 0.00 6.00 9.90 1.00 1.00 0.00 1.00 0.00 0.00
 %idle 87.11 100.00 100.00 100.00 98.00 99.01 99.00 99.01 100.00 0.00 0.00 99.00 99.00 100.00 99.00 100.00 100.00
 %time 1481757371
 %usr 1.12 0.00 0.00 0.00 0.00 0.00 0.00 0.00 0.00 6.93 11.00 0.00 0.00 0.00 0.00 0.00 0.00
 %sys 1.00 0.00 0.00 1.00 0.00 0.00 0.00 1.00 0.00 4.95 8.00 0.00 0.99 0.00 0.00 0.00 1.00
 %idle 87.20 100.00 100.00 99.00 100.00 100.00 100.00 99.00 100.00 0.00 0.00 100.00 99.01 100.00 100.00 100.00 99.00
 %time 1481757372
 %usr 0.94 0.00 0.00 0.00 0.00 0.00 0.00 0.00 0.00 5.94 10.00 0.00 0.00 0.00 0.00 0.00 0.00
 %sys 0.88 1.00 1.00 0.00 0.00 0.00 0.00 0.00 0.99 3.96 6.00 0.00 0.99 0.00 0.00 0.00 0.00
 %idle 87.31 99.00 99.00 100.00 100.00 100.00 100.00 100.00 99.01 0.00 0.00 100.00 99.01 100.00 100.00 100.00 100.00
 %time 1481757374
 %usr 1.50 0.00 0.00 0.00 0.00 0.00 0.00 0.00 0.00 10.00 13.00 0.00 0.00 0.00 0.00 0.00 0.00
 %sys 1.25 1.00 0.00 1.00 0.00 0.00 0.00 0.99 0.00 7.00 9.00 0.00 1.00 0.00 0.00 0.00 0.00
 %idle 87.24 99.00 100.00 99.00 100.00 100.00 100.00 99.01 100.00 0.00 0.00 100.00 99.00 100.00 100.00 100.00 100.00
 %time 1481757375
 %usr 1.25 0.00 0.00 0.00 0.00 0.00 0.00 0.00 0.00 15.00 5.00 0.00 0.00 0.00 0.00 0.00 0.00
 %sys 1.38 0.00 1.00 0.00 0.00 0.00 0.00 0.00 0.00 10.00 3.00 0.99 0.00 0.99 0.00 0.00 1.00
 %idle 87.00 100.00 99.00 100.00 100.00 100.00 100.00 100.00 100.00 0.00 0.00 99.01 100.00 99.01 100.00 100.00 99.00
 %time 1481757376
 %usr 1.19 0.00 0.00 0.00 0.00 0.00 0.00 0.00 0.00 11.11 9.00 0.00 0.00 0.00 0.00 0.00 0.00
 %sys 1.25 1.00 0.00 0.00 0.00 0.99 0.00 1.00 0.00 7.07 6.00 1.00 0.99 0.00 0.00 1.00 0.00
 %idle 87.13 99.00 100.00 100.00 100.00 99.01 100.00 99.00 100.00 0.00 0.00 99.00 99.01 100.00 100.00 99.00 100.00
 %time 1481757377
 %usr 1.31 0.00 0.00 0.00 0.00 0.00 0.00 0.00 0.00 10.00 11.00 0.00 0.00 0.00 0.00 0.00 0.00
 %sys 1.25 0.00 1.00 1.00 1.00 0.00 0.00 0.00 0.00 7.00 9.00 0.99 0.99 0.00 0.99 1.00 1.00
 %idle 87.23 100.00 99.00 99.00 99.00 100.00 100.00 100.00 100.00 0.00 0.00 99.01 99.01 100.00 99.01 99.00 99.00
 %time 1481757378
 %usr 1.25 0.00 0.00 0.00 0.00 0.00 0.00 0.00 0.00 8.91 11.11 0.00 0.00 0.00 0.00 0.00 0.00
 %sys 1.19 0.99 0.00 1.00 0.00 0.99 0.00 0.00 1.00 7.92 7.07 1.00 0.00 0.00 0.00 0.00 0.00
 %idle 87.24 99.01 100.00 99.00 100.00 99.01 100.00 100.00 99.00 0.00 0.00 99.00 100.00 100.00 100.00 100.00 100.00
 %time 1481757380
 %usr 1.25 0.00 0.00 0.00 0.00 0.00 0.00 0.00 0.00 14.14 5.94 0.00 0.00 0.00 0.00 0.00 0.00
 %sys 1.13 1.00 0.00 0.00 0.00 0.00 0.99 0.00 0.00 9.09 4.95 0.00 0.00 0.00 0.00 0.99 0.99
 %idle 87.23 99.00 100.00 100.00 100.00 100.00 99.01 100.00 100.00 0.00 0.00 100.00 100.00 100.00 100.00 99.01 99.01
 %time 1481757381
 %usr 1.50 0.00 0.00 0.00 0.00 0.00 0.00 0.00 0.00 12.87 10.10 0.00 0.00 0.00 0.00 0.00 0.00
 %sys 1.31 1.00 1.00 1.00 0.00 0.00 0.00 0.00 0.00 7.92 8.08 0.99 0.99 0.00 0.00 0.99 0.00
 %idle 87.18 99.00 99.00 99.00 100.00 100.00 100.00 100.00 100.00 0.00 0.00 99.01 99.01 100.00 100.00 99.01 100.00
 %time 1481757382
 %usr 0.94 0.00 0.00 0.00 0.00 0.00 0.00 0.00 0.00 9.00 5.05 0.00 0.00 0.00 0.00 0.00 0.00
 %sys 1.00 1.00 1.00 0.00 0.00 0.00 0.00 0.00 0.00 8.00 4.04 0.99 0.00 0.00 0.00 0.00 0.00
 %idle 87.30 99.00 99.00 100.00 100.00 100.00 100.00 100.00 100.00 0.00 0.00 99.01 100.00 100.00 100.00 100.00 100.00
 %time 1481757383
 %usr 1.44 0.99 0.00 0.00 0.00 0.00 0.00 0.00 0.00 13.00 9.90 0.00 0.00 0.00 0.00 0.00 0.00
 %sys 1.44 1.98 1.98 0.99 0.00 0.00 0.00 1.00 0.00 9.00 7.92 0.00 0.00 0.00 0.00 0.99 1.00
 %idle 87.02 97.03 98.02 99.01 100.00 100.00 100.00 99.00 100.00 0.00 0.00 100.00 100.00 100.00 100.00 99.01 99.00
 %time 1481757384
 %usr 1.56 0.00 0.00 0.00 0.00 0.00 0.00 0.00 0.00 18.00 7.00 0.00 0.00 0.00 0.00 0.00 0.00
 %sys 1.50 1.01 2.00 0.00 0.00 0.00 0.00 0.00 1.00 13.00 6.00 0.99 0.00 0.00 0.00 0.00 0.00
 %idle 87.18 98.99 98.00 100.00 100.00 100.00 100.00 100.00 99.00 0.00 0.00 99.01 100.00 100.00 100.00 100.00 100.00
 %time 1481757385
 %usr 1.75 0.00 0.00 0.00 0.00 0.00 0.00 0.00 0.00 13.86 14.85 0.00 0.00 0.00 0.00 0.00 0.00
 %sys 1.44 2.00 2.97 0.99 0.00 0.00 0.00 0.99 0.00 7.92 9.90 0.00 0.00 0.00 0.00 0.00 0.00
 %idle 87.17 98.00 97.03 99.01 100.00 100.00 100.00 99.01 100.00 0.00 0.00 100.00 100.00 100.00 100.00 100.00 100.00
 %time 1481757386
 %usr 0.94 0.00 0.00 0.00 0.00 0.00 0.00 0.00 0.00 7.07 7.92 0.00 0.00 0.00 0.00 0.00 0.00
 %sys 1.06 1.98 1.00 1.00 0.00 0.00 0.00 0.00 0.00 6.06 4.95 0.00 0.99 0.00 0.00 0.00 1.00
 %idle 87.19 98.02 99.00 99.00 100.00 100.00 100.00 100.00 100.00 0.00 0.00 100.00 99.01 100.00 100.00 100.00 99.00
 %time 1481757387
 %usr 1.31 0.00 0.00 0.00 0.00 0.00 0.00 0.00 0.00 6.93 14.14 0.00 0.00 0.00 0.00 0.00 0.00
 %sys 1.25 1.00 0.00 0.00 0.00 0.00 0.00 0.00 1.00 3.96 10.10 1.00 0.00 0.00 0.00 0.99 0.00
 %idle 87.12 99.00 100.00 100.00 100.00 100.00 100.00 100.00 99.00 0.00 0.00 99.00 100.00 100.00 100.00 99.01 100.00
 %time 1481757389
 %usr 1.38 0.00 0.00 0.00 0.00 0.00 0.00 0.00 0.00 12.00 11.00 0.00 0.00 0.00 0.00 0.00 0.00
 %sys 1.38 1.01 1.00 0.00 0.00 0.00 0.00 0.99 1.00 10.00 7.00 1.00 0.99 0.00 0.00 0.00 1.00
 %idle 87.23 98.99 99.00 100.00 100.00 100.00 100.00 99.01 99.00 0.00 0.00 99.00 99.01 100.00 100.00 100.00 99.00
 %time 1481757390
 %usr 1.00 0.00 0.00 0.00 0.00 0.00 0.00 0.00 0.00 11.00 5.00 0.00 0.00 0.00 0.00 0.00 0.00
 %sys 1.00 0.00 1.00 1.00 0.00 0.00 0.00 0.00 0.00 7.00 4.00 0.99 0.00 0.00 0.99 0.00 0.00
 %idle 87.24 100.00 99.00 99.00 100.00 100.00 100.00 100.00 100.00 0.00 0.00 99.01 100.00 100.00 99.01 100.00 100.00
 %time 1481757391
 %usr 1.19 0.00 0.00 0.00 0.00 0.00 0.00 0.00 0.00 9.00 11.00 0.00 0.00 0.00 0.00 0.00 0.00
 %sys 1.19 1.00 0.99 0.99 0.00 0.00 0.00 0.00 0.00 6.00 7.00 0.00 1.00 0.00 0.00 0.00 0.99
 %idle 87.19 99.00 99.01 99.01 100.00 100.00 100.00 100.00 100.00 0.00 0.00 100.00 99.00 100.00 100.00 100.00 99.01
 %time 1481757392
 %usr 1.06 0.00 0.00 0.00 0.00 0.00 0.00 0.00 0.00 11.11 5.00 0.00 0.00 0.00 0.00 0.00 0.00
 %sys 0.88 1.00 0.00 0.00 0.00 0.00 0.00 0.99 1.00 8.08 3.00 0.00 0.00 0.00 0.00 0.00 0.00
 %idle 87.30 99.00 100.00 100.00 100.00 100.00 100.00 99.01 99.00 0.00 0.00 100.00 100.00 100.00 100.00 100.00 100.00
 %time 1481757393
 %usr 0.19 0.00 0.00 0.00 0.00 0.00 0.00 0.00 0.00 2.00 1.01 0.00 0.00 0.00 0.00 0.00 0.00
 %sys 0.31 1.00 0.00 0.00 0.00 0.00 0.00 0.00 0.00 2.00 1.01 0.00 0.99 0.00 0.00 0.00 0.00
 %idle 87.38 99.00 100.00 100.00 100.00 100.00 100.00 100.00 100.00 0.00 0.00 100.00 99.01 100.00 100.00 100.00 100.00
 %time 1481757394
 %usr 0.12 0.00 0.00 0.00 0.00 0.00 0.00 0.00 0.00 2.00 0.00 0.00 0.00 0.00 0.00 0.00 0.00
 %sys 0.19 0.99 0.00 0.00 0.00 0.00 0.00 0.00 0.00 3.00 0.00 0.00 0.00 0.00 0.00 0.00 0.00
 %idle 87.44 99.01 100.00 100.00 100.00 100.00 100.00 100.00 100.00 0.00 0.00 100.00 100.00 100.00 100.00 100.00 100.00
 %time 1481757395
 %usr 0.31 0.00 0.00 0.00 0.00 0.00 0.00 0.00 0.00 5.00 1.00 0.00 0.00 0.00 0.00 0.00 0.00
 %sys 0.25 0.99 0.00 0.00 0.00 0.00 0.00 0.00 0.00 2.00 1.00 0.00 0.00 0.00 0.00 0.00 0.00
 %idle 87.44 99.01 100.00 100.00 100.00 100.00 100.00 100.00 100.00 0.00 0.00 100.00 100.00 100.00 100.00 100.00 100.00
 %time 1481757396
 %usr 0.31 0.00 0.00 0.00 0.00 0.00 0.00 0.00 0.00 3.00 3.03 0.00 0.00 0.00 0.00 0.00 0.00
 %sys 0.31 0.00 0.00 0.00 0.00 0.00 0.00 0.00 0.00 2.00 1.01 0.00 0.00 0.99 0.00 0.00 0.00
 %idle 87.44 100.00 100.00 100.00 100.00 100.00 100.00 100.00 100.00 0.00 0.00 100.00 100.00 99.01 100.00 100.00 100.00
 %time 1481757398
 %usr 1.12 0.00 0.00 0.00 0.00 0.00 0.00 0.00 0.00 8.00 10.00 0.00 0.00 0.00 0.00 0.00 0.00
 %sys 0.88 0.00 0.99 0.00 0.00 0.00 0.00 1.00 0.99 5.00 6.00 0.00 0.00 0.00 0.00 0.00 0.00
 %idle 87.25 100.00 99.01 100.00 100.00 100.00 100.00 99.00 99.01 0.00 0.00 100.00 100.00 100.00 100.00 100.00 100.00
 %time 1481757399
 %usr 1.44 0.00 0.00 0.00 0.00 0.00 0.00 0.00 0.00 10.10 12.87 0.00 0.00 0.00 0.00 0.00 0.00
 %sys 1.31 0.00 0.00 1.00 0.00 0.00 0.00 0.00 0.00 7.07 9.90 0.00 1.00 0.00 0.00 0.00 0.00
 %idle 87.29 100.00 100.00 99.00 100.00 100.00 100.00 100.00 100.00 0.00 0.00 100.00 99.00 100.00 100.00 100.00 100.00
 %time 1481757400
 %usr 1.56 0.00 0.00 0.00 0.00 0.00 0.00 0.00 0.00 12.00 12.00 0.00 0.00 0.00 0.00 0.00 0.00
 %sys 1.50 1.98 1.00 0.00 0.99 0.99 0.99 0.00 1.00 8.00 9.00 0.00 0.00 0.00 0.00 0.00 1.00
 %idle 86.99 98.02 99.00 100.00 99.01 99.01 99.01 100.00 99.00 0.00 0.00 100.00 100.00 100.00 100.00 100.00 99.00
 %time 1481757401
 %usr 1.50 0.00 0.00 0.00 0.00 0.00 0.00 0.00 0.00 9.90 14.00 0.00 0.00 0.00 0.00 0.00 0.00
 %sys 1.38 1.00 1.00 0.00 0.00 0.00 0.00 0.99 1.00 8.91 9.00 0.99 0.00 0.00 1.00 0.00 0.00
 %idle 87.18 99.00 99.00 100.00 100.00 100.00 100.00 99.01 99.00 0.00 0.00 99.01 100.00 100.00 99.00 100.00 100.00
 %time 1481757402
 %usr 1.12 0.00 0.00 0.00 0.00 0.00 0.00 0.00 0.00 9.00 8.08 0.00 0.00 0.00 0.00 0.00 0.00
 %sys 1.12 1.00 0.99 0.99 0.00 0.00 0.00 0.00 0.00 6.00 7.07 1.00 0.00 0.00 0.00 0.00 1.00
 %idle 87.13 99.00 99.01 99.01 100.00 100.00 100.00 100.00 100.00 0.00 0.00 99.00 100.00 100.00 100.00 100.00 99.00
 %time 1481757403
 %usr 0.81 0.00 0.00 0.00 0.00 0.00 0.00 0.00 0.00 5.94 8.00 0.00 0.00 0.00 0.00 0.00 0.00
 %sys 0.69 0.99 0.00 0.00 0.00 0.00 0.00 0.00 0.00 3.96 5.00 0.00 0.00 0.00 0.00 0.00 0.00
 %idle 87.37 99.01 100.00 100.00 100.00 100.00 100.00 100.00 100.00 0.00 0.00 100.00 100.00 100.00 100.00 100.00 100.00
 %time 1481757404
 %usr 0.25 0.00 0.00 0.00 0.00 0.00 0.00 0.00 0.00 1.98 3.92 0.00 0.00 0.00 0.00 0.00 0.00
 %sys 0.25 1.00 0.99 0.00 0.99 0.00 0.00 0.00 0.00 0.99 2.94 0.00 0.00 0.00 0.00 0.99 0.99
 %idle 87.49 99.00 99.01 100.00 99.01 100.00 100.00 100.00 100.00 0.00 0.00 100.00 100.00 100.00 100.00 99.01 99.01
 %time 1481757406
 %usr 0.25 0.00 0.00 0.00 0.00 0.00 0.00 0.00 0.00 2.97 2.00 0.00 0.00 0.00 0.00 0.00 0.00
 %sys 0.25 1.00 0.00 0.00 0.00 0.00 0.00 0.99 0.00 1.98 1.00 0.00 0.00 0.00 0.00 0.00 0.00
 %idle 87.50 99.00 100.00 100.00 100.00 100.00 100.00 99.01 100.00 0.00 0.00 100.00 100.00 100.00 100.00 100.00 100.00
 %time 1481757407
 %usr 0.50 0.00 0.00 0.00 0.00 0.00 0.00 0.00 0.00 1.98 6.00 0.00 0.00 0.00 0.00 0.00 0.00
 %sys 0.50 0.00 0.00 0.00 0.00 0.00 0.00 0.00 0.00 2.97 4.00 0.00 0.00 0.00 0.00 0.00 0.00
 %idle 87.38 100.00 100.00 100.00 100.00 100.00 100.00 100.00 100.00 0.00 0.00 100.00 100.00 100.00 100.00 100.00 100.00
 %time 1481757408
 %usr 1.44 0.00 0.00 0.00 0.00 0.00 0.00 0.00 0.00 9.90 13.13 0.00 0.00 0.00 0.00 0.00 0.00
 %sys 1.37 0.00 0.00 1.01 0.00 0.00 1.00 0.00 1.00 6.93 9.09 0.99 0.00 0.00 0.00 0.00 1.00
 %idle 87.07 100.00 100.00 98.99 100.00 100.00 99.00 100.00 99.00 0.00 0.00 99.01 100.00 100.00 100.00 100.00 99.00
 %time 1481757409
 %usr 0.94 0.00 0.00 0.00 0.00 0.00 0.00 0.00 0.00 5.05 9.09 0.00 0.00 0.00 0.00 0.00 0.00
 %sys 0.94 0.00 0.00 1.00 0.00 0.00 0.00 0.00 0.00 3.03 8.08 0.00 0.00 0.00 0.00 0.00 0.00
 %idle 87.25 100.00 100.00 99.00 100.00 100.00 100.00 100.00 100.00 0.00 0.00 100.00 100.00 100.00 100.00 100.00 100.00
 %time 1481757411
 %usr 1.06 0.00 0.00 0.00 0.00 0.00 0.00 0.00 0.00 11.00 6.00 0.00 0.00 0.00 0.00 0.00 0.00
 %sys 1.00 0.00 1.00 1.00 0.00 0.00 0.00 0.00 0.00 8.00 3.00 0.99 0.00 0.00 0.00 0.00 0.99
 %idle 87.19 100.00 99.00 99.00 100.00 100.00 100.00 100.00 100.00 0.00 0.00 99.01 100.00 100.00 100.00 100.00 99.01
 %time 1481757412
 %usr 1.56 0.00 0.00 0.00 0.00 0.00 0.00 0.00 0.00 12.87 12.87 0.00 0.00 0.00 0.00 0.00 0.00
 %sys 1.50 1.00 1.00 1.00 0.00 0.00 0.00 0.99 0.00 8.91 8.91 1.98 0.99 0.00 0.00 0.00 0.99
 %idle 87.07 99.00 99.00 99.00 100.00 100.00 100.00 99.01 100.00 0.00 0.00 98.02 99.01 100.00 100.00 100.00 99.01
 %time 1481757414
 %usr 1.31 0.00 0.00 0.00 0.00 0.00 0.00 0.00 0.00 10.89 9.00 0.00 0.00 0.00 0.00 0.00 0.00
 %sys 1.31 1.00 2.00 0.00 0.00 0.00 0.00 0.00 0.00 8.91 7.00 1.00 0.00 0.00 0.00 0.00 0.00
 %idle 87.13 99.00 98.00 100.00 100.00 100.00 100.00 100.00 100.00 0.00 0.00 99.00 100.00 100.00 100.00 100.00 100.00
 %time 1481757415
 %usr 1.50 0.00 0.00 0.00 0.00 0.00 0.00 0.00 0.00 16.00 8.91 0.00 0.00 0.00 0.00 0.00 0.00
 %sys 1.50 0.99 0.99 0.99 0.00 0.00 0.00 1.00 0.99 12.00 6.93 1.00 1.00 0.00 0.00 0.00 0.00
 %idle 87.19 99.01 99.01 99.01 100.00 100.00 100.00 99.00 99.01 0.00 0.00 99.00 99.00 100.00 100.00 100.00 100.00
 %time 1481757416
 %usr 1.44 0.00 0.00 0.00 0.00 0.00 0.00 0.00 0.00 12.00 11.88 0.00 0.00 0.00 0.00 0.00 0.00
 %sys 1.31 0.00 1.00 0.99 0.00 0.00 0.00 0.00 0.99 8.00 8.91 0.00 0.99 0.00 0.00 0.00 0.00
 %idle 87.19 100.00 99.00 99.01 100.00 100.00 100.00 100.00 99.01 0.00 0.00 100.00 99.01 100.00 100.00 100.00 100.00
 %time 1481757417
 %usr 1.68 0.00 0.00 0.00 0.00 0.00 0.00 0.00 0.00 17.82 9.00 0.00 0.00 0.00 0.00 0.00 0.00
 %sys 1.62 1.00 0.00 1.00 0.00 0.00 0.00 1.00 0.00 11.88 6.00 1.00 1.00 0.00 0.00 0.00 0.99
 %idle 86.96 99.00 100.00 99.00 100.00 100.00 100.00 99.00 100.00 0.00 0.00 99.00 99.00 100.00 100.00 100.00 99.01
 %time 1481757418
 %usr 1.25 0.00 0.00 0.00 0.00 0.00 0.00 0.00 0.00 12.87 7.07 0.00 0.00 0.00 0.00 0.00 0.00
 %sys 1.06 0.00 0.00 0.00 0.00 0.00 0.00 0.00 0.99 7.92 5.05 1.00 1.00 0.00 1.00 0.00 0.00
 %idle 87.24 100.00 100.00 100.00 100.00 100.00 100.00 100.00 99.01 0.00 0.00 99.00 99.00 100.00 99.00 100.00 100.00
 %time 1481757419
 %usr 0.81 0.00 0.00 0.00 0.00 0.00 0.00 0.00 0.00 6.06 7.00 0.00 0.00 0.00 0.00 0.00 0.00
 %sys 0.81 0.00 0.00 0.00 0.00 0.00 0.00 0.00 0.00 5.05 5.00 0.00 0.00 0.00 0.00 0.00 1.00
 %idle 87.37 100.00 100.00 100.00 100.00 100.00 100.00 100.00 100.00 0.00 0.00 100.00 100.00 100.00 100.00 100.00 99.00
 %time 1481757420
 %usr 1.31 0.00 0.00 0.00 0.00 0.00 0.00 0.00 0.00 11.00 9.00 0.00 0.00 0.00 0.00 0.00 0.00
 %sys 2.25 1.00 1.00 0.99 0.00 0.00 0.00 0.99 1.00 14.00 16.00 1.00 0.00 0.00 0.99 0.00 0.00
 %idle 87.13 99.00 99.00 99.01 100.00 100.00 100.00 99.01 99.00 0.00 0.00 99.00 100.00 100.00 99.01 100.00 100.00
 %time 1481757422
 %usr 1.19 0.00 0.00 0.00 0.00 0.00 0.00 0.00 0.00 7.00 11.11 0.00 0.00 0.00 0.00 0.00 0.00
 %sys 1.81 0.00 0.99 0.00 0.00 0.00 0.00 0.00 0.00 11.00 15.15 0.99 1.00 0.00 0.00 0.00 0.99
 %idle 87.30 100.00 99.01 100.00 100.00 100.00 100.00 100.00 100.00 0.00 0.00 99.01 99.00 100.00 100.00 100.00 99.01
 %time 1481757423
 %usr 1.19 0.00 0.00 0.00 0.00 0.00 0.00 0.00 0.00 10.00 8.91 0.00 0.00 0.00 0.00 0.00 0.00
 %sys 2.07 0.00 0.00 0.00 0.00 0.00 0.00 0.00 0.99 15.00 13.86 0.99 1.00 0.00 0.00 0.00 0.00
 %idle 87.30 100.00 100.00 100.00 100.00 100.00 100.00 100.00 99.01 0.00 0.00 99.01 99.00 100.00 100.00 100.00 100.00
 %time 1481757424
 %usr 1.38 0.00 0.00 0.00 0.00 0.00 0.00 0.00 0.00 11.88 10.00 0.00 0.00 0.00 0.00 0.00 0.00
 %sys 2.25 0.00 0.00 0.99 0.00 0.00 0.00 0.00 0.00 15.84 16.00 0.00 1.00 0.00 0.99 0.00 1.00
 %idle 87.18 100.00 100.00 99.01 100.00 100.00 100.00 100.00 100.00 0.00 0.00 100.00 99.00 100.00 99.01 100.00 99.00
 %time 1481757425
 %usr 1.25 0.00 0.00 0.00 0.00 0.00 0.00 0.00 0.00 9.09 10.20 0.00 0.00 0.00 0.00 0.00 0.00
 %sys 2.06 0.00 0.99 0.00 0.99 0.00 0.99 0.00 0.00 15.15 13.27 0.00 0.99 0.00 0.00 0.00 0.00
 %idle 87.19 100.00 99.01 100.00 99.01 100.00 99.01 100.00 100.00 0.00 0.00 100.00 99.01 100.00 100.00 100.00 100.00
 %time 1481757426
 %usr 0.88 0.00 0.00 0.00 0.00 0.00 0.00 0.00 0.00 6.00 9.00 0.00 0.00 0.00 0.00 0.00 0.00
 %sys 1.69 0.00 0.00 0.99 0.00 0.00 0.00 0.00 0.99 10.00 13.00 0.00 0.99 0.00 0.00 0.00 1.00
 %idle 87.30 100.00 100.00 99.01 100.00 100.00 100.00 100.00 99.01 0.00 0.00 100.00 99.01 100.00 100.00 100.00 99.00
 %time 1481757427
 %usr 1.44 0.00 0.00 0.00 0.00 0.00 0.00 0.00 0.00 9.00 13.00 0.00 0.00 0.00 0.00 0.00 0.00
 %sys 2.38 0.00 1.00 1.00 0.00 0.00 0.00 1.00 0.00 15.00 20.00 0.00 0.99 1.00 0.00 0.00 0.00
 %idle 87.23 100.00 99.00 99.00 100.00 100.00 100.00 99.00 100.00 0.00 0.00 100.00 99.01 99.00 100.00 100.00 100.00
 %time 1481757428
 %usr 1.25 0.00 0.00 0.00 0.00 0.00 0.00 0.00 0.00 9.00 10.89 0.00 0.00 0.00 0.00 0.00 0.00
 %sys 2.06 1.00 0.00 0.00 1.00 0.00 0.00 0.00 0.99 16.00 12.87 1.00 0.99 0.00 0.00 0.00 1.00
 %idle 87.19 99.00 100.00 100.00 99.00 100.00 100.00 100.00 99.01 0.00 0.00 99.00 99.01 100.00 100.00 100.00 99.00
 %time 1481757430
 %usr 1.31 0.00 0.00 0.00 0.00 0.00 0.00 0.00 0.00 12.12 7.92 0.00 0.00 0.00 0.00 0.00 0.00
 %sys 2.19 1.98 0.00 0.00 1.00 0.00 1.00 0.00 0.00 19.19 11.88 1.00 0.99 0.00 0.00 0.00 0.00
 %idle 87.19 98.02 100.00 100.00 99.00 100.00 99.00 100.00 100.00 0.00 0.00 99.00 99.01 100.00 100.00 100.00 100.00
 %time 1481757431
 %usr 1.56 0.00 0.00 0.00 0.00 0.00 0.00 0.00 0.00 16.00 10.00 0.00 0.00 0.00 0.00 0.00 0.00
 %sys 2.88 0.99 1.01 0.00 0.99 0.00 0.00 0.00 0.00 21.00 20.00 0.00 0.00 0.00 0.00 0.99 0.00
 %idle 87.17 99.01 98.99 100.00 99.01 100.00 100.00 100.00 100.00 0.00 0.00 100.00 100.00 100.00 100.00 99.01 100.00
 %time 1481757432
 %usr 1.31 0.00 0.00 0.00 0.00 0.00 0.00 0.00 0.00 11.00 9.00 0.00 0.00 0.00 0.00 0.00 0.00
 %sys 2.19 2.00 0.00 0.00 1.00 0.00 1.00 0.00 1.00 17.00 14.00 0.00 0.00 0.00 0.00 0.00 0.99
 %idle 87.19 98.00 100.00 100.00 99.00 100.00 99.00 100.00 99.00 0.00 0.00 100.00 100.00 100.00 100.00 100.00 99.01
 %time 1481757433
 %usr 2.06 0.00 0.00 0.00 0.00 0.00 0.00 0.00 0.00 12.00 20.79 0.00 0.00 0.00 0.00 0.00 0.00
 %sys 3.44 1.01 1.01 1.00 0.00 0.00 1.00 1.00 0.00 21.00 27.72 0.00 0.00 0.00 0.00 0.00 0.00
 %idle 87.12 98.99 98.99 99.00 100.00 100.00 99.00 99.00 100.00 0.00 0.00 100.00 100.00 100.00 100.00 100.00 100.00
 %time 1481757434
 %usr 1.88 0.00 0.00 0.00 0.00 0.00 0.00 0.00 0.00 12.00 18.18 0.00 0.00 0.00 0.00 0.00 0.00
 %sys 3.13 1.00 0.00 1.00 0.00 0.00 0.00 0.00 0.00 20.00 25.25 0.99 0.99 0.00 0.00 0.00 1.00
 %idle 87.17 99.00 100.00 99.00 100.00 100.00 100.00 100.00 100.00 0.00 0.00 99.01 99.01 100.00 100.00 100.00 99.00
 %time 1481757435
 %usr 1.44 0.00 0.00 0.00 0.00 0.00 0.00 0.00 0.00 14.85 8.00 0.00 0.00 0.00 0.00 0.00 0.00
 %sys 2.75 1.00 0.00 0.00 1.00 0.99 1.00 0.00 1.00 22.77 16.00 0.99 0.00 1.00 0.00 0.00 1.00
 %idle 87.18 99.00 100.00 100.00 99.00 99.01 99.00 100.00 99.00 0.00 0.00 99.01 100.00 99.00 100.00 100.00 99.00
 %time 1481757437
 %usr 2.00 0.00 0.00 0.00 0.00 0.00 0.00 0.00 0.00 12.87 19.80 0.00 0.00 0.00 0.00 0.00 0.00
 %sys 3.38 1.00 1.00 0.99 1.00 0.00 0.00 0.00 1.00 16.83 29.70 1.00 0.00 0.00 0.00 0.00 0.00
 %idle 87.00 99.00 99.00 99.01 99.00 100.00 100.00 100.00 99.00 0.00 0.00 99.00 100.00 100.00 100.00 100.00 100.00
 %time 1481757438
 %usr 2.12 0.00 0.00 0.00 0.00 0.00 0.00 0.00 0.00 20.00 14.00 0.00 0.00 0.00 0.00 0.00 0.00
 %sys 3.44 2.02 0.00 2.00 0.00 0.00 0.99 0.00 0.00 32.00 15.00 0.00 0.00 0.00 0.00 0.00 0.00
 %idle 87.01 97.98 100.00 98.00 100.00 100.00 99.01 100.00 100.00 0.00 0.00 100.00 100.00 100.00 100.00 100.00 100.00
 %time 1481757439
 %usr 2.19 0.00 0.00 0.00 0.00 0.00 0.00 0.00 0.00 21.78 13.00 0.00 0.00 0.00 0.00 0.00 0.00
 %sys 3.75 2.00 1.00 2.97 0.00 1.00 0.00 0.00 0.00 32.67 20.00 0.00 0.00 0.00 0.00 0.00 0.00
 %idle 87.00 98.00 99.00 97.03 100.00 99.00 100.00 100.00 100.00 0.00 0.00 100.00 100.00 100.00 100.00 100.00 100.00
 %time 1481757442
 %usr 6.31 0.00 0.00 0.00 0.00 0.00 0.00 0.00 0.00 100.00 1.00 0.00 0.00 0.00 0.00 0.00 0.00
 %sys 0.06 0.00 0.00 0.00 0.00 0.00 0.00 0.00 0.00 0.00 0.00 0.00 0.00 0.00 0.00 0.00 0.00
 %idle 87.44 100.00 100.00 100.00 100.00 100.00 100.00 100.00 100.00 0.00 0.00 100.00 100.00 100.00 100.00 100.00 100.00
 %time 1481757443
 %usr 6.69 0.00 0.00 0.00 0.00 0.00 0.00 0.00 0.00 100.00 7.00 0.00 0.00 0.00 0.00 0.00 0.00
 %sys 0.75 1.00 0.00 0.00 0.00 0.00 0.00 1.00 0.00 0.00 11.00 0.00 0.00 0.00 0.00 0.00 0.99
 %idle 87.43 99.00 100.00 100.00 100.00 100.00 100.00 99.00 100.00 0.00 0.00 100.00 100.00 100.00 100.00 100.00 99.01
 %time 1481757444
 %usr 8.00 0.00 0.00 0.00 0.00 0.00 0.00 0.00 0.00 100.00 28.00 0.00 0.00 0.00 0.00 0.00 0.00
 %sys 2.87 2.00 0.00 1.00 0.00 0.00 0.00 1.00 1.00 0.00 39.00 0.99 1.00 0.00 0.00 0.00 0.00
 %idle 87.07 98.00 100.00 99.00 100.00 100.00 100.00 99.00 99.00 0.00 0.00 99.01 99.00 100.00 100.00 100.00 100.00
 %time 1481757446
 %usr 12.49 0.00 0.00 0.00 0.00 0.00 0.00 0.00 0.00 100.00 100.00 0.00 0.00 0.00 0.00 0.00 0.00
 %sys 0.00 0.00 0.00 0.00 0.00 0.00 0.00 0.00 0.00 0.00 0.00 0.00 0.00 0.00 0.00 0.00 0.00
 %idle 87.51 100.00 100.00 100.00 100.00 100.00 100.00 100.00 100.00 0.00 0.00 100.00 100.00 100.00 100.00 100.00 100.00
 %time 1481757448
 %usr 12.50 0.00 0.00 0.00 0.00 0.00 0.00 0.00 0.00 100.00 100.00 0.00 0.00 0.00 0.00 0.00 0.00
 %sys 0.00 0.00 0.00 0.00 0.00 0.00 0.00 0.00 0.00 0.00 0.00 0.00 0.00 0.00 0.00 0.00 0.00
 %idle 87.50 100.00 100.00 100.00 100.00 100.00 100.00 100.00 100.00 0.00 0.00 100.00 100.00 100.00 100.00 100.00 100.00
 %time 1481757449
 %usr 12.56 0.00 0.00 0.00 0.00 0.00 0.00 0.00 0.00 100.00 100.00 0.00 0.00 0.00 0.00 0.00 0.00
 %sys 0.00 0.00 0.00 0.00 0.00 0.00 0.00 0.00 0.00 0.00 0.00 0.00 0.00 0.00 0.00 0.00 0.00
 %idle 87.44 100.00 100.00 100.00 100.00 100.00 100.00 100.00 100.00 0.00 0.00 100.00 100.00 100.00 100.00 100.00 100.00
 %time 1481757450
 %usr 12.50 0.00 0.00 0.00 0.00 0.00 0.00 0.00 0.00 100.00 100.00 0.00 0.00 0.00 0.00 0.00 0.00
 %sys 0.25 0.00 0.00 0.00 0.99 0.00 0.00 0.00 0.00 0.00 0.00 0.00 0.99 0.00 0.99 0.00 0.00
 %idle 87.25 100.00 100.00 100.00 99.01 100.00 100.00 100.00 100.00 0.00 0.00 100.00 99.01 100.00 99.01 100.00 100.00
 %time 1481757453
 %usr 12.55 0.00 0.00 0.00 0.00 0.00 0.00 0.00 0.00 100.00 100.00 0.00 0.00 0.00 0.00 0.00 0.00
 %sys 0.06 0.99 0.00 0.00 0.00 0.00 0.00 0.00 0.00 0.00 0.00 0.00 0.00 0.00 0.00 0.00 0.00
 %idle 87.38 99.01 100.00 100.00 100.00 100.00 100.00 100.00 100.00 0.00 0.00 100.00 100.00 100.00 100.00 100.00 100.00
 %time 1481757454
 %usr 12.51 0.00 0.00 0.00 0.00 0.00 0.00 0.00 0.00 100.00 100.00 0.00 0.00 0.00 0.00 0.00 0.00
 %sys 0.00 0.00 0.00 0.00 0.00 0.00 0.00 0.00 0.00 0.00 0.00 0.00 0.00 0.00 0.00 0.00 0.00
 %idle 87.49 100.00 100.00 100.00 100.00 100.00 100.00 100.00 100.00 0.00 0.00 100.00 100.00 100.00 100.00 100.00 100.00
 %time 1481757455
 %usr 12.49 0.00 0.00 0.00 0.00 0.00 0.00 0.00 0.00 100.00 100.00 0.00 0.00 0.00 0.00 0.00 0.00
 %sys 0.06 0.00 0.00 0.00 0.00 0.00 0.00 0.00 0.00 0.00 0.00 0.00 0.00 0.00 0.00 0.00 0.00
 %idle 87.45 100.00 100.00 100.00 100.00 100.00 100.00 100.00 100.00 0.00 0.00 100.00 100.00 100.00 100.00 100.00 100.00
 %time 1481757456
 %usr 2.81 3.00 0.00 0.00 0.00 0.00 0.00 0.00 0.00 21.21 21.21 0.00 0.00 0.00 0.00 0.00 0.00
 %sys 0.25 0.00 1.00 0.00 0.00 0.00 0.00 0.00 0.00 1.01 1.01 0.00 0.00 1.00 0.00 0.00 0.00
 %idle 96.25 97.00 99.00 100.00 99.00 100.00 100.00 100.00 100.00 72.73 72.73 100.00 100.00 99.00 100.00 100.00 100.00
 %time 1481757457
 %usr 0.00 0.00 0.00 0.00 0.00 0.00 0.00 0.00 0.00 0.00 0.00 0.00 0.00 0.00 0.00 0.00 0.00
 %sys 0.06 0.00 0.00 0.00 0.00 0.99 0.00 0.00 0.00 0.00 0.00 0.00 0.00 0.00 0.00 0.00 0.00
 %idle 99.94 100.00 100.00 100.00 100.00 99.01 100.00 100.00 100.00 100.00 100.00 100.00 100.00 100.00 100.00 100.00 100.00
 %time 1481757458
 %usr 0.00 0.00 0.00 0.00 0.00 0.00 0.00 0.00 0.00 0.00 0.00 0.00 0.00 0.00 0.00 0.00 0.00
 %sys 0.06 0.00 0.00 0.00 0.00 0.00 0.00 0.00 0.00 0.00 0.00 0.00 0.00 0.00 0.00 0.00 0.00
 %idle 99.94 100.00 100.00 100.00 100.00 100.00 100.00 100.00 100.00 100.00 100.00 100.00 100.00 100.00 100.00 100.00 100.00
 %time 1481757460
 %usr 0.00 0.00 0.00 0.00 0.00 0.00 0.00 0.00 0.00 0.00 0.00 0.00 0.00 0.00 0.00 0.00 0.00
 %sys 0.00 0.00 0.00 0.00 0.00 0.00 0.00 0.00 0.00 0.00 0.00 0.00 0.00 0.00 0.00 0.00 0.00
 %idle 100.00 100.00 100.00 100.00 100.00 100.00 100.00 100.00 100.00 100.00 100.00 100.00 100.00 100.00 100.00 100.00 100.00
 %time 1481757461
 %usr 0.00 0.00 0.00 0.00 0.00 0.00 0.00 0.00 0.00 0.00 0.00 0.00 0.00 0.00 0.00 0.00 0.00
 %sys 0.06 0.00 0.00 0.00 0.00 0.00 0.00 0.00 0.00 0.00 0.00 0.99 0.00 0.00 0.00 0.00 0.00
 %idle 99.94 100.00 100.00 100.00 100.00 100.00 100.00 100.00 100.00 100.00 100.00 99.01 100.00 100.00 100.00 100.00 100.00
 %time 1481757462
 %usr 3.82 15.00 17.00 7.92 1.00 0.00 0.00 0.00 0.00 14.00 6.00 1.00 0.00 0.00 0.00 0.00 0.00
 %sys 2.26 3.00 14.00 1.98 1.00 0.00 0.00 0.00 0.00 3.00 12.00 1.00 0.00 0.00 0.00 0.99 0.00
 %idle 91.79 70.00 64.00 90.10 86.00 100.00 100.00 100.00 100.00 81.00 78.00 98.00 100.00 100.00 100.00 99.01 100.00
