time              msgs_alloc        msgs_max          errors            send_count        recv_count        route_count       drop_count        send_length       recv_length       route_length      drop_length      
1481756237        0                 566               0                 41229429          41761353          0                 4                 452622409077      916717076574      0                 768              
1481756238        0                 566               0                 41229545          41761466          0                 4                 452622458263      916717123094      0                 768              
1481756239        0                 566               0                 41229649          41761568          0                 4                 452622502855      916717165014      0                 768              
1481756240        0                 566               0                 41229728          41761645          0                 4                 452622536503      916717196574      0                 768              
1481756241        0                 566               0                 41229815          41761732          0                 4                 452622585972      916717229998      0                 768              
1481756242        0                 566               0                 41229918          41761833          0                 4                 452622630668      916717272294      0                 768              
1481756244        0                 566               0                 41229997          41761910          0                 4                 452622664316      916717303854      0                 768              
1481756245        0                 566               0                 41230113          41762025          0                 4                 452622722909      916717352638      0                 768              
1481756246        0                 566               0                 41230204          41762117          0                 4                 452622780652      916717387158      0                 768              
1481756247        0                 566               0                 41230306          41762218          0                 4                 452622831614      916717428758      0                 768              
1481756248        0                 566               0                 41230384          41762294          0                 4                 452622864350      916717459758      0                 768              
1481756249        0                 566               0                 41230462          41762370          0                 4                 452622897086      916717490758      0                 768              
1481756250        0                 566               0                 41230554          41762463          0                 4                 452622955028      916717525574      0                 768              
1481756251        0                 566               0                 41230639          41762547          0                 4                 452622997806      916717559222      0                 768              
1481756253        0                 566               0                 41230770          41762676          0                 4                 452623055942      916717615327      0                 768              
1481756255        0                 566               0                 41230900          41762807          0                 4                 452623140450      916717668055      0                 768              
1481756256        0                 566               0                 41231017          41762924          0                 4                 452623195104      916723840559      0                 768              
1481756257        0                 566               0                 41231111          41763013          0                 4                 452623234904      916723878503      0                 768              
1481756258        0                 566               0                 41231387          41763287          0                 4                 452623381224      916724019381      0                 768              
1481756259        0                 566               0                 41231662          41763560          0                 4                 452623522632      916724425381      0                 768              
1481756260        0                 566               0                 41231923          41763812          0                 4                 452623649226      916733887448      0                 768              
1481756261        0                 566               0                 41232162          41764048          0                 4                 452623758146      916733989512      0                 768              
1481756262        0                 566               0                 41232277          41764161          0                 4                 452623807666      916734035768      0                 768              
1481756264        0                 566               0                 41232397          41764279          0                 4                 452623859402      916734083824      0                 768              
1481756265        0                 566               0                 41233652          41765528          0                 4                 452624194597      916762358354      0                 768              
1481756266        0                 566               0                 41233899          41765770          0                 4                 452624334591      916822199386      0                 768              
1481756267        0                 566               0                 41234168          41766039          0                 4                 452624459045      916899871370      0                 768              
1481756268        0                 566               0                 41234490          41766359          0                 4                 452624611603      916986993834      0                 768              
1481756273        0                 566               0                 41235391          41767260          0                 4                 452624873342      917391948714      0                 768              
1481756275        0                 566               0                 41235640          41767512          0                 4                 452624974025      917462277802      0                 768              
1481756276        0                 566               0                 41235914          41767778          0                 4                 452625063297      917543094834      0                 768              
1481756277        0                 566               0                 41236217          41768081          0                 4                 452625174324      917634403898      0                 768              
1481756278        1                 566               0                 41236437          41768306          0                 4                 452625266063      917693192154      0                 768              
1481756279        0                 566               0                 41236707          41768571          0                 4                 452625355903      917767717930      0                 768              
1481756280        0                 566               0                 41236987          41768848          0                 4                 452625464786      917851682922      0                 768              
1481756281        0                 566               0                 41237224          41769088          0                 4                 452625581080      917913620514      0                 768              
1481756283        0                 566               0                 41237450          41769308          0                 4                 452625677464      917967165562      0                 768              
1481756284        0                 566               0                 41237669          41769530          0                 4                 452625751952      918021759274      0                 768              
1481756285        0                 566               0                 41237896          41769751          0                 4                 452625829896      918077401874      0                 768              
1481756286        0                 566               0                 41238214          41770069          0                 4                 452625986001      918177103994      0                 768              
1481756287        0                 566               0                 41238528          41770382          0                 4                 452626102692      918279950618      0                 768              
1481756288        0                 566               0                 41238864          41770716          0                 4                 452626208184      918386997170      0                 768              
1481756289        0                 566               0                 41240212          41772062          0                 4                 452626537856      918505770978      0                 768              
1481756291        0                 566               0                 41240531          41772381          0                 4                 452626674835      918608618930      0                 768              
1481756292        0                 566               0                 41240833          41772683          0                 4                 452626826604      918699929290      0                 768              
1481756293        1                 566               0                 41241107          41772956          0                 4                 452626914652      918784941818      0                 768              
1481756294        0                 566               0                 41241421          41773269          0                 4                 452627037032      918868917898      0                 768              
1481756296        0                 566               0                 41241795          41773643          0                 4                 452627226737      918991701226      0                 768              
1481756297        0                 566               0                 41241962          41773819          0                 4                 452627286377      919024265802      0                 768              
1481756298        0                 566               0                 41242164          41774019          0                 4                 452627358025      919066272738      0                 768              
1481756299        0                 566               0                 41242404          41774251          0                 4                 452627439417      919128208866      0                 768              
1481756301        0                 566               0                 41242674          41774518          0                 4                 452627545964      919207977298      0                 768              
1481756302        0                 566               0                 41242961          41774804          0                 4                 452627675434      919294041338      0                 768              
1481756303        0                 566               0                 41243216          41775067          0                 4                 452627775533      919370663498      0                 768              
1481756304        0                 566               0                 41243508          41775363          0                 4                 452627924758      919455681490      0                 768              
1481756305        0                 566               0                 41243766          41775613          0                 4                 452628049628      919520767578      0                 768              
1481756306        0                 566               0                 41244019          41775867          0                 4                 452628131580      919595290754      0                 768              
1481756307        0                 566               0                 41244227          41776070          0                 4                 452628204068      919643589170      0                 768              
1481756309        0                 566               0                 41244490          41776338          0                 4                 452628300195      919720212578      0                 768              
1481756310        0                 566               0                 41244733          41776575          0                 4                 452628439412      919776906978      0                 768              
1481756311        1                 566               0                 41245030          41776874          0                 4                 452628532236      919875556034      0                 768              
1481756312        0                 566               0                 41245242          41777088          0                 4                 452628623031      919927002682      0                 768              
1481756313        0                 566               0                 41245545          41777382          0                 4                 452628723279      920014119130      0                 768              
1481756314        0                 566               0                 41246778          41778618          0                 4                 452629062317      920066810626      0                 768              
1481756315        0                 566               0                 41247047          41778885          0                 4                 452629188251      920139240498      0                 768              
1481756317        0                 566               0                 41247278          41779114          0                 4                 452629284967      920196981578      0                 768              
1481756318        0                 566               0                 41247511          41779347          0                 4                 452629400831      920254723730      0                 768              
1481756319        0                 566               0                 41247720          41779564          0                 4                 452629491219      920304073874      0                 768              
1481756320        0                 566               0                 41247877          41779719          0                 4                 452629550635      920328245186      0                 768              
1481756321        0                 566               0                 41248091          41779932          0                 4                 452629642927      920378642946      0                 768              
1481756322        0                 566               0                 41248365          41780203          0                 4                 452629769559      920455267154      0                 768              
1481756323        0                 566               0                 41248670          41780500          0                 4                 452629868207      920547625082      0                 768              
1481756325        0                 566               0                 41248964          41780792          0                 4                 452629961663      920639982418      0                 768              
1481756326        0                 566               0                 41249274          41781109          0                 4                 452630056007      920747024146      0                 768              
1481756327        0                 566               0                 41249542          41781377          0                 4                 452630199915      920820501866      0                 768              
1481756328        0                 566               0                 41249837          41781664          0                 4                 452630333021      920905517714      0                 768              
1481756329        1                 566               0                 41250143          41781969          0                 4                 452630448785      921002071442      0                 768              
1481756330        0                 566               0                 41250437          41782262          0                 4                 452630541281      921097573778      0                 768              
1481756331        0                 566               0                 41250722          41782546          0                 4                 452630631633      921188879914      0                 768              
1481756333        0                 566               0                 41251085          41782908          0                 4                 452630817878      921307465754      0                 768              
1481756334        0                 566               0                 41251387          41783209          0                 4                 452630918921      921395632290      0                 768              
1481756335        0                 566               0                 41251640          41783460          0                 4                 452631001761      921470154450      0                 768              
1481756336        0                 566               0                 41251849          41783671          0                 4                 452631072785      921522648770      0                 768              
1481756338        0                 566               0                 41252154          41783983          0                 4                 452631282694      921600328754      0                 768              
1481756340        0                 566               0                 41253394          41785225          0                 4                 452631585926      921664555658      0                 768              
1481756341        0                 566               0                 41253660          41785482          0                 4                 452631673542      921741176426      0                 768              
1481756342        0                 566               0                 41253891          41785716          0                 4                 452631749742      921806258162      0                 768              
1481756343        0                 566               0                 41254120          41785945          0                 4                 452631877560      921856659634      0                 768              
1481756344        0                 566               0                 41254356          41786183          0                 4                 452631975532      921916500490      0                 768              
1481756346        0                 566               0                 41254583          41786401          0                 4                 452632053492      921973190138      0                 768              
1481756347        0                 566               0                 41254861          41786682          0                 4                 452632141004      922061350298      0                 768              
1481756348        0                 566               0                 41255125          41786939          0                 4                 452632227748      922139019386      0                 768              
1481756349        0                 566               0                 41255428          41787250          0                 4                 452632399076      922227186490      0                 768              
1481756350        0                 566               0                 41255738          41787553          0                 4                 452632497652      922326885290      0                 768              
1481756351        0                 566               0                 41255982          41787797          0                 4                 452632577652      922396163586      0                 768              
1481756352        0                 566               0                 41256286          41788097          0                 4                 452632711812      922490618882      0                 768              
1481756354        0                 566               0                 41256646          41788458          0                 4                 452632879135      922608156074      0                 768              
1481756355        0                 566               0                 41256980          41788794          0                 4                 452632981671      922723590778      0                 768              
1481756356        0                 566               0                 41257255          41789074          0                 4                 452633068311      922811750538      0                 768              
1481756357        0                 566               0                 41257542          41789355          0                 4                 452633179411      922899910170      0                 768              
1481756358        0                 566               0                 41257847          41789660          0                 4                 452633332724      922992269706      0                 768              
1481756359        0                 566               0                 41258152          41789965          0                 4                 452633429420      923088823538      0                 768              
1481756360        0                 566               0                 41258430          41790236          0                 4                 452633519476      923172787138      0                 768              
1481756362        0                 566               0                 41258817          41790628          0                 4                 452633633252      923320737978      0                 768              
1481756363        0                 566               0                 41259144          41790957          0                 4                 452633771804      923429879130      0                 768              
1481756364        0                 566               0                 41260450          41792255          0                 4                 452634132633      923508797914      0                 768              
1481756365        0                 566               0                 41260669          41792480          0                 4                 452634205785      923565490362      0                 768              
1481756366        0                 566               0                 41260817          41792626          0                 4                 452634262953      923584417154      0                 768              
1481756367        0                 566               0                 41260975          41792784          0                 4                 452634360702      923603346730      0                 768              
1481756368        0                 566               0                 41261172          41792978          0                 4                 452634469752      923638012458      0                 768              
1481756370        0                 566               0                 41261396          41793195          0                 4                 452634565945      923690508170      0                 768              
1481756371        0                 566               0                 41261602          41793408          0                 4                 452634635017      923744051466      0                 768              
1481756372        0                 566               0                 41261758          41793562          0                 4                 452634694137      923767174162      0                 768              
1481756373        0                 566               0                 41261918          41793733          0                 4                 452634828156      923785058498      0                 768              
1481756374        0                 566               0                 41262046          41793863          0                 4                 452634917785      923785108234      0                 768              
1481756376        0                 566               0                 41262179          41793996          0                 4                 452635029481      923785159730      0                 768              
1481756377        0                 566               0                 41262298          41794115          0                 4                 452635098672      923785207250      0                 768              
1481756378        0                 566               0                 41262460          41794276          0                 4                 452636233020      923785272410      0                 768              
1481756380        0                 566               0                 41262989          41794800          0                 4                 452636515052      923785541100      0                 768              
