time              msgs_alloc        msgs_max          errors            send_count        recv_count        route_count       drop_count        send_length       recv_length       route_length      drop_length      
1481756246        0                 464               0                 30148402          30578354          0                 38                332880907183      125806055792      0                 7296             
1481756247        0                 464               0                 30148467          30578416          0                 38                332880933327      125806081096      0                 7296             
1481756248        0                 464               0                 30148524          30578471          0                 38                332880957471      125806103640      0                 7296             
1481756250        0                 464               0                 30148582          30578527          0                 38                332880981807      125806126544      0                 7296             
1481756251        0                 464               0                 30148659          30578602          0                 38                332881013910      125806153920      0                 7296             
1481756252        0                 464               0                 30148716          30578657          0                 38                332881038054      125806176464      0                 7296             
1481756253        0                 464               0                 30148775          30578714          0                 38                332881062582      125806199728      0                 7296             
1481756255        0                 464               0                 30148857          30578792          0                 38                332881097019      125806227816      0                 7296             
1481756256        0                 464               0                 30148921          30578855          0                 38                332881123745      125806252184      0                 7296             
1481756257        0                 464               0                 30148981          30578913          0                 38                332881148985      125806275816      0                 7296             
1481756258        0                 464               0                 30149039          30578970          0                 38                332881173457      125806298968      0                 7296             
1481756259        0                 464               0                 30149102          30579031          0                 38                332881198945      125806322664      0                 7296             
1481756260        0                 464               0                 30149174          30579101          0                 38                332881228853      125806348840      0                 7296             
1481756261        0                 464               0                 30149298          30579223          0                 38                332881284189      125806425224      0                 7296             
1481756262        0                 464               0                 30149494          30579416          0                 38                332881348931      125808578328      0                 7296             
1481756264        0                 464               0                 30149566          30579487          0                 38                332881379755      125808607264      0                 7296             
1481756265        0                 464               0                 30150213          30580127          0                 38                332881576759      125848821970      0                 7296             
1481756266        0                 464               0                 30150401          30580309          0                 38                332881656517      125895011754      0                 7296             
1481756267        0                 464               0                 30150607          30580511          0                 38                332881734205      125954837138      0                 7296             
1481756268        0                 464               0                 30150842          30580742          0                 38                332881805133      126037736002      0                 7296             
1481756269        0                 464               0                 30151051          30580956          0                 38                332881867677      126113291018      0                 7296             
1481756270        0                 464               0                 30151285          30581183          0                 38                332881939093      126194091930      0                 7296             
1481756271        0                 464               0                 30151496          30581393          0                 38                332882003485      126266500738      0                 7296             
1481756273        0                 464               0                 30151740          30581639          0                 38                332882087992      126353596666      0                 7296             
1481756274        0                 464               0                 30151952          30581851          0                 38                332882166758      126415522106      0                 7296             
1481756275        0                 464               0                 30152129          30582029          0                 38                332882222366      126471147234      0                 7296             
1481756276        0                 464               0                 30152284          30582185          0                 38                332882285492      126508942722      0                 7296             
1481756277        0                 464               0                 30152514          30582415          0                 38                332882366802      126580307602      0                 7296             
1481756278        0                 464               0                 30152717          30582607          0                 38                332882431682      126643275562      0                 7296             
1481756279        0                 464               0                 30152936          30582832          0                 38                332882533980      126709397482      0                 7296             
1481756280        0                 464               0                 30153237          30583131          0                 38                332882627035      126824815994      0                 7296             
1481756282        0                 464               0                 30153452          30583343          0                 38                332882705913      126891982642      0                 7296             
1481756283        0                 464               0                 30153636          30583531          0                 38                332882769008      126949707114      0                 7296             
1481756284        0                 464               0                 30153785          30583678          0                 38                332882820328      126984354946      0                 7296             
1481756285        0                 464               0                 30154987          30584877          0                 38                332883106920      127049613602      0                 7296             
1481756286        0                 464               0                 30155278          30585164          0                 38                332883211493      127151399170      0                 7296             
1481756287        0                 464               0                 30155534          30585420          0                 38                332883293564      127244788778      0                 7296             
1481756288        0                 464               0                 30155808          30585691          0                 38                332883375172      127344473274      0                 7296             
1481756289        0                 464               0                 30156084          30585966          0                 38                332883455180      127450449330      0                 7296             
1481756291        0                 464               0                 30156358          30586239          0                 38                332883545738      127546987042      0                 7296             
1481756292        0                 464               0                 30156656          30586539          0                 38                332883650481      127656114730      0                 7296             
1481756293        0                 464               0                 30156897          30586778          0                 38                332883722489      127744257818      0                 7296             
1481756294        0                 464               0                 30157140          30587021          0                 38                332883796113      127827160018      0                 7296             
1481756296        0                 464               0                 30157450          30587330          0                 38                332883911343      127938387050      0                 7296             
1481756297        0                 464               0                 30157586          30587474          0                 38                332883956351      127974083034      0                 7296             
1481756298        0                 464               0                 30157735          30587617          0                 38                332884006887      128011875274      0                 7296             
1481756299        0                 464               0                 30157928          30587804          0                 38                332884070231      128065405994      0                 7296             
1481756300        0                 464               0                 30158106          30587980          0                 38                332884133430      128117884930      0                 7296             
1481756302        0                 464               0                 30158341          30588216          0                 38                332884216212      128197639290      0                 7296             
1481756303        0                 464               0                 30158509          30588384          0                 38                332884276376      128244874002      0                 7296             
1481756304        0                 464               0                 30158719          30588600          0                 38                332884347047      128310993682      0                 7296             
1481756305        0                 464               0                 30158947          30588824          0                 38                332884429445      128385502506      0                 7296             
1481756306        0                 464               0                 30159176          30589046          0                 38                332884500461      128462108722      0                 7296             
1481756307        0                 464               0                 30159357          30589234          0                 38                332884555581      128522978794      0                 7296             
1481756308        0                 464               0                 30159584          30589456          0                 38                332884626613      128596439098      0                 7296             
1481756309        0                 464               0                 30160805          30590671          0                 38                332884931355      128658555258      0                 7296             
1481756311        0                 464               0                 30161033          30590903          0                 38                332885018240      128732017642      0                 7296             
1481756312        0                 464               0                 30161300          30591167          0                 38                332885096784      128832748738      0                 7296             
1481756313        0                 464               0                 30161539          30591402          0                 38                332885170832      128912504874      0                 7296             
1481756314        0                 464               0                 30161748          30591615          0                 38                332885284343      128975477466      0                 7296             
1481756315        0                 464               0                 30161973          30591842          0                 38                332885371001      129047890090      0                 7296             
1481756316        0                 464               0                 30162190          30592057          0                 38                332885450615      129116106378      0                 7296             
1481756317        0                 464               0                 30162414          30592281          0                 38                332885524878      129192712370      0                 7296             
1481756318        0                 464               0                 30162582          30592456          0                 38                332885591204      129235754946      0                 7296             
1481756320        0                 464               0                 30162707          30592581          0                 38                332885634316      129263058082      0                 7296             
1481756321        0                 464               0                 30162885          30592753          0                 38                332885691876      129315536282      0                 7296             
1481756322        0                 464               0                 30163171          30593042          0                 38                332885780155      129426758234      0                 7296             
1481756323        0                 464               0                 30163456          30593321          0                 38                332885870386      129532735306      0                 7296             
1481756324        0                 464               0                 30163728          30593591          0                 38                332885951666      129631371034      0                 7296             
1481756325        0                 464               0                 30164063          30593920          0                 38                332886047586      129766718042      0                 7296             
1481756326        0                 464               0                 30164289          30594152          0                 38                332886127614      129841229746      0                 7296             
1481756328        0                 464               0                 30164517          30594379          0                 38                332886222254      129910496834      0                 7296             
1481756329        0                 464               0                 30164786          30594643          0                 38                332886303182      130007034042      0                 7296             
1481756330        0                 464               0                 30165049          30594904          0                 38                332886380558      130106715866      0                 7296             
1481756331        0                 464               0                 30165333          30595186          0                 38                332886463006      130216887746      0                 7296             
1481756332        0                 464               0                 30165604          30595455          0                 38                332886542334      130320765474      0                 7296             
1481756333        0                 464               0                 30165865          30595719          0                 38                332886650469      130406817378      0                 7296             
1481756334        0                 464               0                 30167103          30596955          0                 38                332886949101      130476279930      0                 7296             
1481756335        0                 464               0                 30167347          30597200          0                 38                332887021005      130566521626      0                 7296             
1481756336        0                 464               0                 30167474          30597331          0                 38                332887064397      130594875306      0                 7296             
1481756338        0                 464               0                 30167720          30597574          0                 38                332887157597      130667291090      0                 7296             
1481756340        0                 464               0                 30167972          30597826          0                 38                332887238453      130757534594      0                 7296             
1481756341        0                 464               0                 30168188          30598038          0                 38                332887304797      130830992378      0                 7296             
1481756342        0                 464               0                 30168382          30598230          0                 38                332887365285      130893960338      0                 7296             
1481756343        1                 464               0                 30168594          30598445          0                 38                332887435509      130966370178      0                 7296             
1481756344        1                 464               0                 30168821          30598673          0                 38                332887523874      131036685914      0                 7296             
1481756345        0                 464               0                 30169010          30598855          0                 38                332887584850      131093360610      0                 7296             
1481756346        0                 464               0                 30169216          30599063          0                 38                332887648162      131163672314      0                 7296             
1481756347        0                 464               0                 30169436          30599280          0                 38                332887715290      131240276666      0                 7296             
1481756349        0                 464               0                 30169695          30599542          0                 38                332887855261      131324230594      0                 7296             
1481756350        0                 464               0                 30169961          30599811          0                 38                332887945485      131419720618      0                 7296             
1481756351        0                 464               0                 30170191          30600040          0                 38                332888012749      131497374914      0                 7296             
1481756352        0                 464               0                 30170376          30600225          0                 38                332888077117      131554050114      0                 7296             
1481756353        0                 464               0                 30170657          30600504          0                 38                332888171805      131655833330      0                 7296             
1481756354        0                 464               0                 30170944          30600790          0                 38                332888263117      131760763586      0                 7296             
1481756355        0                 464               0                 30171216          30601055          0                 38                332888343909      131862543362      0                 7296             
1481756356        0                 464               0                 30171475          30601318          0                 38                332888419509      131960129458      0                 7296             
1481756358        0                 464               0                 30171747          30601594          0                 38                332888517098      132057717802      0                 7296             
1481756359        0                 464               0                 30172024          30601861          0                 38                332888607762      132153207130      0                 7296             
1481756360        0                 464               0                 30173250          30603091          0                 38                332888898346      132227912906      0                 7296             
1481756361        0                 464               0                 30173485          30603323          0                 38                332888969082      132311860386      0                 7296             
1481756362        0                 464               0                 30173733          30603574          0                 38                332889048090      132403151794      0                 7296             
1481756363        0                 464               0                 30173997          30603834          0                 38                332889145783      132493396650      0                 7296             
1481756364        0                 464               0                 30174230          30604069          0                 38                332889223132      132571053890      0                 7296             
1481756365        0                 464               0                 30174373          30604208          0                 38                332889271716      132606748178      0                 7296             
1481756367        0                 464               0                 30174484          30604321          0                 38                332889311796      132626709394      0                 7296             
1481756368        0                 464               0                 30174607          30604441          0                 38                332889367923      132645623314      0                 7296             
1481756369        0                 464               0                 30174801          30604635          0                 38                332889442290      132700203658      0                 7296             
1481756370        0                 464               0                 30175023          30604849          0                 38                332889511178      132775758674      0                 7296             
1481756371        0                 464               0                 30175163          30604995          0                 38                332889556538      132814600186      0                 7296             
1481756372        0                 464               0                 30175286          30605119          0                 38                332889611988      132835611890      0                 7296             
1481756373        0                 464               0                 30175448          30605291          0                 38                332889681128      132878653650      0                 7296             
1481756374        0                 464               0                 30175532          30605373          0                 38                332889716672      132878685402      0                 7296             
1481756376        0                 464               0                 30175630          30605470          0                 38                332889774593      132878722442      0                 7296             
1481756377        0                 464               0                 30175708          30605549          0                 38                332889813227      132878753378      0                 7296             
1481756378        0                 464               0                 30175825          30605664          0                 38                332889856411      132878853802      0                 7296             
1481756379        0                 464               0                 30175892          30605729          0                 38                332889883187      132878891338      0                 7296             
1481756381        0                 464               0                 30175951          30605786          0                 38                332889907715      132878914602      0                 7296             
1481756382        1                 464               0                 30176008          30605841          0                 38                332889931859      132878937146      0                 7296             
1481756383        0                 464               0                 30176077          30605910          0                 38                332889971353      132878963130      0                 7296             
