      time tx_packets rx_packets        tx_bytes        rx_bytes  tx_errors tx_dropped rx_frame_errors rx_crc_errors
1484085774          0          0               0               0          0          0          0          0
1484085775          2          0             120               0          0          0          0          0
1484085776          0          0               0               0          0          0          0          0
1484085777          0          0               0               0          0          0          0          0
1484085778          0          0               0               0          0          0          0          0
1484085779          0          0               0               0          0          0          0          0
1484085780          1          0              60               0          0          0          0          0
1484085781          0          0               0               0          0          0          0          0
1484085783          0          0               0               0          0          0          0          0
1484085784          0          0               0               0          0          0          0          0
1484085785          0          0               0               0          0          0          0          0
1484085786          0          0               0               0          0          0          0          0
1484085787          1          0              60               0          0          0          0          0
1484085788          1          0              60               0          0          0          0          0
1484085789          0          0               0               0          0          0          0          0
1484085790          0          0               0               0          0          0          0          0
1484085791          0          0               0               0          0          0          0          0
1484085793          0          0               0               0          0          0          0          0
1484085794          0          0               0               0          0          0          0          0
1484085795          0          0               0               0          0          0          0          0
1484085796          1          0              60               0          0          0          0          0
1484085797          0          0               0               0          0          0          0          0
1484085798          4          0             258               0          0          0          0          0
1484085799          9          0             684               0          0          0          0          0
1484085800          5          0             390               0          0          0          0          0
1484085801          0          0               0               0          0          0          0          0
1484085803          0          0               0               0          0          0          0          0
1484085804          1          0              78               0          0          0          0          0
1484085805          2          0             120               0          0          0          0          0
1484085806         12          0             720               0          0          0          0          0
1484085807          5          0             300               0          0          0          0          0
1484085808          0          0               0               0          0          0          0          0
1484085809          3          0             180               0          0          0          0          0
1484085810          2          0             120               0          0          0          0          0
1484085812          2          0             120               0          0          0          0          0
1484085813          0          0               0               0          0          0          0          0
1484085814          0          0               0               0          0          0          0          0
1484085815          1          0              60               0          0          0          0          0
1484085816          0          0               0               0          0          0          0          0
1484085817          0          0               0               0          0          0          0          0
1484085818          1          0              60               0          0          0          0          0
1484085819          0          0               0               0          0          0          0          0
1484085821          0          0               0               0          0          0          0          0
1484085822          0          0               0               0          0          0          0          0
1484085823          0          0               0               0          0          0          0          0
1484085824          0          0               0               0          0          0          0          0
1484085825          2          0             120               0          0          0          0          0
1484085826          0          0               0               0          0          0          0          0
1484085827          1          0              60               0          0          0          0          0
1484085828          0          0               0               0          0          0          0          0
1484085830          0          0               0               0          0          0          0          0
1484085831          1          0              60               0          0          0          0          0
1484085832          0          0               0               0          0          0          0          0
1484085833          0          0               0               0          0          0          0          0
1484085834          0          0               0               0          0          0          0          0
1484085835          2          0             120               0          0          0          0          0
1484085836          1          0              60               0          0          0          0          0
1484085837          0          0               0               0          0          0          0          0
1484085839          3          0             180               0          0          0          0          0
1484085840          0          0               0               0          0          0          0          0
1484085841          1          0              60               0          0          0          0          0
1484085842          0          0               0               0          0          0          0          0
1484085843          0          0               0               0          0          0          0          0
1484085844          0          0               0               0          0          0          0          0
1484085845          0          0               0               0          0          0          0          0
1484085846          2          0             120               0          0          0          0          0
1484085847          0          0               0               0          0          0          0          0
1484085849          0          0               0               0          0          0          0          0
1484085850          0          0               0               0          0          0          0          0
