96 3 0 3.47366731693e-05 0.935459852219
96 3 1 3.6476767101e-05 0.983550071716
96 3 2 3.30026196488e-05 0.889238119125
96 3 3 3.43210874195e-05 0.924920082092
96 3 4 3.25704159355e-05 0.878597974777
96 3 5 3.46420856158e-05 0.932101011276
96 3 6 5.53670731795e-05 1.49539017677
96 3 7 3.1815018341e-05 0.857334852219
96 3 8 3.24519036164e-05 0.875308036804
96 3 9 3.5630034482e-05 0.957190990448
96 3 10 3.407425053e-05 0.922289848328
96 3 11 3.21025710635e-05 0.865648984909
96 3 12 4.01451734451e-05 1.07988190651
96 3 13 3.37121811826e-05 0.909651994705
96 3 14 3.43018091241e-05 0.922392129898
96 3 15 3.41916513405e-05 0.923867940903
96 3 16 3.20837483043e-05 0.865797042847
96 3 17 3.47152811855e-05 0.935778141022
96 3 18 3.29833686855e-05 0.88768196106
96 3 19 3.34828004433e-05 0.90250992775
96 3 20 3.31191367189e-05 0.891726970673
96 3 21 3.67298995019e-05 0.9877140522
96 3 22 5.76741822316e-05 1.55520892143
96 3 23 3.49634937947e-05 0.940793037415
96 3 24 5.41651953647e-05 1.45940899849
96 3 25 3.3959555605e-05 0.913529157639
96 3 26 3.33307788754e-05 0.896512985229
96 3 27 3.44550059756e-05 0.926156997681
96 3 28 3.32191815971e-05 0.892283916473
96 3 29 3.40707429006e-05 0.917486190796
96 3 30 3.55247691581e-05 0.955116033554
96 3 31 3.54200140347e-05 0.952965021133
96 3 32 3.67190759599e-05 0.989852905273
96 3 33 3.37416817122e-05 0.908329963684
96 3 34 3.33317263908e-05 0.897300004959
96 3 35 3.42950034121e-05 0.92264509201
96 3 36 3.76340023602e-05 1.01172614098
96 3 37 3.52613325264e-05 0.949054002762
96 3 38 3.2658726199e-05 0.879795074463
96 3 39 3.49443339387e-05 0.940685987473
96 3 40 3.33179965273e-05 0.897089958191
96 3 41 4.96234075291e-05 1.33822822571
96 3 42 3.53684564384e-05 0.953705787659
96 3 43 3.85949105927e-05 1.04058980942
96 3 44 3.56711876297e-05 0.957719802856
96 3 45 3.74387777313e-05 1.00871181488
96 3 46 3.14289057887e-05 0.846334218979
96 3 47 3.36721668756e-05 0.90528512001
96 3 48 3.24455716621e-05 0.876372814178
96 3 49 3.30617300367e-05 0.891209125519
96 3 50 3.56529935106e-05 0.96063709259
96 3 51 3.73496566132e-05 1.00620698929
96 3 52 3.64563408541e-05 0.980559110641
96 3 53 3.52349205328e-05 0.949044942856
96 3 54 3.38692956461e-05 0.912334918976
96 3 55 3.36501918054e-05 0.907142162323
96 3 56 3.43393544244e-05 0.924435138702
96 3 57 3.25263109127e-05 0.876904010773
96 3 58 3.52699148299e-05 0.951344966888
96 3 59 5.3413988704e-05 1.44176316261
96 3 60 4.00677231665e-05 1.08116292953
96 3 61 3.24167362155e-05 0.874038934708
96 3 62 3.25264020199e-05 0.877061128616
96 3 63 3.32894344024e-05 0.896424055099
96 3 64 3.27916425753e-05 0.883770227432
96 3 65 3.34234167336e-05 0.900012969971
96 3 66 3.3855984876e-05 0.912097930908
96 3 67 3.64776143984e-05 0.986947059631
96 3 68 3.52681473491e-05 0.949865102768
96 3 69 3.1894846519e-05 0.860183000565
96 3 70 5.39090017598e-05 1.455037117
96 3 71 3.23488521988e-05 0.871241092682
96 3 72 3.43011075982e-05 0.922878980637
96 3 73 3.37065963077e-05 0.908077001572
96 3 74 3.17899729562e-05 0.856494903564
96 3 75 3.40053643334e-05 0.916105031967
96 3 76 3.13848736517e-05 0.845816850662
96 3 77 3.5028435047e-05 0.942681074142
96 3 78 5.26038083163e-05 1.4201130867
96 3 79 3.38389751512e-05 0.913058996201
96 3 80 3.44299514801e-05 0.928001880646
96 3 81 3.4179780065e-05 0.921761035919
96 3 82 3.36584643442e-05 0.90917801857
96 3 83 3.31302518042e-05 0.893709182739
96 3 84 3.83892906259e-05 1.03563594818
96 3 85 3.28824400669e-05 0.887149095535
96 3 86 3.42725545841e-05 0.922617912292
96 3 87 4.72376911362e-05 1.27423191071
96 3 88 3.3607234734e-05 0.903972148895
96 3 89 3.33020983111e-05 0.895657062531
96 3 90 3.19626120963e-05 0.860687017441
96 3 91 3.59729439734e-05 0.967459917068
96 3 92 3.4215840317e-05 0.921205997467
96 3 93 3.48633578092e-05 0.938338041306
96 3 94 3.29719802785e-05 0.889066934586
96 3 95 3.62434049746e-05 0.973607063293
