      time tx_packets rx_packets        tx_bytes        rx_bytes  tx_errors tx_dropped rx_frame_errors rx_crc_errors
1483660630          0          0               0               0          0          0          0          0
1483660631          4          0             240               0          0          0          0          0
1483660632          1          0              60               0          0          0          0          0
1483660633          0          0               0               0          0          0          0          0
1483660634          0          0               0               0          0          0          0          0
1483660636          0          0               0               0          0          0          0          0
1483660637          0          0               0               0          0          0          0          0
1483660638          1          0              60               0          0          0          0          0
1483660639          1          0              60               0          0          0          0          0
1483660640          0          0               0               0          0          0          0          0
1483660641          0          0               0               0          0          0          0          0
1483660642          4          0             240               0          0          0          0          0
1483660643          1          0              60               0          0          0          0          0
1483660645          1          0              60               0          0          0          0          0
1483660646          1          0              60               0          0          0          0          0
1483660647          1          0              60               0          0          0          0          0
1483660648          1          0              60               0          0          0          0          0
1483660649          1          0              60               0          0          0          0          0
1483660650          2          0             120               0          0          0          0          0
1483660651          0          0               0               0          0          0          0          0
1483660653          2          0             120               0          0          0          0          0
1483660654          0          0               0               0          0          0          0          0
1483660655          1          0              60               0          0          0          0          0
1483660656          0          0               0               0          0          0          0          0
1483660657          0          0               0               0          0          0          0          0
1483660658          2          0             120               0          0          0          0          0
1483660659          0          0               0               0          0          0          0          0
1483660660          2          0             120               0          0          0          0          0
1483660662          0          0               0               0          0          0          0          0
1483660663          1          0              60               0          0          0          0          0
1483660664          0          0               0               0          0          0          0          0
1483660665          1          0              60               0          0          0          0          0
1483660666          0          0               0               0          0          0          0          0
1483660667          1          0              60               0          0          0          0          0
1483660669          1          0              60               0          0          0          0          0
1483660670          1          0              60               0          0          0          0          0
1483660671          2          0             120               0          0          0          0          0
1483660672          1          0              60               0          0          0          0          0
1483660673          1          0              60               0          0          0          0          0
1483660674          0          0               0               0          0          0          0          0
1483660675          0          0               0               0          0          0          0          0
1483660676          1          0              60               0          0          0          0          0
1483660678          0          0               0               0          0          0          0          0
1483660679          0          0               0               0          0          0          0          0
1483660680          0          0               0               0          0          0          0          0
1483660681          0          0               0               0          0          0          0          0
1483660682          0          0               0               0          0          0          0          0
1483660683          0          0               0               0          0          0          0          0
1483660684          0          0               0               0          0          0          0          0
1483660686          0          0               0               0          0          0          0          0
1483660687          1          0              60               0          0          0          0          0
1483660688          0          0               0               0          0          0          0          0
1483660689          0          0               0               0          0          0          0          0
1483660690          1          0              60               0          0          0          0          0
1483660691          0          0               0               0          0          0          0          0
1483660692          1          0              60               0          0          0          0          0
1483660694          1          0              60               0          0          0          0          0
1483660695          1          0              60               0          0          0          0          0
1483660696          0          0               0               0          0          0          0          0
1483660697          0          0               0               0          0          0          0          0
1483660698          0          0               0               0          0          0          0          0
1483660699          0          0               0               0          0          0          0          0
1483660700          2          0             120               0          0          0          0          0
1483660701          0          0               0               0          0          0          0          0
1483660703          2          0             120               0          0          0          0          0
1483660704          0          0               0               0          0          0          0          0
1483660705          1          0              60               0          0          0          0          0
1483660706          0          0               0               0          0          0          0          0
1483660707          3          0             180               0          0          0          0          0
1483660708          0          0               0               0          0          0          0          0
1483660709          1          0              60               0          0          0          0          0
1483660711          1          0              60               0          0          0          0          0
1483660712          0          0               0               0          0          0          0          0
1483660713          4          0             240               0          0          0          0          0
1483660714          1          0              60               0          0          0          0          0
1483660715          0          0               0               0          0          0          0          0
1483660716          0          0               0               0          0          0          0          0
1483660717          0          0               0               0          0          0          0          0
1483660719          0          0               0               0          0          0          0          0
1483660720          0          0               0               0          0          0          0          0
1483660721          1          0              60               0          0          0          0          0
1483660722          1          0              60               0          0          0          0          0
1483660723          1          0              60               0          0          0          0          0
1483660724          0          0               0               0          0          0          0          0
1483660725          0          0               0               0          0          0          0          0
1483660727          1          0              60               0          0          0          0          0
1483660728          0          0               0               0          0          0          0          0
1483660729          2          0             120               0          0          0          0          0
1483660730          1          0              60               0          0          0          0          0
1483660731          2          0             120               0          0          0          0          0
1483660732          1          0              60               0          0          0          0          0
1483660733          1          0              60               0          0          0          0          0
1483660734          0          0               0               0          0          0          0          0
1483660736          0          0               0               0          0          0          0          0
1483660737          0          0               0               0          0          0          0          0
1483660738          0          0               0               0          0          0          0          0
1483660739          1          0              60               0          0          0          0          0
1483660740          1          0              60               0          0          0          0          0
1483660741          0          0               0               0          0          0          0          0
1483660743          2          0             120               0          0          0          0          0
1483660744          0          0              60               0          0          0          0          0
1483660745          1          0               0               0          0          0          0          0
1483660746          2          0             120               0          0          0          0          0
1483660747          0          0               0               0          0          0          0          0
1483660748          4          0             240               0          0          0          0          0
1483660749          0          0               0               0          0          0          0          0
1483660751          1          0              78               0          0          0          0          0
1483660752          1          0              60               0          0          0          0          0
1483660753          0          0               0               0          0          0          0          0
1483660754          0          0               0               0          0          0          0          0
1483660755          0          0               0               0          0          0          0          0
1483660756          2          0             120               0          0          0          0          0
1483660757          2          0             120               0          0          0          0          0
1483660759          1          0              60               0          0          0          0          0
1483660760          0          0               0               0          0          0          0          0
1483660761          2          0             120               0          0          0          0          0
1483660762          0          0               0               0          0          0          0          0
1483660763          0          0               0               0          0          0          0          0
1483660764          1          0              60               0          0          0          0          0
1483660765          1          0              60               0          0          0          0          0
1483660767          0          0               0               0          0          0          0          0
1483660768          1          0              60               0          0          0          0          0
1483660769          3          0             180               0          0          0          0          0
1483660770          0          0               0               0          0          0          0          0
1483660771          2          0             120               0          0          0          0          0
1483660772          0          0               0               0          0          0          0          0
1483660773          0          0               0               0          0          0          0          0
1483660775          2          0             120               0          0          0          0          0
1483660776          0          0               0               0          0          0          0          0
1483660777          1          0              60               0          0          0          0          0
1483660778          2          0             120               0          0          0          0          0
1483660779          1          0              60               0          0          0          0          0
1483660780          0          0               0               0          0          0          0          0
1483660781          3          0             198               0          0          0          0          0
1483660783          0          0               0               0          0          0          0          0
1483660784          0          0               0               0          0          0          0          0
1483660785          2          0             120               0          0          0          0          0
1483660786          0          0               0               0          0          0          0          0
1483660787          0          0               0               0          0          0          0          0
1483660788          1          0              60               0          0          0          0          0
1483660789          0          0               0               0          0          0          0          0
1483660791          1          0              60               0          0          0          0          0
1483660792          0          0               0               0          0          0          0          0
1483660793          0          0               0               0          0          0          0          0
1483660794          2          0             120               0          0          0          0          0
1483660795          1          0              60               0          0          0          0          0
1483660796          0          0               0               0          0          0          0          0
1483660798          0          0               0               0          0          0          0          0
1483660799          0          0               0               0          0          0          0          0
1483660800          0          0               0               0          0          0          0          0
1483660801          1          0              60               0          0          0          0          0
1483660802          1          0              60               0          0          0          0          0
1483660803          0          0               0               0          0          0          0          0
1483660804          3          0             180               0          0          0          0          0
1483660806          0          0               0               0          0          0          0          0
1483660807          0          0               0               0          0          0          0          0
1483660808          1          0              60               0          0          0          0          0
1483660809          0          0               0               0          0          0          0          0
1483660810          0          0               0               0          0          0          0          0
1483660811          0          0               0               0          0          0          0          0
1483660812          0          0               0               0          0          0          0          0
1483660814          1          0              60               0          0          0          0          0
1483660815          3          0             180               0          0          0          0          0
1483660816          0          0               0               0          0          0          0          0
1483660817          2          0             120               0          0          0          0          0
1483660818          0          0               0               0          0          0          0          0
1483660819          0          0               0               0          0          0          0          0
1483660820          1          0              60               0          0          0          0          0
1483660822          0          0               0               0          0          0          0          0
1483660823          3          0             180               0          0          0          0          0
1483660824          0          0               0               0          0          0          0          0
1483660825          3          0             180               0          0          0          0          0
1483660826          2          0             120               0          0          0          0          0
1483660828          0          0               0               0          0          0          0          0
1483660829          0          0               0               0          0          0          0          0
1483660830          0          0               0               0          0          0          0          0
1483660831          0          0               0               0          0          0          0          0
1483660832          0          0               0               0          0          0          0          0
1483660833          0          0               0               0          0          0          0          0
1483660835          1          0              60               0          0          0          0          0
1483660836          0          0               0               0          0          0          0          0
1483660837          0          0               0               0          0          0          0          0
1483660838          0          0               0               0          0          0          0          0
1483660839          1          0              60               0          0          0          0          0
1483660840          2          0             120               0          0          0          0          0
1483660841          1          0              60               0          0          0          0          0
1483660843          0          0               0               0          0          0          0          0
1483660844          1          0              60               0          0          0          0          0
1483660845          0          0               0               0          0          0          0          0
1483660846          0          0               0               0          0          0          0          0
1483660847          0          0               0               0          0          0          0          0
1483660848          4          0             240               0          0          0          0          0
1483660849          0          0               0               0          0          0          0          0
