 %time 1483662508
 %usr 0.00 0.00 0.00 0.00 0.00 0.00 0.00 0.00 0.00 0.00 0.00 0.00 0.00 0.00 0.00 0.00 0.00
 %sys 0.00 0.00 0.00 0.00 0.00 0.00 0.00 0.00 0.00 0.00 0.00 0.00 0.00 0.00 0.00 0.00 0.00
 %idle 100.00 100.00 100.00 100.00 100.00 100.00 100.00 100.00 100.00 100.00 100.00 100.00 100.00 100.00 100.00 100.00 100.00
 %time 1483662510
 %usr 0.00 0.00 0.00 0.00 0.00 0.00 0.00 0.00 0.00 0.00 0.00 0.00 0.00 0.00 0.00 0.00 0.00
 %sys 0.00 0.00 0.00 0.00 0.00 0.00 0.00 0.00 0.00 0.00 0.00 0.00 0.00 0.00 0.00 0.00 0.00
 %idle 100.00 100.00 100.00 100.00 100.00 100.00 100.00 100.00 100.00 100.00 100.00 100.00 100.00 100.00 100.00 100.00 100.00
 %time 1483662511
 %usr 0.00 0.00 0.00 0.00 0.00 0.00 0.00 0.00 0.00 0.00 0.00 0.00 0.00 0.00 0.00 0.00 0.00
 %sys 0.00 0.00 0.00 0.00 0.00 0.00 0.00 0.00 0.00 0.00 0.00 0.00 0.00 0.00 0.00 0.00 0.00
 %idle 100.00 100.00 100.00 100.00 100.00 100.00 100.00 100.00 100.00 100.00 100.00 100.00 100.00 100.00 100.00 100.00 100.00
 %time 1483662512
 %usr 0.00 0.00 0.00 0.00 0.00 0.00 0.00 0.00 0.00 0.00 0.00 0.00 0.00 0.00 0.00 0.00 0.00
 %sys 0.06 0.00 0.00 0.00 0.00 0.00 0.00 0.00 0.00 0.00 0.99 0.00 0.00 0.00 0.00 0.00 0.99
 %idle 99.94 100.00 100.00 100.00 100.00 100.00 100.00 100.00 100.00 100.00 99.01 100.00 100.00 100.00 100.00 100.00 99.01
 %time 1483662513
 %usr 0.00 0.00 0.00 0.00 0.00 0.00 0.00 0.00 0.00 0.00 0.00 0.00 0.00 0.00 0.00 0.00 0.00
 %sys 0.06 0.00 0.00 0.00 0.00 0.00 0.00 0.00 0.00 0.00 0.00 0.00 0.00 0.00 0.00 0.00 0.00
 %idle 99.63 100.00 100.00 100.00 96.04 100.00 100.00 100.00 100.00 99.00 100.00 100.00 100.00 100.00 100.00 100.00 100.00
 %time 1483662514
 %usr 0.00 0.00 0.00 0.00 0.00 0.00 0.00 0.00 0.00 0.00 0.00 0.00 0.00 0.00 0.00 0.00 0.00
 %sys 0.06 0.00 0.00 0.00 0.00 0.00 0.00 0.00 0.00 0.00 0.00 0.00 0.00 0.00 0.00 0.00 0.00
 %idle 99.94 100.00 100.00 100.00 100.00 100.00 100.00 100.00 100.00 100.00 100.00 100.00 100.00 100.00 100.00 100.00 100.00
 %time 1483662515
 %usr 0.06 0.00 0.00 0.00 0.00 0.00 0.00 0.00 0.99 0.00 0.00 0.00 0.00 0.00 0.00 0.00 0.00
 %sys 0.06 1.00 0.00 0.00 0.00 0.00 0.00 0.00 0.00 0.00 0.00 0.00 0.00 0.00 0.00 0.00 0.00
 %idle 99.88 99.00 100.00 100.00 100.00 100.00 100.00 100.00 99.01 100.00 100.00 100.00 100.00 100.00 100.00 100.00 100.00
 %time 1483662516
 %usr 0.00 0.00 0.00 0.00 0.00 0.00 0.00 0.00 0.00 0.00 0.00 0.00 0.00 0.00 0.00 0.00 0.00
 %sys 0.06 0.00 0.00 0.00 0.00 0.00 0.00 0.00 0.00 0.00 0.00 0.00 0.00 0.00 0.00 0.00 0.00
 %idle 99.94 100.00 100.00 100.00 100.00 100.00 100.00 100.00 100.00 100.00 100.00 100.00 100.00 100.00 100.00 100.00 100.00
 %time 1483662518
 %usr 0.00 0.00 0.00 0.00 0.00 0.00 0.00 0.00 0.00 0.00 0.00 0.00 0.00 0.00 0.00 0.00 0.00
 %sys 0.06 1.00 0.00 0.00 0.00 0.00 0.00 0.00 0.00 0.99 0.00 0.00 0.00 0.00 0.00 0.00 0.00
 %idle 99.69 99.00 100.00 100.00 95.96 100.00 100.00 100.00 100.00 99.01 100.00 100.00 100.00 100.00 100.00 100.00 100.00
 %time 1483662519
 %usr 0.00 0.00 0.00 0.00 0.00 0.00 0.00 0.00 0.00 0.00 0.00 0.00 0.00 0.00 0.00 0.00 0.00
 %sys 0.00 0.00 0.00 0.00 0.00 0.00 0.00 0.00 0.00 0.00 0.00 0.00 0.00 0.00 0.00 0.99 0.00
 %idle 100.00 100.00 100.00 100.00 100.00 100.00 100.00 100.00 100.00 100.00 100.00 100.00 100.00 100.00 100.00 99.01 100.00
 %time 1483662520
 %usr 0.00 0.00 0.00 0.00 0.00 0.00 0.00 0.00 0.00 0.00 0.00 0.00 0.00 0.00 0.00 0.00 0.00
 %sys 0.00 0.00 0.00 0.00 0.00 0.00 0.00 0.00 0.00 0.99 0.00 0.00 0.00 0.00 0.00 0.00 0.00
 %idle 100.00 100.00 100.00 100.00 100.00 100.00 100.00 100.00 100.00 99.01 100.00 100.00 100.00 100.00 100.00 100.00 100.00
 %time 1483662521
 %usr 0.00 0.00 0.00 0.00 0.00 0.00 0.00 0.00 0.00 0.00 0.00 0.00 0.00 0.00 0.00 0.00 0.00
 %sys 0.00 0.00 0.00 0.00 0.00 0.00 0.00 0.00 0.00 0.00 0.00 0.99 0.00 0.00 0.00 0.00 0.00
 %idle 100.00 100.00 100.00 100.00 100.00 100.00 100.00 100.00 100.00 100.00 100.00 99.01 100.00 100.00 100.00 100.00 100.00
 %time 1483662522
 %usr 0.06 0.00 0.00 0.00 0.00 0.00 0.00 0.00 0.00 0.00 0.00 0.00 0.00 0.00 0.00 0.00 0.00
 %sys 0.12 0.00 0.00 0.00 0.00 0.00 0.00 0.00 0.00 1.00 0.00 0.00 0.00 0.00 0.00 0.00 0.00
 %idle 99.81 100.00 100.00 100.00 100.00 100.00 100.00 100.00 100.00 99.00 100.00 100.00 100.00 100.00 100.00 100.00 100.00
 %time 1483662523
 %usr 0.00 0.00 0.00 0.00 0.00 0.00 0.00 0.00 0.00 0.00 0.00 0.00 0.00 0.00 0.00 0.00 0.00
 %sys 0.12 0.00 0.00 0.00 0.00 0.00 0.00 0.00 0.00 0.00 2.00 0.00 0.00 0.00 0.00 0.00 0.00
 %idle 99.69 100.00 100.00 100.00 97.00 100.00 100.00 100.00 100.00 100.00 98.00 100.00 100.00 100.00 100.00 100.00 100.00
 %time 1483662524
 %usr 0.00 0.00 0.00 0.00 0.00 0.00 0.00 0.00 0.00 0.00 0.00 0.00 0.00 0.00 0.00 0.00 0.00
 %sys 0.12 0.00 0.00 0.00 0.00 0.00 0.00 0.00 0.00 2.00 0.99 0.00 0.00 0.00 0.00 0.00 0.00
 %idle 99.88 100.00 100.00 100.00 100.00 100.00 100.00 100.00 100.00 98.00 99.01 100.00 100.00 100.00 100.00 100.00 100.00
 %time 1483662525
 %usr 0.00 0.00 0.00 0.00 0.00 0.00 0.00 0.00 0.00 0.00 0.00 0.00 0.00 0.00 0.00 0.00 0.00
 %sys 0.12 0.00 0.00 0.00 0.00 0.00 0.00 0.99 0.00 1.00 0.00 0.00 0.00 0.00 0.00 0.00 0.00
 %idle 99.88 100.00 100.00 100.00 100.00 100.00 100.00 99.01 100.00 99.00 100.00 100.00 100.00 100.00 100.00 100.00 100.00
 %time 1483662526
 %usr 0.00 0.00 0.00 0.00 0.00 0.00 0.00 0.00 0.00 0.00 0.00 0.00 0.00 0.00 0.00 0.00 0.00
 %sys 0.12 0.00 0.00 0.00 0.00 0.00 0.00 0.00 0.00 1.00 0.00 0.00 0.00 0.00 0.00 0.00 0.00
 %idle 99.88 100.00 100.00 100.00 100.00 100.00 100.00 100.00 100.00 99.00 100.00 100.00 100.00 100.00 100.00 100.00 100.00
 %time 1483662528
 %usr 0.00 0.00 0.00 0.00 0.00 0.00 0.00 0.00 0.00 0.00 0.00 0.00 0.00 0.00 0.00 0.00 0.00
 %sys 0.06 0.00 0.00 0.00 0.00 0.00 0.00 0.00 0.00 0.00 0.00 0.00 0.00 0.00 0.00 0.00 0.00
 %idle 99.94 100.00 100.00 100.00 100.00 100.00 100.00 100.00 100.00 100.00 100.00 100.00 100.00 100.00 100.00 100.00 100.00
 %time 1483662529
 %usr 0.00 0.00 0.00 0.00 0.00 0.00 0.00 0.00 0.00 0.00 0.00 0.00 0.00 0.00 0.00 0.00 0.00
 %sys 0.06 0.00 0.00 0.00 0.00 0.00 0.00 0.00 0.00 0.00 0.00 0.00 0.00 0.00 0.00 0.00 0.00
 %idle 99.94 100.00 100.00 100.00 100.00 100.00 100.00 100.00 100.00 100.00 100.00 100.00 100.00 100.00 100.00 100.00 100.00
 %time 1483662530
 %usr 1.44 3.00 1.96 5.94 1.00 0.00 0.00 0.00 0.00 1.98 9.00 0.00 0.00 0.00 0.00 0.00 0.00
 %sys 0.44 0.00 1.96 0.99 1.00 0.00 0.99 0.00 0.00 1.98 2.00 0.00 0.00 0.00 0.00 0.00 0.00
 %idle 94.25 89.00 95.10 93.07 47.00 100.00 99.01 100.00 100.00 95.05 88.00 100.00 100.00 100.00 100.00 100.00 100.00
 %time 1483662531
 %usr 0.19 1.02 0.00 0.00 1.98 0.00 0.00 0.00 0.00 0.00 0.00 0.00 0.00 0.00 0.00 0.00 0.00
 %sys 0.56 1.02 0.99 0.99 1.98 0.00 0.00 0.00 0.00 3.03 0.99 0.00 0.00 0.00 0.00 0.00 0.00
 %idle 95.81 84.69 98.02 99.01 57.43 100.00 100.00 100.00 100.00 95.96 98.02 100.00 100.00 100.00 100.00 100.00 100.00
 %time 1483662532
 %usr 0.00 0.00 0.00 0.00 0.00 0.00 0.00 0.00 0.00 0.00 0.00 0.00 0.00 0.00 0.00 0.00 0.00
 %sys 0.06 0.00 0.00 0.00 0.00 0.00 0.00 0.00 0.00 0.00 0.00 0.00 0.00 0.00 0.00 0.00 0.00
 %idle 99.94 100.00 100.00 100.00 100.00 100.00 100.00 100.00 100.00 100.00 100.00 100.00 100.00 100.00 100.00 100.00 100.00
 %time 1483662533
 %usr 0.00 0.00 0.00 0.00 0.00 0.00 0.00 0.00 0.00 0.00 0.00 0.00 0.00 0.00 0.00 0.00 0.00
 %sys 0.12 0.00 0.00 0.00 0.00 0.00 0.00 0.00 0.00 0.00 0.00 0.00 1.00 0.00 0.00 0.00 0.00
 %idle 99.88 100.00 100.00 100.00 100.00 100.00 100.00 100.00 100.00 100.00 100.00 100.00 99.00 100.00 100.00 100.00 100.00
 %time 1483662534
 %usr 2.13 0.00 0.00 0.00 0.00 0.00 0.00 0.00 0.00 17.00 16.16 0.00 0.00 0.00 0.00 0.00 0.99
 %sys 1.88 0.00 1.00 1.00 0.00 0.00 0.00 0.00 0.00 13.00 11.11 1.98 2.00 0.00 0.00 0.00 1.98
 %idle 90.11 100.00 99.00 99.00 100.00 100.00 100.00 100.00 100.00 23.00 27.27 96.04 98.00 100.00 100.00 100.00 97.03
 %time 1483662535
 %usr 1.31 0.00 0.00 0.00 0.00 0.00 0.00 0.00 0.00 6.06 14.85 0.00 0.00 0.00 0.00 0.00 0.00
 %sys 0.50 0.00 0.00 0.00 0.00 0.00 0.00 0.00 0.00 3.03 2.97 1.00 0.99 0.00 0.00 0.00 0.00
 %idle 87.33 100.00 100.00 100.00 100.00 100.00 100.00 100.00 100.00 0.00 0.00 99.00 99.01 100.00 100.00 100.00 100.00
 %time 1483662537
 %usr 0.31 0.00 0.00 0.00 0.00 0.00 0.00 0.00 0.00 1.98 2.00 0.00 0.00 0.00 0.00 0.00 0.00
 %sys 0.38 0.00 0.00 0.00 0.00 0.00 0.00 0.00 0.00 1.98 3.00 0.00 0.99 0.00 0.00 0.00 0.00
 %idle 87.38 100.00 100.00 100.00 100.00 100.00 100.00 100.00 100.00 0.00 0.00 100.00 99.01 100.00 100.00 100.00 100.00
 %time 1483662538
 %usr 0.37 0.00 0.00 0.00 0.00 0.00 0.00 0.00 0.00 2.02 3.96 0.00 0.00 0.00 0.00 0.00 0.00
 %sys 0.37 0.00 0.00 0.99 0.00 0.00 0.00 0.00 0.00 2.02 2.97 0.99 0.00 0.00 0.00 0.00 0.00
 %idle 87.38 100.00 100.00 99.01 100.00 100.00 100.00 100.00 100.00 0.00 0.00 99.01 100.00 100.00 100.00 100.00 100.00
 %time 1483662539
 %usr 0.50 0.00 0.00 0.00 0.00 0.00 0.00 0.00 0.00 4.00 4.90 0.00 0.98 0.00 0.00 0.00 0.00
 %sys 0.62 1.00 0.00 0.00 0.00 0.00 0.00 0.00 0.00 3.00 4.90 1.00 0.98 0.00 0.00 0.00 0.00
 %idle 87.38 99.00 100.00 100.00 100.00 100.00 100.00 100.00 100.00 0.00 0.00 99.00 98.04 100.00 100.00 100.00 100.00
 %time 1483662540
 %usr 0.50 0.00 0.00 0.00 0.00 0.00 0.00 0.00 0.00 3.92 4.00 0.00 0.00 0.00 0.00 0.00 0.00
 %sys 0.50 0.99 0.00 0.99 0.00 0.00 0.00 0.00 0.00 3.92 2.00 0.00 0.00 0.99 0.00 0.00 0.00
 %idle 87.43 99.01 100.00 99.01 100.00 100.00 100.00 100.00 100.00 0.98 0.00 100.00 100.00 99.01 100.00 100.00 100.00
 %time 1483662541
 %usr 0.44 0.00 0.00 0.00 0.00 0.00 0.00 0.00 0.00 4.00 4.00 0.00 0.00 0.00 0.00 0.00 0.00
 %sys 0.50 0.00 0.99 0.00 0.00 0.00 0.00 0.00 0.00 3.00 2.00 0.99 0.00 0.00 0.00 0.00 0.00
 %idle 87.38 100.00 99.01 100.00 100.00 100.00 100.00 100.00 100.00 0.00 0.00 99.01 100.00 100.00 100.00 100.00 100.00
 %time 1483662542
 %usr 0.19 0.00 0.00 0.00 0.00 0.00 0.00 0.00 0.00 3.00 0.00 0.00 0.00 0.00 0.00 0.00 0.00
 %sys 0.25 1.00 0.00 0.00 0.00 0.00 0.00 0.00 0.00 1.00 1.00 0.00 0.00 0.99 0.00 0.00 0.00
 %idle 87.38 99.00 100.00 100.00 100.00 100.00 100.00 100.00 100.00 0.00 0.00 100.00 100.00 99.01 100.00 100.00 100.00
 %time 1483662543
 %usr 0.56 0.00 0.00 0.00 0.00 0.00 0.00 0.00 0.00 6.00 3.96 0.00 0.00 0.00 0.00 0.00 0.00
 %sys 0.56 0.00 0.00 0.00 0.00 0.00 0.00 0.99 0.00 4.00 2.97 0.00 1.00 0.00 0.00 0.00 0.00
 %idle 87.38 100.00 100.00 100.00 100.00 100.00 100.00 99.01 100.00 0.00 0.00 100.00 99.00 100.00 100.00 100.00 100.00
 %time 1483662544
 %usr 0.50 0.00 0.00 0.00 0.00 0.00 0.00 0.00 0.00 6.00 2.00 0.00 0.00 0.00 0.00 0.00 0.00
 %sys 0.44 0.00 0.00 0.99 0.00 0.00 0.00 0.00 0.00 4.00 2.00 0.00 0.00 0.00 0.00 0.00 1.00
 %idle 87.44 100.00 100.00 99.01 100.00 100.00 100.00 100.00 100.00 0.00 0.00 100.00 100.00 100.00 100.00 100.00 99.00
 %time 1483662546
 %usr 0.56 0.00 0.00 0.00 0.00 0.00 0.00 0.00 0.00 5.10 3.00 0.00 0.00 0.00 0.00 0.00 0.00
 %sys 0.50 0.00 0.00 0.00 0.00 0.00 0.00 0.00 0.00 3.06 2.00 0.00 0.00 0.00 0.00 0.00 0.00
 %idle 87.38 100.00 100.00 100.00 100.00 100.00 100.00 100.00 100.00 0.00 0.00 100.00 100.00 100.00 100.00 100.00 100.00
 %time 1483662547
 %usr 0.38 1.00 0.00 0.00 0.00 0.00 0.00 0.00 0.00 3.00 4.04 0.00 0.00 0.00 0.00 0.00 0.00
 %sys 0.50 0.00 0.99 0.00 0.00 0.00 0.00 0.00 0.00 1.00 4.04 0.00 0.00 0.00 0.00 0.00 0.00
 %idle 87.43 99.00 99.01 100.00 100.00 100.00 100.00 100.00 100.00 0.00 0.00 100.00 100.00 100.00 100.00 100.00 100.00
 %time 1483662548
 %usr 0.44 0.00 0.00 0.00 0.00 0.00 0.00 0.00 0.00 4.00 4.00 0.00 0.00 0.00 0.00 0.00 0.00
 %sys 0.38 0.00 0.00 0.00 0.00 0.00 0.00 0.00 0.00 2.00 3.00 0.00 0.99 0.00 0.00 0.00 0.00
 %idle 87.49 100.00 100.00 100.00 100.00 100.00 100.00 100.00 100.00 0.00 0.00 100.00 99.01 100.00 100.00 100.00 100.00
 %time 1483662549
 %usr 0.25 0.00 0.00 0.00 0.00 0.00 0.00 0.00 0.00 3.00 0.00 0.00 0.00 0.00 0.00 0.00 0.00
 %sys 0.31 0.00 0.00 0.00 0.00 0.00 0.00 0.00 0.00 3.00 2.00 0.00 0.99 0.99 0.00 0.00 0.00
 %idle 87.44 100.00 100.00 100.00 100.00 100.00 100.00 100.00 100.00 0.00 0.00 100.00 99.01 99.01 100.00 100.00 100.00
 %time 1483662550
 %usr 0.31 0.00 0.00 0.00 0.00 0.00 0.00 0.00 0.00 2.00 3.96 0.00 0.00 0.00 0.00 0.00 0.00
 %sys 0.38 0.99 0.99 0.00 0.00 0.00 0.00 0.00 0.00 2.00 1.98 0.00 0.00 0.00 0.00 0.00 0.99
 %idle 87.44 99.01 99.01 100.00 100.00 100.00 100.00 100.00 100.00 0.00 0.00 100.00 100.00 100.00 100.00 100.00 99.01
 %time 1483662551
 %usr 0.38 0.00 0.00 0.00 0.00 0.00 0.00 0.00 0.00 2.00 3.96 0.00 0.00 0.00 0.00 0.00 0.00
 %sys 0.38 0.00 0.00 0.00 0.00 0.00 0.00 0.00 0.00 2.00 3.96 0.99 1.00 0.00 0.00 0.00 0.00
 %idle 87.49 100.00 100.00 100.00 100.00 100.00 100.00 100.00 100.00 0.00 0.00 99.01 99.00 100.00 100.00 100.00 100.00
 %time 1483662552
 %usr 0.56 0.00 0.00 0.00 0.00 0.00 0.00 0.00 0.00 5.05 2.02 0.00 0.00 0.00 0.00 0.00 0.00
 %sys 0.50 1.00 0.99 0.00 0.00 0.00 0.00 0.00 0.00 4.04 2.02 0.00 0.00 0.00 0.00 0.00 0.00
 %idle 87.37 99.00 99.01 100.00 100.00 100.00 100.00 100.00 100.00 0.00 0.00 100.00 100.00 100.00 100.00 100.00 100.00
 %time 1483662553
 %usr 0.38 0.00 0.00 0.00 0.00 0.00 0.00 0.00 0.00 4.95 1.00 0.00 0.00 0.00 0.00 0.00 0.00
 %sys 0.38 0.00 0.00 0.00 0.00 0.00 0.00 0.00 0.00 2.97 1.00 0.00 0.00 0.00 0.00 0.00 0.00
 %idle 87.38 100.00 100.00 100.00 100.00 100.00 100.00 100.00 100.00 0.00 0.00 100.00 100.00 100.00 100.00 100.00 100.00
 %time 1483662555
 %usr 0.38 0.00 0.00 0.00 0.00 0.00 0.00 0.00 0.00 2.00 4.00 0.00 0.00 0.00 0.00 0.00 0.00
 %sys 0.44 1.00 0.00 0.00 0.00 0.00 0.00 0.00 0.00 2.00 2.00 1.00 0.00 0.00 0.00 0.00 0.00
 %idle 87.38 99.00 100.00 100.00 100.00 100.00 100.00 100.00 100.00 0.00 0.00 99.00 100.00 100.00 100.00 100.00 100.00
 %time 1483662556
 %usr 0.31 0.00 0.00 0.00 0.00 0.00 0.00 0.00 0.00 2.02 2.97 0.00 0.00 0.00 0.00 0.00 0.00
 %sys 0.38 0.00 0.00 0.00 0.00 0.00 0.00 0.00 0.00 2.02 2.97 0.00 0.00 0.00 0.00 0.00 0.99
 %idle 87.43 100.00 100.00 100.00 100.00 100.00 100.00 100.00 100.00 0.00 0.00 100.00 100.00 100.00 100.00 100.00 99.01
 %time 1483662557
 %usr 0.37 0.00 0.00 0.00 0.00 0.00 0.00 0.00 0.00 3.03 1.98 0.00 0.00 0.00 0.00 0.00 0.00
 %sys 0.31 0.00 0.00 0.00 0.00 0.00 0.00 0.00 0.00 2.02 1.98 0.00 0.99 0.00 0.99 0.99 0.00
 %idle 87.32 100.00 100.00 100.00 100.00 100.00 100.00 100.00 100.00 0.00 0.00 100.00 99.01 100.00 99.01 99.01 100.00
 %time 1483662558
 %usr 0.50 0.00 0.00 0.00 0.00 0.00 0.00 0.00 0.00 3.00 4.04 0.00 0.00 0.00 0.00 0.00 0.00
 %sys 0.50 1.00 0.00 0.00 0.00 0.00 0.00 0.00 0.00 3.00 3.03 1.00 0.00 0.00 0.00 0.00 0.00
 %idle 87.38 99.00 100.00 100.00 100.00 100.00 100.00 100.00 100.00 0.00 0.00 99.00 100.00 100.00 100.00 100.00 100.00
 %time 1483662559
 %usr 0.50 0.00 0.00 0.00 0.00 0.00 0.00 0.00 0.00 5.05 4.04 0.00 0.00 0.00 0.00 0.00 0.00
 %sys 0.50 1.00 0.00 0.00 0.99 0.00 0.00 0.00 0.00 2.02 2.02 0.99 0.00 0.99 0.00 0.00 0.00
 %idle 87.43 99.00 100.00 100.00 99.01 100.00 100.00 100.00 100.00 0.00 0.00 99.01 100.00 99.01 100.00 100.00 100.00
 %time 1483662560
 %usr 0.31 0.00 0.00 0.00 0.00 0.00 0.00 0.00 0.00 3.00 2.00 0.00 0.00 0.00 0.00 0.00 0.00
 %sys 0.37 0.00 0.00 0.00 0.00 0.00 0.00 0.00 0.00 2.00 2.00 0.00 0.00 0.00 0.00 0.00 0.99
 %idle 87.34 100.00 100.00 100.00 100.00 100.00 100.00 100.00 100.00 0.00 0.00 100.00 100.00 100.00 100.00 100.00 99.01
 %time 1483662561
 %usr 0.25 0.00 0.00 0.00 0.00 0.00 0.00 0.00 0.00 1.00 2.00 0.00 0.00 0.00 0.00 0.00 0.00
 %sys 0.25 1.00 0.00 0.00 0.00 0.00 0.00 0.00 0.00 1.00 1.00 0.00 0.00 0.00 0.00 0.00 0.00
 %idle 87.38 99.00 100.00 100.00 100.00 100.00 100.00 100.00 100.00 0.00 0.00 100.00 100.00 100.00 100.00 100.00 100.00
 %time 1483662562
 %usr 0.44 0.00 0.00 0.00 0.00 0.00 0.00 0.00 0.00 4.00 3.96 0.00 0.00 0.00 0.00 0.00 0.00
 %sys 0.44 0.00 0.00 0.00 0.00 0.00 0.00 0.00 0.00 3.00 1.98 0.00 0.00 0.00 0.99 0.99 0.00
 %idle 87.44 100.00 100.00 100.00 100.00 100.00 100.00 100.00 100.00 0.00 0.00 100.00 100.00 100.00 99.01 99.01 100.00
 %time 1483662564
 %usr 0.44 0.00 0.00 0.00 0.00 0.00 0.00 0.00 0.00 2.97 2.97 0.00 0.00 0.00 0.00 0.00 0.00
 %sys 0.44 0.00 0.00 0.00 0.00 0.00 0.00 0.00 0.00 3.96 2.97 0.00 0.00 0.00 0.00 0.00 0.00
 %idle 87.38 100.00 100.00 100.00 100.00 100.00 100.00 100.00 100.00 0.00 0.00 100.00 100.00 100.00 100.00 100.00 100.00
 %time 1483662565
 %usr 0.31 0.00 0.00 0.00 0.00 0.00 0.00 0.00 0.00 2.00 4.00 0.00 0.00 0.00 0.00 0.00 0.00
 %sys 0.38 0.99 0.00 0.00 0.00 0.00 0.00 0.00 0.00 1.00 2.00 0.99 0.00 0.00 0.00 0.00 0.00
 %idle 87.43 99.01 100.00 100.00 100.00 100.00 100.00 100.00 100.00 0.00 0.00 99.01 100.00 100.00 100.00 100.00 100.00
 %time 1483662566
 %usr 0.50 0.00 0.00 0.00 0.00 0.00 0.00 0.00 0.00 4.95 2.02 0.00 0.00 0.00 0.00 0.00 0.00
 %sys 0.38 0.00 0.00 0.00 0.00 0.00 0.00 0.00 0.00 2.97 2.02 0.99 0.99 0.00 0.00 0.00 0.00
 %idle 87.44 100.00 100.00 100.00 100.00 100.00 100.00 100.00 100.00 0.00 0.00 99.01 99.01 100.00 100.00 100.00 100.00
 %time 1483662567
 %usr 0.31 0.00 0.00 0.00 0.00 0.00 0.00 0.00 0.00 0.00 5.00 0.00 0.00 0.00 0.00 0.00 0.00
 %sys 0.44 1.00 0.00 0.00 0.00 0.00 0.00 0.00 0.00 1.01 3.00 0.00 0.99 0.00 0.00 0.00 0.00
 %idle 87.38 99.00 100.00 100.00 100.00 100.00 100.00 100.00 100.00 0.00 0.00 100.00 99.01 100.00 100.00 100.00 100.00
 %time 1483662568
 %usr 0.25 0.00 0.00 0.00 0.00 0.00 0.00 0.00 0.00 2.00 2.00 0.00 0.00 0.00 0.00 0.00 0.00
 %sys 0.25 0.00 0.00 0.00 0.00 0.00 0.00 0.00 0.00 1.00 2.00 0.00 0.00 0.99 0.00 0.00 0.00
 %idle 87.25 100.00 100.00 100.00 96.00 100.00 100.00 100.00 100.00 0.00 0.00 100.00 100.00 99.01 100.00 100.00 100.00
 %time 1483662569
 %usr 0.37 0.00 0.00 0.00 0.00 0.00 0.00 0.00 0.00 4.00 1.00 0.00 0.00 0.00 0.00 0.00 0.00
 %sys 0.50 1.00 0.00 0.00 0.00 0.00 0.00 0.00 0.00 4.00 2.00 1.00 0.00 0.00 0.99 0.99 0.00
 %idle 87.27 99.00 100.00 100.00 100.00 100.00 100.00 100.00 100.00 0.00 0.00 99.00 100.00 100.00 99.01 99.01 100.00
 %time 1483662570
 %usr 0.62 0.00 0.00 0.00 0.00 0.00 0.00 0.00 0.00 4.04 5.00 0.00 0.00 0.00 0.00 0.00 0.00
 %sys 0.44 0.00 0.00 0.99 0.00 0.00 0.00 0.00 0.00 2.02 3.00 0.00 0.99 0.00 0.00 0.00 0.00
 %idle 87.38 100.00 100.00 99.01 100.00 100.00 100.00 100.00 100.00 0.00 0.00 100.00 99.01 100.00 100.00 100.00 100.00
 %time 1483662572
 %usr 0.38 0.00 0.00 0.00 0.00 0.00 0.00 0.00 0.00 2.00 4.00 0.00 0.00 0.00 0.00 0.00 0.00
 %sys 0.44 1.00 0.00 0.99 0.00 0.00 0.00 0.00 0.00 3.00 3.00 0.00 0.00 0.00 0.00 0.00 0.99
 %idle 87.31 99.00 100.00 99.01 99.00 100.00 100.00 100.00 100.00 0.00 0.00 100.00 100.00 100.00 100.00 100.00 99.01
 %time 1483662573
 %usr 0.44 0.00 0.00 0.00 0.00 0.00 0.00 0.00 0.00 3.03 4.00 0.00 0.00 0.00 0.00 0.00 0.00
 %sys 0.38 0.00 0.00 0.99 0.00 0.00 0.00 0.00 0.99 2.02 2.00 0.00 0.00 0.99 0.00 0.99 0.00
 %idle 87.44 100.00 100.00 99.01 100.00 100.00 100.00 100.00 99.01 0.00 0.00 100.00 100.00 99.01 100.00 99.01 100.00
 %time 1483662574
 %usr 0.25 0.00 0.00 0.00 0.00 0.00 0.00 0.00 0.00 1.98 2.02 0.00 0.00 0.00 0.00 0.00 0.00
 %sys 0.31 1.00 0.00 0.00 0.00 0.00 0.00 0.00 0.00 1.98 1.01 0.00 0.00 0.00 0.00 0.00 0.00
 %idle 87.33 99.00 100.00 100.00 100.00 100.00 100.00 100.00 100.00 0.00 0.00 100.00 100.00 100.00 100.00 100.00 100.00
 %time 1483662575
 %usr 0.50 0.00 0.00 0.00 0.00 0.00 0.00 0.00 0.00 3.03 5.00 0.00 0.00 0.00 0.00 0.00 0.00
 %sys 0.56 1.00 0.00 0.00 0.00 0.00 0.00 0.00 0.00 2.02 3.00 0.99 1.00 0.00 0.00 0.00 0.00
 %idle 87.26 99.00 100.00 100.00 100.00 100.00 100.00 100.00 100.00 0.00 0.00 99.01 99.00 100.00 100.00 100.00 100.00
 %time 1483662576
 %usr 0.44 0.00 0.00 0.00 0.00 0.00 0.00 0.00 0.00 3.03 3.96 0.00 0.00 0.00 0.00 0.00 0.00
 %sys 0.31 0.00 0.00 0.00 0.00 0.00 0.00 0.00 0.00 2.02 2.97 0.00 0.00 0.00 0.00 0.00 0.00
 %idle 87.49 100.00 100.00 100.00 100.00 100.00 100.00 100.00 100.00 0.00 0.00 100.00 100.00 100.00 100.00 100.00 100.00
 %time 1483662577
 %usr 0.50 0.00 0.00 0.00 0.00 0.00 0.00 0.00 0.00 4.04 4.00 0.00 0.00 0.00 0.00 0.00 0.00
 %sys 0.81 0.99 0.00 0.00 0.00 1.00 0.99 0.00 0.99 3.03 3.00 0.00 0.99 0.00 0.00 1.00 1.00
 %idle 87.12 99.01 100.00 100.00 100.00 99.00 99.01 100.00 99.01 0.00 0.00 100.00 99.01 100.00 100.00 99.00 99.00
 %time 1483662578
 %usr 0.56 0.00 0.00 0.00 0.00 0.00 0.00 0.00 0.00 5.00 4.00 0.00 0.00 0.00 0.00 0.00 0.00
 %sys 0.56 0.00 0.00 0.00 0.00 0.00 0.00 0.00 0.00 3.00 3.00 0.00 0.00 0.00 0.00 0.99 0.00
 %idle 87.38 100.00 100.00 100.00 100.00 100.00 100.00 100.00 100.00 0.00 0.00 100.00 100.00 100.00 100.00 99.01 100.00
 %time 1483662579
 %usr 0.44 0.00 0.00 0.00 0.00 0.00 0.00 0.00 0.00 5.00 2.00 0.00 0.00 0.00 0.00 0.00 0.00
 %sys 0.44 0.00 0.00 0.00 0.00 0.00 0.00 0.00 0.00 4.00 2.00 0.99 1.00 0.00 0.00 0.00 0.00
 %idle 87.37 100.00 100.00 100.00 100.00 100.00 100.00 100.00 100.00 0.00 0.00 99.01 99.00 100.00 100.00 100.00 100.00
 %time 1483662581
 %usr 0.44 0.00 0.00 0.00 0.00 0.00 0.00 0.00 0.00 6.00 1.00 0.00 0.00 0.00 0.00 0.00 0.00
 %sys 0.50 0.00 0.00 1.00 0.00 0.00 0.00 0.00 0.00 4.00 2.00 0.99 0.00 0.00 0.00 0.00 0.00
 %idle 87.38 100.00 100.00 99.00 100.00 100.00 100.00 100.00 100.00 0.00 0.00 99.01 100.00 100.00 100.00 100.00 100.00
 %time 1483662582
 %usr 0.62 0.00 0.00 0.00 0.00 0.00 0.00 0.00 0.00 4.00 4.04 0.00 0.00 0.00 0.00 0.00 0.00
 %sys 0.56 0.00 0.00 0.99 0.00 0.00 0.00 0.00 0.00 4.00 3.03 0.00 0.00 0.00 0.00 1.00 0.00
 %idle 87.32 100.00 100.00 99.01 100.00 100.00 100.00 100.00 100.00 0.00 0.00 100.00 100.00 100.00 100.00 99.00 100.00
 %time 1483662583
 %usr 0.37 0.00 0.00 0.00 0.00 0.00 0.00 0.00 0.00 5.00 1.96 0.00 0.00 0.00 0.00 0.00 0.00
 %sys 0.44 0.00 0.00 0.99 0.00 0.00 0.00 0.00 0.00 3.00 1.96 1.00 0.00 0.00 0.00 0.00 0.99
 %idle 87.38 100.00 100.00 99.01 100.00 100.00 100.00 100.00 100.00 0.00 0.00 99.00 100.00 100.00 100.00 100.00 99.01
 %time 1483662584
 %usr 0.50 0.00 0.00 0.00 0.00 0.00 0.00 0.00 0.00 4.00 4.95 0.00 0.00 0.00 0.00 0.00 0.00
 %sys 0.50 0.00 0.00 1.00 0.00 0.00 0.00 0.00 0.00 2.00 2.97 0.00 0.00 0.00 0.00 0.00 0.00
 %idle 87.38 100.00 100.00 99.00 100.00 100.00 100.00 100.00 100.00 0.00 0.00 100.00 100.00 100.00 100.00 100.00 100.00
 %time 1483662585
 %usr 0.44 0.00 0.00 0.00 0.00 0.00 0.00 0.00 0.00 5.00 2.02 0.00 0.00 0.00 0.00 0.00 0.00
 %sys 0.44 0.99 0.00 0.00 0.00 0.00 0.00 0.00 0.00 3.00 1.01 0.00 0.00 0.00 0.00 0.99 0.99
 %idle 87.32 99.01 100.00 100.00 100.00 100.00 100.00 100.00 100.00 0.00 0.00 100.00 100.00 100.00 100.00 99.01 99.01
 %time 1483662586
 %usr 0.37 0.00 0.00 0.00 0.00 0.00 0.00 0.00 0.00 3.00 2.00 0.00 0.00 0.00 0.00 0.00 0.00
 %sys 0.44 1.00 0.00 0.00 0.00 0.00 0.00 0.00 0.00 2.00 2.00 0.00 0.00 0.00 0.00 0.00 0.00
 %idle 87.27 99.00 100.00 100.00 100.00 100.00 100.00 100.00 100.00 0.00 0.00 100.00 100.00 100.00 100.00 100.00 100.00
 %time 1483662587
 %usr 0.44 0.00 0.00 0.00 0.00 0.00 0.00 0.00 0.00 3.00 3.00 0.00 0.00 0.00 0.00 0.00 0.00
 %sys 0.44 0.00 0.00 0.00 0.00 0.00 0.00 0.00 0.00 2.00 3.00 0.99 0.00 0.00 0.00 0.00 0.00
 %idle 87.32 100.00 100.00 100.00 100.00 100.00 100.00 100.00 100.00 0.00 0.00 99.01 100.00 100.00 100.00 100.00 100.00
 %time 1483662588
 %usr 0.44 0.00 0.00 0.00 0.00 0.00 0.00 0.00 0.00 3.03 4.00 0.00 0.00 0.00 0.00 0.00 0.00
 %sys 0.44 0.00 0.00 0.00 0.00 0.00 0.00 0.00 0.00 1.01 3.00 0.00 0.99 0.00 0.00 0.99 0.00
 %idle 87.38 100.00 100.00 100.00 100.00 100.00 100.00 100.00 100.00 0.00 0.00 100.00 99.01 100.00 100.00 99.01 100.00
 %time 1483662590
 %usr 0.44 0.00 0.00 0.00 0.00 0.00 0.00 0.00 0.00 3.96 3.00 0.00 0.00 0.00 0.00 0.00 0.00
 %sys 0.50 0.00 0.00 0.00 0.00 0.00 0.00 0.00 0.00 2.97 4.00 0.00 0.00 0.00 0.00 0.00 0.00
 %idle 87.38 100.00 100.00 100.00 100.00 100.00 100.00 100.00 100.00 0.00 0.00 100.00 100.00 100.00 100.00 100.00 100.00
 %time 1483662591
 %usr 0.56 0.00 0.00 0.00 0.00 0.00 0.00 0.00 0.00 4.00 4.95 0.00 0.00 0.00 0.00 0.00 0.00
 %sys 0.50 0.00 0.00 0.99 0.00 0.00 0.00 0.00 0.00 3.00 2.97 0.99 0.00 0.99 0.00 0.00 0.99
 %idle 87.38 100.00 100.00 99.01 100.00 100.00 100.00 100.00 100.00 0.00 0.00 99.01 100.00 99.01 100.00 100.00 99.01
 %time 1483662592
 %usr 0.44 0.00 0.00 0.00 0.00 0.00 0.00 0.00 0.00 3.03 4.04 0.00 0.00 0.00 0.00 0.00 0.00
 %sys 0.44 0.00 0.00 0.00 0.00 0.00 0.00 0.00 0.00 2.02 2.02 0.00 1.00 0.00 0.00 0.00 0.00
 %idle 87.33 100.00 100.00 100.00 100.00 100.00 100.00 100.00 100.00 0.00 0.00 100.00 99.00 100.00 100.00 100.00 100.00
 %time 1483662593
 %usr 0.44 0.00 0.00 0.00 0.00 0.00 0.00 0.00 0.00 4.00 3.03 0.00 0.00 0.00 0.00 0.00 0.00
 %sys 0.56 0.00 0.00 0.00 0.00 0.00 0.00 0.00 0.00 3.00 3.03 0.00 0.00 0.00 0.00 0.99 0.99
 %idle 87.33 100.00 100.00 100.00 100.00 100.00 100.00 100.00 100.00 0.00 0.00 100.00 100.00 100.00 100.00 99.01 99.01
 %time 1483662594
 %usr 0.31 0.00 0.00 0.00 0.00 0.00 0.00 0.00 0.00 4.04 0.00 0.00 0.00 0.00 0.00 0.00 0.00
 %sys 0.31 0.00 0.99 0.00 0.00 0.00 0.00 0.00 0.00 3.03 0.99 0.00 0.00 0.00 0.00 0.00 0.00
 %idle 87.38 100.00 99.01 100.00 100.00 100.00 100.00 100.00 100.00 0.00 0.00 100.00 100.00 100.00 100.00 100.00 100.00
 %time 1483662595
 %usr 0.50 0.00 0.00 0.00 0.00 0.00 0.00 0.00 0.00 4.00 2.97 0.00 0.00 0.00 0.00 0.00 0.00
 %sys 0.50 0.99 0.00 0.00 0.00 0.00 0.00 0.00 0.00 4.00 2.97 0.00 0.00 0.00 0.99 0.00 0.00
 %idle 87.33 99.01 100.00 100.00 100.00 100.00 100.00 100.00 100.00 0.00 0.00 100.00 100.00 100.00 99.01 100.00 100.00
 %time 1483662596
 %usr 0.50 0.00 0.00 0.00 0.00 0.00 0.00 0.00 0.00 3.00 4.00 0.00 0.00 0.00 0.00 0.00 0.00
 %sys 0.37 0.00 0.00 0.00 0.00 0.00 0.00 0.00 0.00 2.00 3.00 0.99 0.00 0.00 0.00 0.00 0.00
 %idle 87.38 100.00 100.00 100.00 100.00 100.00 100.00 100.00 100.00 0.00 0.00 99.01 100.00 100.00 100.00 100.00 100.00
 %time 1483662597
 %usr 0.50 0.00 0.00 0.00 0.00 0.00 0.00 0.00 0.00 6.00 3.00 0.00 0.00 0.00 0.00 0.00 0.00
 %sys 0.62 1.00 0.00 0.00 0.00 0.00 0.00 0.00 0.00 4.00 2.00 0.00 0.00 0.99 0.00 0.00 0.00
 %idle 87.32 99.00 100.00 100.00 100.00 100.00 100.00 100.00 100.00 0.00 0.00 100.00 100.00 99.01 100.00 100.00 100.00
 %time 1483662599
 %usr 0.44 0.00 0.00 0.00 0.00 0.00 0.00 0.00 0.00 4.04 3.00 0.00 0.00 0.00 0.00 0.00 0.00
 %sys 0.44 0.00 0.00 0.00 0.00 0.00 0.00 0.00 0.00 2.02 2.00 0.00 0.00 0.00 0.00 0.00 0.99
 %idle 87.32 100.00 100.00 100.00 100.00 100.00 100.00 100.00 100.00 0.00 0.00 100.00 100.00 100.00 100.00 100.00 99.01
 %time 1483662600
 %usr 0.56 0.00 0.00 0.00 0.00 0.00 0.00 0.00 0.00 4.95 3.03 0.00 0.00 0.00 0.00 0.00 0.00
 %sys 0.50 0.00 0.00 0.00 0.00 0.00 0.00 0.00 0.00 3.96 3.03 0.00 0.00 0.00 0.00 0.00 0.00
 %idle 87.38 100.00 100.00 100.00 100.00 100.00 100.00 100.00 100.00 0.00 0.00 100.00 100.00 100.00 100.00 100.00 100.00
 %time 1483662601
 %usr 0.44 0.00 0.00 0.00 0.00 0.00 0.00 0.00 0.00 3.00 4.00 0.00 0.00 0.00 0.00 0.00 0.00
 %sys 0.44 0.00 0.98 0.99 0.00 0.00 0.00 0.00 0.00 2.00 3.00 0.99 0.00 0.00 0.99 0.99 0.00
 %idle 87.37 100.00 98.04 99.01 100.00 100.00 100.00 100.00 100.00 0.00 0.00 99.01 100.00 100.00 99.01 99.01 100.00
 %time 1483662602
 %usr 0.44 0.00 0.00 0.00 0.00 0.00 0.00 0.00 0.00 3.00 3.96 0.00 0.00 0.00 0.00 0.00 0.00
 %sys 0.75 1.01 0.00 0.00 0.00 0.00 0.99 0.00 0.00 4.00 2.97 0.00 0.00 0.00 0.00 0.00 0.00
 %idle 86.37 98.99 100.00 100.00 89.90 100.00 99.01 100.00 100.00 0.00 0.00 97.00 100.00 100.00 100.00 100.00 100.00
 %time 1483662603
 %usr 0.44 0.00 0.00 0.00 0.00 0.00 0.00 0.00 0.00 2.00 4.00 0.00 0.00 0.00 0.00 0.00 0.00
 %sys 0.44 0.99 0.00 0.00 0.00 0.00 0.00 0.00 0.00 2.00 3.00 0.00 0.00 0.00 0.00 0.00 0.00
 %idle 87.32 99.01 100.00 100.00 100.00 100.00 100.00 100.00 100.00 0.00 0.00 100.00 100.00 100.00 100.00 100.00 100.00
 %time 1483662604
 %usr 0.44 0.00 0.00 0.00 0.00 0.00 0.00 0.00 0.00 4.95 2.97 0.00 0.00 0.00 0.00 0.00 0.00
 %sys 0.44 0.00 0.00 0.00 0.00 0.00 0.00 0.99 0.00 2.97 2.97 0.00 0.00 0.00 0.00 0.99 0.99
 %idle 87.38 100.00 100.00 100.00 100.00 100.00 100.00 99.01 100.00 0.00 0.00 100.00 100.00 100.00 100.00 99.01 99.01
 %time 1483662605
 %usr 0.44 0.00 0.00 0.00 0.00 0.00 0.00 0.00 0.00 4.00 3.00 0.00 0.00 0.00 0.00 0.00 0.00
 %sys 0.44 0.00 1.00 0.00 0.00 0.00 0.00 0.00 0.00 3.00 3.00 0.00 0.99 0.00 0.00 0.00 0.00
 %idle 87.44 100.00 99.00 100.00 100.00 100.00 100.00 100.00 100.00 0.00 0.00 100.00 99.01 100.00 100.00 100.00 100.00
 %time 1483662606
 %usr 0.44 0.00 0.00 0.00 0.00 0.00 0.00 0.00 0.00 2.02 4.90 0.00 0.00 0.00 0.00 0.00 0.00
 %sys 0.56 0.99 0.00 0.99 0.00 0.00 0.00 0.00 0.00 2.02 3.92 0.99 1.00 0.00 0.00 1.01 0.00
 %idle 87.31 99.01 100.00 99.01 100.00 100.00 100.00 100.00 100.00 0.00 0.00 99.01 99.00 100.00 100.00 98.99 100.00
 %time 1483662608
 %usr 0.38 0.00 0.00 0.00 0.00 0.00 0.00 0.00 0.00 3.00 4.00 0.00 0.00 0.00 0.00 0.00 0.00
 %sys 0.50 0.99 0.99 0.00 0.00 0.00 0.00 0.00 0.00 2.00 2.00 0.00 0.00 0.99 0.00 1.00 0.00
 %idle 87.31 99.01 99.01 100.00 100.00 100.00 100.00 100.00 100.00 0.00 0.00 100.00 100.00 99.01 100.00 99.00 100.00
 %time 1483662609
 %usr 0.31 0.00 0.00 0.00 0.00 0.00 0.00 0.00 0.00 2.00 4.00 0.00 0.00 0.00 0.00 0.00 0.00
 %sys 0.62 0.99 0.00 0.00 0.00 0.00 0.00 0.00 0.00 2.00 4.00 0.99 0.00 0.00 0.00 1.98 0.00
 %idle 87.26 99.01 100.00 100.00 100.00 100.00 100.00 100.00 100.00 0.00 0.00 99.01 100.00 100.00 100.00 98.02 100.00
 %time 1483662610
 %usr 0.44 0.00 0.00 0.00 0.00 0.00 0.00 0.00 0.00 3.00 3.96 0.00 0.00 0.00 0.00 0.00 0.00
 %sys 0.44 1.00 0.00 0.00 0.99 0.00 0.00 0.00 0.00 2.00 1.98 0.00 0.00 0.00 0.00 1.00 1.00
 %idle 87.31 99.00 100.00 100.00 99.01 100.00 100.00 100.00 100.00 0.00 0.00 100.00 100.00 100.00 100.00 99.00 99.00
 %time 1483662611
 %usr 0.50 0.00 0.00 0.00 0.00 0.00 0.00 0.00 0.00 3.96 3.03 0.00 0.00 0.00 0.00 0.00 0.00
 %sys 0.56 2.00 0.00 0.00 0.00 0.00 0.00 0.00 0.00 2.97 3.03 0.00 0.00 0.00 0.00 0.00 0.00
 %idle 87.26 98.00 100.00 100.00 100.00 100.00 100.00 100.00 100.00 0.00 0.00 100.00 100.00 100.00 100.00 100.00 100.00
 %time 1483662612
 %usr 0.56 0.00 0.00 0.00 0.00 0.00 0.00 0.00 0.00 3.96 5.05 0.00 0.00 0.00 0.00 0.00 0.00
 %sys 0.56 0.00 0.00 0.00 0.00 0.00 0.00 0.99 0.00 2.97 3.03 0.00 0.00 0.00 0.00 0.99 0.00
 %idle 87.32 100.00 100.00 100.00 100.00 100.00 100.00 99.01 100.00 0.00 0.00 100.00 100.00 100.00 100.00 99.01 100.00
 %time 1483662613
 %usr 0.44 0.00 0.00 0.00 0.00 0.00 0.00 0.00 0.00 3.00 2.97 0.00 0.00 0.00 0.00 0.00 0.00
 %sys 0.56 1.00 0.00 0.00 0.00 0.00 0.00 0.00 0.00 4.00 2.97 0.00 0.00 0.00 0.00 0.00 0.00
 %idle 87.26 99.00 100.00 100.00 100.00 100.00 100.00 100.00 100.00 0.00 0.00 100.00 100.00 100.00 100.00 100.00 100.00
 %time 1483662614
 %usr 0.31 0.00 0.00 0.00 0.00 0.00 0.00 0.00 0.00 1.00 5.00 0.00 0.00 0.00 0.00 0.00 0.00
 %sys 0.44 1.00 0.00 0.00 0.00 0.00 0.00 0.00 0.00 1.00 3.00 0.00 0.00 0.00 0.00 0.99 0.00
 %idle 87.38 99.00 100.00 100.00 100.00 100.00 100.00 100.00 100.00 0.00 0.00 100.00 100.00 100.00 100.00 99.01 100.00
 %time 1483662615
 %usr 0.63 0.00 0.00 0.00 0.00 0.00 0.00 0.00 0.00 6.00 4.00 0.00 0.00 0.00 0.00 0.00 0.00
 %sys 0.56 0.00 0.00 0.00 0.00 0.99 0.00 0.00 0.00 4.00 3.00 0.00 0.00 0.00 0.00 0.00 0.00
 %idle 87.43 100.00 100.00 100.00 100.00 99.01 100.00 100.00 100.00 0.00 0.00 100.00 100.00 100.00 100.00 100.00 100.00
 %time 1483662617
 %usr 0.37 0.00 0.00 0.00 0.00 0.00 0.00 0.00 0.00 3.00 3.00 0.00 0.00 0.00 0.00 0.00 0.00
 %sys 0.50 1.00 0.00 0.00 0.00 0.00 0.00 0.00 0.00 2.00 3.00 0.99 0.00 0.00 0.00 0.00 0.00
 %idle 87.27 99.00 100.00 100.00 100.00 100.00 100.00 100.00 100.00 0.00 0.00 99.01 100.00 100.00 100.00 100.00 100.00
 %time 1483662618
 %usr 0.50 0.00 0.00 0.00 0.00 0.00 0.00 0.00 0.00 2.00 6.00 0.00 0.00 0.00 0.00 0.00 0.00
 %sys 0.50 1.00 0.00 0.00 0.00 0.00 0.00 0.00 0.00 3.00 3.00 0.00 0.00 0.00 0.00 1.00 0.00
 %idle 87.38 99.00 100.00 100.00 100.00 100.00 100.00 100.00 100.00 0.00 0.00 100.00 100.00 100.00 100.00 99.00 100.00
 %time 1483662619
 %usr 0.38 0.00 0.00 0.00 0.00 0.00 0.00 0.00 0.00 4.04 1.00 0.00 0.00 0.00 0.00 0.00 0.00
 %sys 0.31 0.00 0.00 0.00 0.00 0.00 0.00 0.00 0.00 3.03 1.00 0.00 0.99 0.00 0.00 0.00 0.00
 %idle 87.44 100.00 100.00 100.00 100.00 100.00 100.00 100.00 100.00 0.00 0.00 100.00 99.01 100.00 100.00 100.00 100.00
 %time 1483662620
 %usr 0.37 0.00 0.00 0.00 0.00 0.00 0.00 0.00 0.00 2.02 4.00 0.00 0.00 0.00 0.00 0.00 0.00
 %sys 0.37 0.00 0.00 0.00 0.00 0.00 0.00 0.99 0.00 1.01 2.00 0.00 0.00 0.00 0.00 0.00 0.00
 %idle 87.38 100.00 100.00 100.00 100.00 100.00 100.00 99.01 100.00 0.00 0.00 100.00 100.00 100.00 100.00 100.00 100.00
 %time 1483662621
 %usr 0.56 0.00 0.00 0.00 0.00 0.00 0.00 0.00 0.00 5.94 3.00 0.00 0.00 0.00 0.00 0.00 0.00
 %sys 0.56 0.00 0.00 0.00 0.00 0.00 0.00 0.00 0.00 3.96 4.00 0.00 0.99 0.00 0.00 0.00 0.00
 %idle 87.43 100.00 100.00 100.00 100.00 100.00 100.00 100.00 100.00 0.00 0.00 100.00 99.01 100.00 100.00 100.00 100.00
 %time 1483662622
 %usr 0.38 0.00 0.00 0.00 0.00 0.00 0.00 0.00 0.00 2.00 4.00 0.00 0.00 0.00 0.00 0.00 0.00
 %sys 0.50 0.00 0.00 0.99 0.00 0.00 0.00 0.99 0.00 4.00 2.00 0.00 0.00 0.00 0.00 0.99 0.00
 %idle 87.38 100.00 100.00 99.01 100.00 100.00 100.00 99.01 100.00 0.00 0.00 100.00 100.00 100.00 100.00 99.01 100.00
 %time 1483662623
 %usr 0.50 0.00 0.00 0.00 0.00 0.00 0.00 0.00 0.00 3.00 6.00 0.00 0.00 0.00 0.00 0.00 0.00
 %sys 0.50 1.00 0.99 0.00 0.00 0.00 0.00 0.00 0.00 2.00 4.00 0.00 0.00 0.00 0.00 0.00 0.00
 %idle 87.38 99.00 99.01 100.00 100.00 100.00 100.00 100.00 100.00 0.00 0.00 100.00 100.00 100.00 100.00 100.00 100.00
 %time 1483662624
 %usr 0.38 0.00 0.00 0.00 0.00 0.00 0.00 0.00 0.00 5.00 2.00 0.00 0.00 0.00 0.00 0.00 0.00
 %sys 0.50 1.00 0.00 0.00 0.00 0.00 0.00 0.00 0.00 3.00 1.00 0.00 0.00 0.00 0.00 1.00 0.00
 %idle 87.38 99.00 100.00 100.00 100.00 100.00 100.00 100.00 100.00 0.00 0.00 100.00 100.00 100.00 100.00 99.00 100.00
 %time 1483662626
 %usr 0.50 0.00 0.00 0.00 0.00 0.00 0.00 0.00 0.00 5.05 2.00 0.00 0.00 0.00 0.00 0.00 0.00
 %sys 0.44 0.99 0.00 0.00 0.00 0.00 0.00 0.00 0.00 3.03 2.00 0.00 0.00 0.00 0.00 0.00 0.00
 %idle 87.32 99.01 100.00 100.00 100.00 100.00 100.00 100.00 100.00 0.00 0.00 100.00 100.00 100.00 100.00 100.00 100.00
 %time 1483662627
 %usr 0.62 0.00 0.00 0.00 0.00 0.00 0.00 0.00 0.00 5.94 4.00 0.00 0.00 0.00 0.00 0.00 0.00
 %sys 0.81 1.00 0.99 0.00 0.00 0.99 1.00 0.99 0.00 3.96 2.00 0.00 0.00 0.00 0.99 0.99 0.99
 %idle 87.06 99.00 99.01 100.00 100.00 99.01 99.00 99.01 100.00 0.00 0.00 100.00 100.00 100.00 99.01 99.01 99.01
 %time 1483662628
 %usr 0.50 0.00 0.00 0.00 0.00 0.00 0.00 0.00 0.00 4.00 4.00 0.00 0.00 0.00 0.00 0.00 0.00
 %sys 0.56 1.00 0.00 0.00 0.00 0.00 0.00 0.00 0.00 3.00 3.00 0.99 0.00 0.00 0.00 0.00 0.00
 %idle 87.32 99.00 100.00 100.00 100.00 100.00 100.00 100.00 100.00 0.00 0.00 99.01 100.00 100.00 100.00 100.00 100.00
 %time 1483662629
 %usr 0.50 0.00 0.00 0.00 0.00 0.00 0.00 0.00 0.00 2.02 6.00 0.00 0.00 0.00 0.00 0.00 0.00
 %sys 0.50 0.99 0.00 0.99 0.99 0.00 0.00 0.00 0.00 2.02 3.00 0.00 0.00 0.00 0.00 0.99 0.00
 %idle 87.38 99.01 100.00 99.01 99.01 100.00 100.00 100.00 100.00 0.00 0.00 100.00 100.00 100.00 100.00 99.01 100.00
 %time 1483662694
 %usr 12.49 0.00 0.00 0.00 0.00 0.00 0.00 0.00 0.00 100.00 100.00 0.00 0.00 0.00 0.00 0.00 0.00
 %sys 0.06 1.00 0.00 0.00 0.00 0.00 0.00 0.00 0.00 0.00 0.00 0.00 0.00 0.00 0.00 0.00 0.00
 %idle 87.45 99.00 100.00 100.00 100.00 100.00 100.00 100.00 100.00 0.00 0.00 100.00 100.00 100.00 100.00 100.00 100.00
 %time 1483662695
 %usr 12.50 0.00 0.00 0.00 0.00 0.00 0.00 0.00 0.00 100.00 100.00 0.00 0.00 0.00 0.00 0.00 0.00
 %sys 0.06 1.00 0.00 0.00 0.00 0.00 0.00 0.00 0.00 0.00 0.00 0.00 0.00 0.00 0.00 0.00 0.00
 %idle 87.44 99.00 100.00 100.00 100.00 100.00 100.00 100.00 100.00 0.00 0.00 100.00 100.00 100.00 100.00 100.00 100.00
 %time 1483662696
 %usr 12.50 0.00 0.00 0.00 0.00 0.00 0.00 0.00 0.00 100.00 100.00 0.00 0.00 0.00 0.00 0.00 0.00
 %sys 0.06 1.00 0.00 0.00 0.00 0.00 0.00 0.00 0.00 0.00 0.00 0.00 0.00 0.00 0.00 0.00 0.00
 %idle 87.44 99.00 100.00 100.00 100.00 100.00 100.00 100.00 100.00 0.00 0.00 100.00 100.00 100.00 100.00 100.00 100.00
 %time 1483662697
 %usr 12.51 0.00 0.00 0.00 0.00 0.00 0.00 0.00 0.00 100.00 100.00 0.00 0.00 0.00 0.00 0.00 0.00
 %sys 0.00 0.00 0.00 0.00 0.00 0.00 0.00 0.00 0.00 0.00 0.00 0.00 0.00 0.00 0.00 0.00 0.00
 %idle 87.49 100.00 100.00 100.00 100.00 100.00 100.00 100.00 100.00 0.00 0.00 100.00 100.00 100.00 100.00 100.00 100.00
 %time 1483662698
 %usr 12.50 0.00 0.00 0.00 0.00 0.00 0.00 0.00 0.00 100.00 100.00 0.00 0.00 0.00 0.00 0.00 0.00
 %sys 0.00 0.00 0.00 0.00 0.99 0.00 0.00 0.00 0.00 0.00 0.00 0.00 0.00 0.00 0.00 0.00 0.00
 %idle 87.25 100.00 100.00 100.00 96.04 100.00 100.00 100.00 100.00 0.00 0.00 100.00 100.00 100.00 100.00 100.00 100.00
 %time 1483662700
 %usr 12.45 0.00 0.00 0.00 0.00 0.00 0.00 0.00 0.00 100.00 100.00 0.00 0.00 0.00 0.00 0.00 0.00
 %sys 0.00 0.00 0.00 0.00 0.00 0.00 0.00 0.00 0.00 0.00 0.00 0.00 0.00 0.00 0.00 0.00 0.00
 %idle 87.55 100.00 100.00 100.00 100.00 100.00 100.00 100.00 100.00 0.00 0.00 100.00 100.00 100.00 100.00 100.00 100.00
 %time 1483662701
 %usr 12.50 0.00 0.00 0.00 0.00 0.00 0.00 0.00 0.00 100.00 100.00 0.00 0.00 0.00 0.00 0.00 0.00
 %sys 0.00 0.00 0.00 0.00 0.00 0.00 0.00 0.00 0.00 0.00 0.00 0.00 0.00 0.99 0.00 0.00 0.00
 %idle 87.50 100.00 100.00 100.00 100.00 100.00 100.00 100.00 100.00 0.00 0.00 100.00 100.00 99.01 100.00 100.00 100.00
 %time 1483662702
 %usr 12.50 0.00 0.00 0.00 0.00 0.00 0.00 0.00 0.00 100.00 100.00 0.00 0.00 0.00 0.00 0.00 0.00
 %sys 0.00 0.00 0.00 0.00 0.00 0.00 0.00 0.00 0.00 0.00 0.00 0.00 0.00 0.00 0.00 0.00 0.00
 %idle 87.50 100.00 100.00 100.00 100.00 100.00 100.00 100.00 100.00 0.00 0.00 100.00 100.00 100.00 100.00 100.00 100.00
 %time 1483662703
 %usr 12.50 0.00 0.00 0.00 0.00 0.00 0.00 0.00 0.00 100.00 100.00 0.00 0.00 0.00 0.00 0.00 0.00
 %sys 0.00 0.00 0.00 0.00 0.00 0.00 0.00 0.00 0.00 0.00 0.00 0.00 0.00 0.00 0.00 0.00 0.00
 %idle 87.50 100.00 100.00 100.00 100.00 100.00 100.00 100.00 100.00 0.00 0.00 100.00 100.00 100.00 100.00 100.00 100.00
 %time 1483662704
 %usr 12.49 0.00 0.00 0.00 0.00 0.00 0.00 0.00 0.00 100.00 100.00 0.00 0.00 0.00 0.00 0.00 0.00
 %sys 0.06 0.00 0.00 0.00 0.00 0.00 0.00 0.00 0.00 0.00 0.00 0.00 0.00 0.00 0.00 0.00 0.00
 %idle 87.26 100.00 100.00 100.00 100.00 100.00 100.00 100.00 100.00 0.00 0.00 100.00 100.00 97.98 100.00 100.00 100.00
 %time 1483662706
 %usr 12.49 0.00 0.00 0.00 0.00 0.00 0.00 0.00 0.00 100.00 100.00 0.00 0.00 0.00 0.00 0.00 0.00
 %sys 0.06 0.00 1.00 0.00 0.00 0.00 0.00 0.00 0.00 0.00 0.00 0.00 0.00 0.00 0.00 0.00 0.00
 %idle 87.45 100.00 99.00 100.00 100.00 100.00 100.00 100.00 100.00 0.00 0.00 100.00 100.00 100.00 100.00 100.00 100.00
 %time 1483662707
 %usr 12.51 0.00 0.00 0.00 0.00 0.00 0.00 0.00 0.00 100.00 100.00 0.00 0.00 0.00 0.00 0.00 0.00
 %sys 0.00 0.00 0.00 0.00 0.00 0.00 0.00 0.00 0.00 0.00 0.00 0.00 0.00 0.00 0.00 0.00 0.00
 %idle 87.49 100.00 100.00 100.00 100.00 100.00 100.00 100.00 100.00 0.00 0.00 100.00 100.00 100.00 100.00 100.00 100.00
 %time 1483662708
 %usr 12.49 0.00 0.00 0.00 0.00 0.00 0.00 0.00 0.00 100.00 100.00 0.00 0.00 0.00 0.00 0.00 0.00
 %sys 0.06 0.00 0.00 0.00 0.00 0.00 0.00 0.00 0.00 0.00 0.00 0.00 0.00 0.00 0.00 0.00 0.00
 %idle 87.45 100.00 100.00 100.00 100.00 100.00 100.00 100.00 100.00 0.00 0.00 100.00 100.00 100.00 100.00 100.00 100.00
 %time 1483662709
 %usr 12.51 0.00 0.00 0.00 0.00 0.00 0.00 0.00 0.00 100.00 100.00 0.00 0.00 0.00 0.00 0.00 0.00
 %sys 0.00 0.00 0.00 0.00 0.00 0.00 0.00 0.00 0.00 0.00 0.00 0.00 0.00 0.00 0.00 0.00 0.00
 %idle 87.49 100.00 100.00 100.00 100.00 100.00 100.00 100.00 100.00 0.00 0.00 100.00 100.00 100.00 100.00 100.00 100.00
 %time 1483662710
 %usr 12.50 0.00 0.00 0.00 0.00 0.00 0.00 0.00 0.00 100.00 100.00 0.00 0.00 0.00 0.00 0.00 0.00
 %sys 0.06 0.00 0.00 0.00 0.00 0.00 0.00 0.00 0.00 0.00 0.00 0.00 0.00 0.00 0.00 0.00 0.00
 %idle 87.44 100.00 100.00 100.00 100.00 100.00 100.00 100.00 100.00 0.00 0.00 100.00 100.00 100.00 100.00 100.00 100.00
 %time 1483662711
 %usr 12.48 0.00 0.00 0.00 0.00 0.00 0.00 0.00 0.00 100.00 100.00 0.00 0.00 0.00 0.00 0.00 0.00
 %sys 0.06 0.99 0.00 0.00 0.00 0.00 0.00 0.00 0.00 0.00 0.00 0.00 0.00 0.00 0.00 0.00 0.00
 %idle 87.45 99.01 100.00 100.00 100.00 100.00 100.00 100.00 100.00 0.00 0.00 100.00 100.00 100.00 100.00 100.00 100.00
 %time 1483662712
 %usr 12.50 0.00 0.00 0.00 0.00 0.00 0.00 0.00 0.00 100.00 100.00 0.00 0.00 0.00 0.00 0.00 0.00
 %sys 0.00 1.00 0.00 0.00 0.00 0.00 0.00 0.00 0.00 0.00 0.00 0.00 0.00 0.00 0.00 0.00 0.00
 %idle 87.50 99.00 100.00 100.00 100.00 100.00 100.00 100.00 100.00 0.00 0.00 100.00 100.00 100.00 100.00 100.00 100.00
 %time 1483662713
 %usr 12.49 0.00 0.00 0.00 0.00 0.00 0.00 0.00 0.00 100.00 100.00 0.00 0.00 0.00 0.00 0.00 0.00
 %sys 0.06 0.00 0.00 0.00 0.00 0.00 0.00 0.00 0.00 0.00 0.00 0.00 0.00 0.00 0.00 0.00 0.00
 %idle 87.45 100.00 100.00 100.00 100.00 100.00 100.00 100.00 100.00 0.00 0.00 100.00 100.00 100.00 100.00 100.00 100.00
 %time 1483662714
 %usr 12.51 0.00 0.00 0.00 0.00 0.00 0.00 0.00 0.00 100.00 100.00 0.00 0.00 0.00 0.00 0.00 0.00
 %sys 0.06 1.00 0.00 0.00 0.00 0.00 0.00 0.00 0.00 0.00 0.00 0.00 0.99 0.00 0.00 0.00 0.00
 %idle 87.43 99.00 100.00 100.00 100.00 100.00 100.00 100.00 100.00 0.00 0.00 100.00 99.01 100.00 100.00 100.00 100.00
 %time 1483662716
 %usr 12.50 0.00 0.00 0.00 0.00 0.00 0.00 0.00 0.00 100.00 100.00 0.00 0.00 0.00 0.00 0.00 0.00
 %sys 0.06 1.00 0.00 0.00 0.00 0.00 0.00 0.00 0.00 0.00 0.00 0.00 0.00 0.00 0.00 0.00 0.00
 %idle 87.44 99.00 100.00 100.00 100.00 100.00 100.00 100.00 100.00 0.00 0.00 100.00 100.00 100.00 100.00 100.00 100.00
 %time 1483662717
 %usr 2.50 3.00 0.00 0.00 0.00 0.00 0.00 0.00 0.00 19.00 18.81 0.00 0.00 0.00 0.00 0.00 0.00
 %sys 0.25 1.00 0.00 0.00 0.00 0.00 0.00 0.00 0.00 1.00 0.99 0.00 0.00 0.00 0.00 0.99 0.00
 %idle 96.50 96.00 100.00 100.00 100.00 100.00 100.00 100.00 100.00 74.00 74.26 100.00 100.00 100.00 100.00 99.01 100.00
 %time 1483662718
 %usr 0.00 0.00 0.00 0.00 0.00 0.00 0.00 0.00 0.00 0.00 0.00 0.00 0.00 0.00 0.00 0.00 0.00
 %sys 0.06 0.99 0.00 0.00 0.00 0.00 0.00 0.00 0.00 0.00 0.00 0.00 0.00 0.00 0.00 0.00 0.00
 %idle 99.94 99.01 100.00 100.00 100.00 100.00 100.00 100.00 100.00 100.00 100.00 100.00 100.00 100.00 100.00 100.00 100.00
 %time 1483662719
 %usr 0.00 0.00 0.00 0.00 0.00 0.00 0.00 0.00 0.00 0.00 0.00 0.00 0.00 0.00 0.00 0.00 0.00
 %sys 0.06 0.00 0.00 0.00 0.00 0.00 0.00 0.00 0.00 0.00 0.99 0.00 0.00 0.00 0.00 0.00 0.00
 %idle 99.94 100.00 100.00 100.00 100.00 100.00 100.00 100.00 100.00 100.00 99.01 100.00 100.00 100.00 100.00 100.00 100.00
 %time 1483662720
 %usr 0.00 0.00 0.00 0.00 0.00 0.00 0.00 0.00 0.00 0.00 0.00 0.00 0.00 0.00 0.00 0.00 0.00
 %sys 0.06 0.00 0.00 0.00 0.00 0.00 0.00 0.00 0.00 0.00 0.00 0.00 0.00 0.00 0.00 0.00 0.00
 %idle 99.94 100.00 100.00 100.00 100.00 100.00 100.00 100.00 100.00 100.00 100.00 100.00 100.00 100.00 100.00 100.00 100.00
 %time 1483662721
 %usr 0.50 5.05 0.98 1.00 0.00 0.00 2.02 0.00 0.00 0.00 0.00 0.00 0.00 0.00 0.00 0.00 0.00
 %sys 0.13 1.01 0.98 0.00 0.00 0.00 0.00 0.00 0.00 0.00 0.00 0.00 0.00 0.00 0.00 0.00 0.00
 %idle 98.94 93.94 98.04 99.00 93.00 100.00 97.98 100.00 100.00 100.00 100.00 100.00 100.00 100.00 100.00 100.00 100.00
 %time 1483662722
 %usr 2.95 5.05 21.00 1.00 0.99 6.00 0.00 0.00 0.00 1.01 13.13 0.00 0.00 0.00 0.00 0.00 0.00
 %sys 3.76 3.03 24.00 2.00 0.99 0.00 1.00 0.00 1.01 3.03 22.22 2.04 0.00 0.00 0.99 0.00 0.00
 %idle 92.73 91.92 54.00 97.00 93.07 94.00 99.00 100.00 98.99 93.94 63.64 97.96 100.00 100.00 99.01 100.00 100.00
