      time tx_packets rx_packets        tx_bytes        rx_bytes  tx_errors tx_dropped rx_frame_errors rx_crc_errors
1483662526          0          0               0               0          0          0          0          0
1483662527          1          0              60               0          0          0          0          0
1483662528          1          0              60               0          0          0          0          0
1483662529          0          0               0               0          0          0          0          0
1483662530          0          0               0               0          0          0          0          0
1483662532          1          0              60               0          0          0          0          0
1483662533          5          0             300               0          0          0          0          0
1483662534          1          0              60               0          0          0          0          0
1483662535          0          0               0               0          0          0          0          0
1483662536          0          0               0               0          0          0          0          0
1483662537          0          0               0               0          0          0          0          0
1483662538          0          0               0               0          0          0          0          0
1483662539          0          0               0               0          0          0          0          0
1483662541          0          0               0               0          0          0          0          0
1483662542          1          0              60               0          0          0          0          0
1483662543          1          0              60               0          0          0          0          0
1483662544          0          0               0               0          0          0          0          0
1483662545          0          0               0               0          0          0          0          0
1483662546          1          0              60               0          0          0          0          0
1483662547          1          0              60               0          0          0          0          0
1483662548          3          0             180               0          0          0          0          0
1483662549          0          0               0               0          0          0          0          0
1483662551          1          0              60               0          0          0          0          0
1483662552          0          0               0               0          0          0          0          0
1483662553          1          0              60               0          0          0          0          0
1483662554          0          0               0               0          0          0          0          0
1483662555          0          0               0               0          0          0          0          0
1483662556          2          0             120               0          0          0          0          0
1483662557          0          0               0               0          0          0          0          0
1483662558          1          0              60               0          0          0          0          0
1483662560          0          0               0               0          0          0          0          0
1483662561          8          0             570               0          0          0          0          0
1483662562          3          0             234               0          0          0          0          0
1483662563          0          0               0               0          0          0          0          0
1483662564          1          0              60               0          0          0          0          0
1483662565          1          0              60               0          0          0          0          0
1483662566          1          0              60               0          0          0          0          0
1483662567          5          0             300               0          0          0          0          0
1483662569          3          0             180               0          0          0          0          0
1483662570          0          0               0               0          0          0          0          0
1483662571          3          0             180               0          0          0          0          0
1483662572          0          0               0               0          0          0          0          0
1483662573          0          0               0               0          0          0          0          0
1483662574          0          0               0               0          0          0          0          0
1483662575          0          0               0               0          0          0          0          0
1483662576          0          0               0               0          0          0          0          0
1483662578          0          0               0               0          0          0          0          0
1483662579          3          0             180               0          0          0          0          0
1483662580          0          0               0               0          0          0          0          0
1483662581          0          0               0               0          0          0          0          0
1483662582          0          0               0               0          0          0          0          0
1483662583          0          0               0               0          0          0          0          0
1483662584          2          0             120               0          0          0          0          0
1483662585          0          0               0               0          0          0          0          0
1483662587          0          0               0               0          0          0          0          0
1483662588          0          0               0               0          0          0          0          0
1483662589          1          0              60               0          0          0          0          0
1483662590          0          0               0               0          0          0          0          0
1483662591          0          0               0               0          0          0          0          0
1483662592          1          0              60               0          0          0          0          0
1483662593          0          0               0               0          0          0          0          0
1483662594          1          0              60               0          0          0          0          0
1483662596          0          0               0               0          0          0          0          0
1483662597          2          0             120               0          0          0          0          0
1483662598          0          0               0               0          0          0          0          0
1483662599          0          0               0               0          0          0          0          0
1483662600          1          0              60               0          0          0          0          0
1483662601          0          0               0               0          0          0          0          0
1483662602          0          0               0               0          0          0          0          0
1483662603          0          0               0               0          0          0          0          0
1483662604          5          0             300               0          0          0          0          0
1483662606          1          0              60               0          0          0          0          0
1483662607          0          0               0               0          0          0          0          0
1483662608          0          0               0               0          0          0          0          0
1483662609          2          0             120               0          0          0          0          0
1483662610          0          0               0               0          0          0          0          0
1483662611          0          0               0               0          0          0          0          0
1483662612          1          0              60               0          0          0          0          0
1483662613          1          0              60               0          0          0          0          0
1483662615          2          0             120               0          0          0          0          0
1483662616          0          0               0               0          0          0          0          0
1483662617          4          0             240               0          0          0          0          0
1483662618          0          0               0               0          0          0          0          0
1483662619          1          0              62               0          0          0          0          0
1483662620          1          0              60               0          0          0          0          0
1483662621          8          0             480               0          0          0          0          0
1483662622          0          0               0               0          0          0          0          0
1483662624          0          0               0               0          0          0          0          0
1483662625          3          0             180               0          0          0          0          0
1483662626          0          0               0               0          0          0          0          0
1483662627          3          0             180               0          0          0          0          0
1483662628          0          0               0               0          0          0          0          0
1483662693         70          0            4344               0          0          0          0          0
1483662694          8          0             480               0          0          0          0          0
1483662695          2          0             156               0          0          0          0          0
1483662696          3          0             198               0          0          0          0          0
1483662698          3          0             216               0          0          0          0          0
1483662699          0          0               0               0          0          0          0          0
1483662700          0          0               0               0          0          0          0          0
1483662701          3          0             180               0          0          0          0          0
1483662702          3          0             180               0          0          0          0          0
1483662703          3          0             180               0          0          0          0          0
1483662704          5          0             300               0          0          0          0          0
1483662705          0          0               0               0          0          0          0          0
1483662707          3          0             180               0          0          0          0          0
1483662708          2          0             120               0          0          0          0          0
1483662709          1          0              60               0          0          0          0          0
1483662710          1          0              60               0          0          0          0          0
1483662711          0          0               0               0          0          0          0          0
1483662712          1          0              60               0          0          0          0          0
1483662713          0          0               0               0          0          0          0          0
1483662714          1          0              60               0          0          0          0          0
1483662715          0          0               0               0          0          0          0          0
1483662717          1          0              60               0          0          0          0          0
1483662718          0          0               0               0          0          0          0          0
1483662719          1          0              60               0          0          0          0          0
1483662720          0          0               0               0          0          0          0          0
1483662721          0          0               0               0          0          0          0          0
1483662722          0          0               0               0          0          0          0          0
1483662723          0          0               0               0          0          0          0          0
1483662724          0          0               0               0          0          0          0          0
1483662726          0          0               0               0          0          0          0          0
1483662727          1          0              60               0          0          0          0          0
