 %time 1481747712
 %usr 0.00 0.00 0.00 0.00 0.00 0.00 0.00 0.00 0.00 0.00 0.00 0.00 0.00 0.00 0.00 0.00 0.00
 %sys 0.06 0.00 0.00 0.00 0.00 0.00 0.00 0.00 0.00 0.00 0.00 0.00 0.00 0.99 0.00 0.00 0.00
 %idle 99.94 100.00 100.00 100.00 100.00 100.00 100.00 100.00 100.00 100.00 100.00 100.00 100.00 99.01 100.00 100.00 100.00
 %time 1481747713
 %usr 0.00 0.00 0.00 0.00 0.00 0.00 0.00 0.00 0.00 0.00 0.00 0.00 0.00 0.00 0.00 0.00 0.00
 %sys 0.06 0.00 0.00 0.00 0.00 0.00 0.00 0.00 0.00 0.00 0.00 0.00 0.00 0.00 0.00 0.00 0.00
 %idle 99.94 100.00 100.00 100.00 100.00 100.00 100.00 100.00 100.00 100.00 100.00 100.00 100.00 100.00 100.00 100.00 100.00
 %time 1481747715
 %usr 0.00 0.00 0.00 0.00 0.00 0.00 0.00 0.00 0.00 0.00 0.00 0.00 0.00 0.00 0.00 0.00 0.00
 %sys 0.06 0.00 0.00 0.00 0.00 0.00 0.00 0.00 0.00 0.00 0.00 0.00 0.00 0.00 0.00 0.00 0.00
 %idle 99.94 100.00 100.00 100.00 100.00 100.00 100.00 100.00 100.00 100.00 100.00 100.00 100.00 100.00 100.00 100.00 100.00
 %time 1481747716
 %usr 0.00 0.00 0.00 0.00 0.00 0.00 0.00 0.00 0.00 0.00 0.00 0.00 0.00 0.00 0.00 0.00 0.00
 %sys 0.00 0.00 0.00 0.00 0.00 0.00 0.00 0.00 0.00 0.00 0.00 0.00 0.00 0.00 0.00 0.00 0.00
 %idle 99.88 100.00 100.00 100.00 97.98 100.00 100.00 100.00 100.00 100.00 100.00 100.00 100.00 100.00 100.00 100.00 100.00
 %time 1481747717
 %usr 0.00 0.00 0.00 0.00 0.00 0.00 0.00 0.00 0.00 0.00 0.00 0.00 0.00 0.00 0.00 0.00 0.00
 %sys 0.00 0.00 0.00 0.00 0.00 0.00 0.00 0.00 0.00 0.99 0.00 0.00 0.00 0.00 0.00 0.00 0.00
 %idle 99.75 100.00 100.00 100.00 100.00 100.00 100.00 100.00 100.00 96.04 100.00 100.00 100.00 100.00 100.00 100.00 100.00
 %time 1481747718
 %usr 0.00 0.00 0.00 0.00 0.00 0.00 0.00 0.00 0.00 0.00 0.00 0.00 0.00 0.00 0.00 0.00 0.00
 %sys 0.00 0.00 0.00 0.00 0.00 0.00 0.00 0.00 0.00 0.00 0.00 0.00 0.00 0.00 0.00 0.00 0.00
 %idle 99.88 100.00 100.00 100.00 100.00 100.00 100.00 100.00 100.00 98.00 100.00 100.00 100.00 100.00 100.00 100.00 100.00
 %time 1481747719
 %usr 0.00 0.00 0.00 0.00 0.00 0.00 0.00 0.00 0.00 0.00 0.00 0.00 0.00 0.00 0.00 0.00 0.00
 %sys 0.06 0.00 0.00 0.00 0.00 0.00 0.00 0.00 0.00 0.00 0.00 0.00 0.00 0.00 0.00 0.99 0.00
 %idle 99.94 100.00 100.00 100.00 100.00 100.00 100.00 100.00 100.00 100.00 100.00 100.00 100.00 100.00 100.00 99.01 100.00
 %time 1481747720
 %usr 0.00 0.00 0.00 0.00 0.00 0.00 0.00 0.00 0.00 0.00 0.00 0.00 0.00 0.00 0.00 0.00 0.00
 %sys 0.06 0.00 0.00 0.00 0.00 0.00 0.00 0.00 0.00 0.00 0.00 0.00 0.99 0.00 0.00 0.00 0.00
 %idle 99.94 100.00 100.00 100.00 100.00 100.00 100.00 100.00 100.00 100.00 100.00 100.00 99.01 100.00 100.00 100.00 100.00
 %time 1481747721
 %usr 0.00 0.00 0.00 0.00 0.00 0.00 0.00 0.00 0.00 0.00 0.00 0.00 0.00 0.00 0.00 0.00 0.00
 %sys 0.06 0.00 0.00 0.00 0.00 0.00 0.00 0.00 0.00 0.00 0.00 0.00 0.00 0.00 0.00 0.00 0.00
 %idle 99.94 100.00 100.00 100.00 100.00 100.00 100.00 100.00 100.00 100.00 100.00 100.00 100.00 100.00 100.00 100.00 100.00
 %time 1481747722
 %usr 0.00 0.00 0.00 0.00 0.00 0.00 0.00 0.00 0.00 0.00 0.00 0.00 0.00 0.00 0.00 0.00 0.00
 %sys 0.00 0.00 0.00 0.00 0.00 0.00 0.00 0.00 0.00 0.00 0.00 0.00 0.00 0.00 0.00 0.00 0.00
 %idle 100.00 100.00 100.00 100.00 100.00 100.00 100.00 100.00 100.00 100.00 100.00 100.00 100.00 100.00 100.00 100.00 100.00
 %time 1481747723
 %usr 0.00 0.00 0.00 0.00 0.00 0.00 0.00 0.00 0.00 0.00 0.00 0.00 0.00 0.00 0.00 0.00 0.00
 %sys 0.00 0.00 0.00 0.00 0.00 0.00 0.00 0.00 0.00 0.00 0.00 0.00 0.00 0.99 0.00 0.00 0.00
 %idle 100.00 100.00 100.00 100.00 100.00 100.00 100.00 100.00 100.00 100.00 100.00 100.00 100.00 99.01 100.00 100.00 100.00
 %time 1481747724
 %usr 0.00 0.00 0.00 0.00 0.00 0.00 0.00 0.00 0.00 0.00 0.00 0.00 0.00 0.00 0.00 0.00 0.00
 %sys 0.00 0.00 0.00 0.00 0.00 0.00 0.00 0.00 0.00 0.00 0.00 0.00 0.00 0.00 0.00 0.00 0.00
 %idle 100.00 100.00 100.00 100.00 100.00 100.00 100.00 100.00 100.00 100.00 100.00 100.00 100.00 100.00 100.00 100.00 100.00
 %time 1481747726
 %usr 0.69 10.00 1.98 0.00 0.00 0.00 0.00 0.00 0.00 0.00 0.00 0.00 0.00 0.00 0.00 0.00 0.00
 %sys 0.12 0.00 0.00 0.00 0.00 0.00 0.00 0.00 0.00 0.00 0.00 0.00 0.00 0.00 0.00 0.00 0.00
 %idle 99.19 90.00 98.02 100.00 100.00 100.00 100.00 100.00 100.00 100.00 100.00 100.00 100.00 100.00 100.00 100.00 100.00
 %time 1481747727
 %usr 0.38 0.00 3.03 0.00 1.01 0.00 0.00 0.00 0.00 0.99 1.00 0.00 0.00 0.00 0.00 0.00 0.00
 %sys 0.31 1.00 1.01 0.00 2.02 0.00 0.00 0.00 0.00 0.99 0.00 0.00 0.00 0.00 0.98 0.00 0.00
 %idle 93.06 89.00 93.94 100.00 42.42 99.00 100.00 100.00 100.00 65.35 99.00 100.00 100.00 100.00 99.02 100.00 100.00
 %time 1481747728
 %usr 0.06 0.00 0.00 0.00 0.00 0.00 0.00 0.00 0.00 0.00 0.00 0.00 0.00 0.00 0.00 0.00 0.00
 %sys 0.25 0.00 0.00 0.00 0.99 0.00 0.00 0.00 0.00 2.00 0.00 0.00 0.00 0.00 0.00 0.00 0.00
 %idle 99.69 100.00 100.00 100.00 99.01 100.00 100.00 100.00 100.00 98.00 100.00 100.00 100.00 100.00 100.00 100.00 100.00
 %time 1481747729
 %usr 1.81 0.00 0.00 0.00 0.00 0.00 0.00 0.00 0.00 14.14 13.86 1.00 0.00 0.00 0.00 0.00 0.99
 %sys 1.63 1.00 0.00 0.00 0.00 0.00 0.00 0.00 0.00 11.11 8.91 2.00 0.99 0.00 0.00 0.00 1.98
 %idle 95.56 99.00 100.00 100.00 100.00 100.00 100.00 100.00 100.00 66.67 69.31 97.00 99.01 100.00 100.00 100.00 97.03
 %time 1481747730
 %usr 4.44 0.00 0.00 0.00 0.00 0.00 0.00 0.00 0.00 25.00 45.00 0.00 0.99 0.00 0.00 0.00 0.00
 %sys 3.25 3.00 2.00 1.01 1.00 1.00 0.00 0.00 0.00 15.00 24.00 2.00 1.98 1.00 0.00 0.00 1.00
 %idle 86.62 97.00 98.00 98.99 99.00 99.00 100.00 100.00 100.00 0.00 0.00 98.00 97.03 99.00 100.00 100.00 99.00
 %time 1481747731
 %usr 1.50 0.00 0.00 0.00 0.00 0.00 0.00 0.00 0.00 14.85 9.90 0.00 0.00 0.00 0.00 0.00 0.00
 %sys 1.56 1.00 0.00 1.00 0.00 0.00 0.00 0.00 0.00 10.89 6.93 1.00 2.00 2.00 0.00 0.00 0.00
 %idle 87.06 99.00 100.00 99.00 100.00 100.00 100.00 100.00 100.00 0.00 0.00 99.00 98.00 98.00 100.00 100.00 100.00
 %time 1481747732
 %usr 1.88 0.00 0.00 0.00 0.00 0.00 0.00 0.00 0.00 22.00 9.00 0.00 0.00 0.00 0.00 0.00 0.00
 %sys 1.75 0.99 1.00 0.99 0.00 0.00 0.00 1.00 0.99 14.00 7.00 0.00 1.01 0.00 1.00 0.00 0.00
 %idle 86.99 99.01 99.00 99.01 97.98 100.00 100.00 99.00 99.01 0.00 0.00 100.00 98.99 100.00 99.00 100.00 100.00
 %time 1481747733
 %usr 1.69 0.00 0.00 0.00 0.00 0.00 0.00 0.00 0.00 22.77 4.00 0.00 0.00 0.00 0.00 0.00 0.00
 %sys 1.56 1.00 1.00 0.99 0.00 0.00 0.00 0.00 0.00 14.85 5.00 1.00 0.99 0.00 0.99 0.00 0.00
 %idle 87.07 99.00 99.00 99.01 100.00 100.00 100.00 100.00 100.00 0.00 0.00 99.00 99.01 100.00 99.01 100.00 100.00
 %time 1481747735
 %usr 2.38 0.00 0.00 0.00 0.00 0.00 0.00 0.00 0.00 21.21 17.17 0.00 0.00 0.00 0.00 0.00 0.00
 %sys 2.25 1.98 2.00 1.01 0.99 0.00 0.00 0.00 0.00 15.15 10.10 0.99 1.00 0.99 0.00 0.00 0.00
 %idle 86.94 98.02 98.00 98.99 99.01 100.00 100.00 100.00 100.00 0.00 0.00 99.01 99.00 99.01 100.00 100.00 100.00
 %time 1481747736
 %usr 2.62 0.00 0.00 0.00 0.00 0.00 0.00 0.00 0.00 28.71 13.00 0.00 0.00 0.00 0.00 0.00 0.00
 %sys 2.44 2.00 1.00 1.00 0.00 0.99 0.00 0.99 0.00 18.81 11.00 1.00 1.00 1.00 0.00 0.00 1.00
 %idle 86.88 98.00 99.00 99.00 100.00 99.01 100.00 99.01 100.00 0.00 0.00 99.00 99.00 99.00 100.00 100.00 99.00
 %time 1481747737
 %usr 2.32 0.00 0.00 0.00 0.00 0.00 0.00 0.00 0.00 27.72 10.10 0.00 0.00 0.00 0.00 0.00 0.00
 %sys 2.32 1.98 1.98 1.00 1.00 1.00 0.00 0.00 1.00 17.82 9.09 1.00 1.00 0.00 0.00 1.00 0.00
 %idle 86.92 98.02 98.02 99.00 99.00 99.00 100.00 100.00 99.00 0.00 0.00 99.00 99.00 100.00 100.00 99.00 100.00
 %time 1481747738
 %usr 2.19 0.00 0.00 0.00 0.00 0.00 0.00 0.00 0.00 21.00 14.85 0.00 0.00 0.00 0.00 0.00 0.00
 %sys 2.19 2.00 1.01 0.00 0.00 1.00 0.00 0.99 0.00 16.00 9.90 1.00 1.00 0.00 0.00 0.99 0.00
 %idle 86.93 98.00 98.99 100.00 100.00 99.00 100.00 99.01 100.00 0.00 0.00 99.00 99.00 100.00 100.00 99.01 100.00
 %time 1481747740
 %usr 2.19 0.00 0.00 0.00 0.00 0.00 0.00 0.00 0.00 23.00 12.87 0.00 0.00 0.00 0.00 0.00 0.00
 %sys 2.19 2.00 2.00 1.00 0.00 0.00 0.00 0.00 1.00 16.00 9.90 0.00 1.00 1.98 0.00 0.00 0.00
 %idle 86.88 98.00 98.00 99.00 100.00 100.00 100.00 100.00 99.00 0.00 0.00 100.00 99.00 98.02 100.00 100.00 100.00
 %time 1481747741
 %usr 2.00 0.00 0.00 0.00 0.00 0.00 0.00 0.00 0.00 25.25 7.00 0.00 0.00 0.00 0.00 0.00 0.00
 %sys 2.00 2.00 1.01 1.00 0.00 0.00 0.00 0.00 0.00 18.18 5.00 1.00 1.00 1.00 0.00 0.00 1.00
 %idle 86.95 98.00 98.99 99.00 100.00 100.00 100.00 100.00 100.00 0.00 0.00 99.00 99.00 99.00 100.00 100.00 99.00
 %time 1481747742
 %usr 1.88 0.00 0.00 0.00 0.00 0.00 0.00 0.00 0.00 21.00 8.08 0.00 0.00 0.00 0.00 0.00 0.00
 %sys 1.69 1.00 0.00 0.00 0.00 0.99 0.00 1.00 0.00 14.00 7.07 1.00 1.00 1.00 1.00 0.00 0.00
 %idle 87.12 99.00 100.00 100.00 100.00 99.01 100.00 99.00 100.00 0.00 0.00 99.00 99.00 99.00 99.00 100.00 100.00
 %time 1481747744
 %usr 1.56 0.00 0.00 0.00 0.00 0.00 0.00 0.00 0.00 21.00 4.04 0.00 0.00 0.00 0.00 0.00 0.00
 %sys 1.38 1.00 1.00 0.00 0.00 0.00 0.00 0.00 0.00 14.00 2.02 0.00 1.00 1.00 0.00 0.00 0.00
 %idle 87.18 99.00 99.00 100.00 100.00 100.00 100.00 100.00 100.00 0.00 0.00 100.00 99.00 99.00 100.00 100.00 100.00
 %time 1481747745
 %usr 1.44 0.00 0.00 0.00 0.00 0.00 0.00 0.00 0.00 20.00 2.97 0.00 0.00 0.00 0.00 0.00 0.00
 %sys 1.25 1.98 1.00 0.00 0.00 0.00 0.00 0.00 0.00 14.00 2.97 0.00 0.00 0.00 0.00 0.00 0.00
 %idle 87.30 98.02 99.00 100.00 100.00 100.00 100.00 100.00 100.00 0.00 0.00 100.00 100.00 100.00 100.00 100.00 100.00
 %time 1481747746
 %usr 1.38 0.00 0.00 0.00 0.00 0.00 0.00 0.00 0.00 15.15 6.00 0.00 0.00 0.00 0.00 0.00 0.00
 %sys 1.44 1.00 1.00 1.00 0.00 0.99 0.99 0.00 0.00 9.09 6.00 1.98 1.00 0.00 0.00 0.00 1.00
 %idle 87.00 99.00 99.00 99.00 100.00 99.01 99.01 100.00 100.00 0.00 0.00 98.02 99.00 100.00 100.00 100.00 99.00
 %time 1481747747
 %usr 1.56 0.00 0.00 0.00 0.00 0.00 0.00 0.00 0.00 2.00 23.23 0.00 0.00 0.00 0.00 0.00 0.00
 %sys 1.44 0.99 0.00 1.00 0.99 1.00 0.00 0.00 0.00 1.00 15.15 1.00 0.00 0.00 0.00 0.99 0.00
 %idle 87.19 99.01 100.00 99.00 99.01 99.00 100.00 100.00 100.00 0.00 0.00 99.00 100.00 100.00 100.00 99.01 100.00
 %time 1481747748
 %usr 1.44 0.00 0.00 0.00 0.00 0.00 0.00 0.00 0.00 1.00 22.00 0.00 0.00 0.00 0.00 0.00 0.00
 %sys 1.25 1.00 0.00 0.00 0.00 1.00 0.00 0.00 0.00 1.00 14.00 1.00 1.00 0.00 0.00 0.00 0.99
 %idle 87.23 99.00 100.00 100.00 100.00 99.00 100.00 100.00 100.00 0.00 0.00 99.00 99.00 100.00 100.00 100.00 99.01
 %time 1481747749
 %usr 1.44 0.00 0.00 0.00 0.00 0.00 0.00 0.00 0.00 2.00 21.00 0.00 0.00 0.00 0.00 0.00 0.00
 %sys 1.25 0.00 0.99 0.00 0.00 1.00 0.00 0.00 0.99 3.00 12.00 1.00 1.00 0.00 1.00 0.00 0.00
 %idle 87.18 100.00 99.01 100.00 100.00 99.00 100.00 100.00 99.01 0.00 0.00 99.00 99.00 100.00 99.00 100.00 100.00
 %time 1481747750
 %usr 1.56 0.00 0.00 0.00 0.00 0.00 0.00 0.00 0.00 6.93 17.82 0.00 0.00 0.00 0.00 0.00 0.00
 %sys 1.44 0.00 0.00 0.00 0.00 0.00 0.00 0.00 0.00 5.94 11.88 1.98 0.99 0.00 0.99 0.00 0.99
 %idle 87.13 100.00 100.00 100.00 100.00 100.00 100.00 100.00 100.00 0.00 0.00 98.02 99.01 100.00 99.01 100.00 99.01
 %time 1481747751
 %usr 1.38 0.00 0.00 0.00 0.00 0.00 0.00 0.00 0.00 9.00 14.00 0.00 0.00 0.00 0.00 0.00 0.00
 %sys 1.25 0.00 0.00 0.00 0.00 0.00 0.00 0.00 0.00 7.00 9.00 1.00 1.00 0.99 0.00 0.00 0.00
 %idle 87.25 100.00 100.00 100.00 100.00 100.00 100.00 100.00 100.00 0.00 0.00 99.00 99.00 99.01 100.00 100.00 100.00
 %time 1481747753
 %usr 1.25 0.00 0.00 0.00 0.00 0.00 0.00 0.00 0.00 5.00 16.00 0.00 0.00 0.00 0.00 0.00 0.00
 %sys 1.12 0.00 0.00 0.00 0.00 0.00 0.00 0.00 0.00 3.00 10.00 1.00 1.01 0.00 1.00 0.00 0.00
 %idle 87.25 100.00 100.00 100.00 100.00 100.00 100.00 100.00 100.00 0.00 0.00 99.00 98.99 100.00 99.00 100.00 100.00
 %time 1481747754
 %usr 1.00 0.00 0.00 0.00 0.00 0.00 0.00 0.00 0.00 4.00 12.12 0.00 0.00 0.00 0.00 0.00 0.00
 %sys 1.00 0.00 0.00 0.00 0.00 0.00 0.00 1.00 1.00 3.00 9.09 2.00 1.01 0.00 0.00 0.00 0.00
 %idle 87.25 100.00 100.00 100.00 100.00 100.00 100.00 99.00 99.00 0.00 0.00 98.00 98.99 100.00 100.00 100.00 100.00
 %time 1481747755
 %usr 1.50 0.00 0.00 0.00 0.00 0.00 0.00 0.00 0.00 5.94 18.81 0.00 0.00 0.00 0.00 0.00 0.00
 %sys 1.44 0.00 0.00 1.00 0.00 0.00 0.00 0.00 0.00 5.94 12.87 1.00 1.00 0.00 0.00 0.00 0.99
 %idle 87.20 100.00 100.00 99.00 100.00 100.00 100.00 100.00 100.00 0.00 0.00 99.00 99.00 100.00 100.00 100.00 99.01
 %time 1481747756
 %usr 1.25 0.00 0.00 0.00 0.00 0.00 0.00 0.00 0.00 1.98 17.82 0.00 0.00 0.00 0.00 0.00 0.00
 %sys 1.06 0.99 0.00 0.00 0.00 0.00 0.00 0.00 0.00 2.97 10.89 0.99 0.99 0.99 1.00 0.00 0.00
 %idle 87.25 99.01 100.00 100.00 100.00 100.00 100.00 100.00 100.00 0.00 0.00 99.01 99.01 99.01 99.00 100.00 100.00
 %time 1481747757
 %usr 1.50 0.00 0.00 0.00 0.00 0.00 0.00 0.00 0.00 3.00 21.00 0.00 0.00 0.00 0.00 0.00 0.00
 %sys 1.31 0.99 0.00 0.00 0.99 0.00 0.00 0.00 0.99 3.00 14.00 0.00 0.00 0.00 1.00 0.00 0.00
 %idle 87.20 99.01 100.00 100.00 99.01 100.00 100.00 100.00 99.01 0.00 0.00 100.00 100.00 100.00 99.00 100.00 100.00
 %time 1481747758
 %usr 1.31 0.00 0.00 0.00 0.00 0.00 0.00 0.00 0.00 2.97 19.80 0.00 0.00 0.00 0.00 0.00 0.00
 %sys 1.31 1.01 1.01 0.00 0.00 0.00 0.00 0.99 0.00 2.97 12.87 1.00 1.00 1.00 0.00 0.00 0.99
 %idle 87.23 98.99 98.99 100.00 100.00 100.00 100.00 99.01 100.00 0.00 0.00 99.00 99.00 99.00 100.00 100.00 99.01
 %time 1481747759
 %usr 1.50 0.00 0.00 0.00 0.00 0.00 0.00 0.00 0.00 6.00 18.00 0.00 0.00 0.00 0.00 0.00 0.00
 %sys 1.38 1.98 1.00 0.00 1.00 0.00 0.00 0.00 1.00 5.00 12.00 0.00 0.99 0.00 0.00 0.00 0.00
 %idle 87.18 98.02 99.00 100.00 99.00 100.00 100.00 100.00 99.00 0.00 0.00 100.00 99.01 100.00 100.00 100.00 100.00
 %time 1481747760
 %usr 1.56 0.00 0.00 0.00 0.00 0.00 0.00 0.00 0.00 5.05 19.19 0.00 0.00 0.00 0.00 0.00 0.00
 %sys 1.50 1.00 1.00 0.00 0.00 0.00 0.00 0.00 0.00 6.06 12.12 0.99 0.99 0.99 1.00 0.00 0.00
 %idle 87.12 99.00 99.00 100.00 100.00 100.00 100.00 100.00 100.00 0.00 0.00 99.01 99.01 99.01 99.00 100.00 100.00
 %time 1481747762
 %usr 1.56 0.00 0.00 0.00 0.00 0.00 0.00 0.00 0.00 10.89 15.00 0.00 0.00 0.00 0.00 0.00 0.00
 %sys 1.44 1.00 1.00 1.00 0.00 0.00 0.00 0.00 0.00 8.91 9.00 1.00 0.00 0.00 1.00 0.00 0.99
 %idle 87.18 99.00 99.00 99.00 100.00 100.00 100.00 100.00 100.00 0.00 0.00 99.00 100.00 100.00 99.00 100.00 99.01
 %time 1481747763
 %usr 1.50 0.00 0.00 0.00 0.00 0.00 0.00 0.00 0.00 10.89 13.00 0.00 0.00 0.00 0.00 0.00 0.00
 %sys 1.38 0.00 0.99 0.00 0.00 0.00 0.00 0.99 0.00 7.92 10.00 1.00 0.00 1.00 0.00 0.00 0.00
 %idle 87.19 100.00 99.01 100.00 100.00 100.00 100.00 99.01 100.00 0.00 0.00 99.00 100.00 99.00 100.00 100.00 100.00
 %time 1481747764
 %usr 1.25 0.00 0.00 0.00 0.00 0.00 0.00 0.00 0.00 7.00 13.13 0.00 0.00 0.00 0.00 0.00 0.00
 %sys 1.12 0.00 0.00 1.00 0.00 0.00 0.00 0.00 0.00 5.00 8.08 0.00 1.00 1.00 0.00 0.00 0.00
 %idle 87.20 100.00 100.00 99.00 100.00 100.00 100.00 100.00 100.00 0.00 0.00 100.00 99.00 99.00 100.00 100.00 100.00
 %time 1481747765
 %usr 1.00 0.00 0.00 0.00 0.00 0.00 0.00 0.00 0.00 2.97 12.12 0.00 0.00 0.00 0.00 0.00 0.00
 %sys 1.00 0.00 0.00 0.00 0.00 0.00 0.99 0.00 0.99 3.96 9.09 1.00 1.00 0.00 0.00 0.00 0.00
 %idle 87.26 100.00 100.00 100.00 100.00 100.00 99.01 100.00 99.01 0.00 0.00 99.00 99.00 100.00 100.00 100.00 100.00
 %time 1481747766
 %usr 1.25 0.00 0.00 0.00 0.00 0.00 0.00 0.00 0.00 1.98 18.18 0.00 0.00 0.00 0.00 0.00 0.00
 %sys 1.12 0.00 0.99 0.00 0.00 0.99 0.00 0.00 0.00 1.98 11.11 0.99 1.00 0.00 0.00 0.00 0.00
 %idle 87.20 100.00 99.01 100.00 100.00 99.01 100.00 100.00 100.00 0.00 0.00 99.01 99.00 100.00 100.00 100.00 100.00
 %time 1481747767
 %usr 1.12 0.00 0.00 0.00 0.00 0.00 0.00 0.00 0.00 1.00 17.35 0.00 0.00 0.00 0.00 0.00 0.00
 %sys 1.06 0.00 0.00 0.00 0.00 0.00 0.00 0.00 1.00 1.00 11.22 0.00 0.99 0.00 0.00 0.00 0.00
 %idle 87.25 100.00 100.00 100.00 100.00 100.00 100.00 100.00 99.00 0.00 0.00 100.00 99.01 100.00 100.00 100.00 100.00
 %time 1481747768
 %usr 1.31 0.00 0.00 0.00 0.00 0.00 0.00 0.00 0.00 0.00 20.00 0.00 0.00 0.00 0.00 0.00 0.00
 %sys 1.25 1.01 2.00 1.00 0.99 0.00 0.00 0.00 0.00 0.99 13.00 0.00 0.99 0.00 0.00 0.00 0.00
 %idle 87.07 98.99 98.00 99.00 99.01 100.00 100.00 100.00 100.00 0.00 0.00 100.00 99.01 100.00 100.00 100.00 100.00
 %time 1481747769
 %usr 1.31 0.00 0.00 0.00 0.00 0.00 0.00 0.00 0.00 0.00 21.00 0.00 0.00 0.00 0.00 0.00 0.00
 %sys 1.19 0.00 1.00 0.99 0.00 0.00 0.00 0.00 0.00 1.00 13.00 1.00 0.00 0.00 0.00 0.00 0.00
 %idle 87.19 100.00 99.00 99.01 100.00 100.00 100.00 100.00 100.00 0.00 0.00 99.00 100.00 100.00 100.00 100.00 100.00
 %time 1481747771
 %usr 1.31 0.00 0.00 0.00 0.00 0.00 0.00 0.00 0.00 0.00 21.00 0.00 0.00 0.00 0.00 0.00 0.00
 %sys 1.56 1.00 1.00 1.01 0.00 0.99 0.99 0.00 1.00 2.00 14.00 1.00 1.00 0.00 0.99 0.99 0.99
 %idle 86.89 99.00 99.00 98.99 100.00 99.01 99.01 100.00 99.00 0.00 0.00 99.00 99.00 100.00 99.01 99.01 99.01
 %time 1481747772
 %usr 1.06 0.00 0.00 0.00 0.00 0.00 0.00 0.00 0.00 1.00 15.84 0.00 0.00 0.00 0.00 0.00 0.00
 %sys 0.94 0.00 0.99 0.00 0.00 0.00 0.00 0.00 0.00 3.00 9.90 0.00 0.00 0.00 0.00 0.00 0.00
 %idle 87.31 100.00 99.01 100.00 100.00 100.00 100.00 100.00 100.00 0.00 0.00 100.00 100.00 100.00 100.00 100.00 100.00
 %time 1481747773
 %usr 0.75 0.00 0.00 0.00 0.00 0.00 0.00 0.00 0.00 0.00 10.89 0.00 0.00 0.00 0.00 0.00 0.00
 %sys 0.62 0.00 0.00 0.00 0.00 0.00 0.00 0.00 0.00 1.01 7.92 0.00 0.99 0.00 0.00 0.00 0.00
 %idle 87.31 100.00 100.00 100.00 100.00 100.00 100.00 100.00 100.00 0.00 0.00 100.00 99.01 100.00 100.00 100.00 100.00
 %time 1481747774
 %usr 1.06 0.00 0.00 0.00 0.00 0.00 0.00 0.00 0.00 0.00 17.17 0.00 0.00 0.00 0.00 0.00 0.00
 %sys 0.88 0.99 0.00 0.00 0.00 0.00 0.00 0.00 0.00 1.00 10.10 0.00 0.00 1.00 1.00 0.00 0.99
 %idle 87.37 99.01 100.00 100.00 100.00 100.00 100.00 100.00 100.00 0.00 0.00 100.00 100.00 99.00 99.00 100.00 99.01
 %time 1481747775
 %usr 1.06 0.00 0.00 0.00 0.00 0.00 0.00 0.00 0.00 0.00 15.84 0.99 0.00 0.00 0.00 0.00 0.00
 %sys 0.81 0.99 1.00 0.00 0.00 0.00 0.00 0.99 0.00 0.00 9.90 0.00 0.00 0.00 0.00 0.00 0.00
 %idle 87.26 99.01 99.00 100.00 100.00 100.00 100.00 99.01 100.00 0.00 0.00 99.01 100.00 100.00 100.00 100.00 100.00
 %time 1481747776
 %usr 1.13 0.00 0.00 0.00 0.00 0.00 0.00 0.00 0.00 0.00 18.37 0.00 0.00 0.00 0.00 0.00 0.00
 %sys 1.00 0.00 0.00 0.00 0.00 0.00 0.00 0.00 0.00 1.00 11.22 1.00 0.99 0.00 0.99 0.00 0.00
 %idle 87.37 100.00 100.00 100.00 100.00 100.00 100.00 100.00 100.00 0.00 0.00 99.00 99.01 100.00 99.01 100.00 100.00
 %time 1481747777
 %usr 1.13 0.00 0.00 0.00 0.00 0.00 0.00 0.00 0.00 2.00 17.00 0.00 0.00 0.00 0.00 0.00 0.00
 %sys 1.00 0.00 1.00 0.00 0.00 0.00 0.00 0.00 0.00 1.00 11.00 0.99 0.00 0.99 0.00 0.00 0.00
 %idle 87.30 100.00 99.00 100.00 100.00 100.00 100.00 100.00 100.00 0.00 0.00 99.01 100.00 99.01 100.00 100.00 100.00
 %time 1481747779
 %usr 1.19 0.00 0.00 0.00 0.00 0.00 0.00 0.00 0.00 1.98 17.17 0.00 0.00 0.00 0.00 0.00 0.00
 %sys 1.12 1.00 0.00 0.00 0.00 0.00 0.00 0.00 0.00 2.97 10.10 1.00 0.00 0.00 0.00 0.99 0.99
 %idle 87.25 99.00 100.00 100.00 100.00 100.00 100.00 100.00 100.00 0.00 0.00 99.00 100.00 100.00 100.00 99.01 99.01
 %time 1481747780
 %usr 1.25 0.00 0.00 0.00 0.00 0.00 0.00 0.00 0.00 2.02 17.82 0.00 0.00 0.00 0.00 0.00 0.00
 %sys 1.06 0.00 0.00 0.00 0.99 0.00 0.00 0.00 0.00 2.02 11.88 0.00 1.00 1.00 0.00 0.00 0.00
 %idle 87.26 100.00 100.00 100.00 99.01 100.00 100.00 100.00 100.00 0.00 0.00 100.00 99.00 99.00 100.00 100.00 100.00
 %time 1481747781
 %usr 0.94 0.00 0.00 0.00 0.00 0.00 0.00 0.00 0.00 0.99 15.00 0.00 0.00 0.00 0.00 0.00 0.00
 %sys 1.00 0.00 0.00 0.00 1.00 0.00 0.00 1.00 0.00 2.97 10.00 1.00 0.00 0.00 0.00 0.00 0.00
 %idle 87.31 100.00 100.00 100.00 99.00 100.00 100.00 99.00 100.00 0.00 0.00 99.00 100.00 100.00 100.00 100.00 100.00
 %time 1481747782
 %usr 1.50 0.00 0.00 0.00 0.00 0.00 0.00 0.00 0.00 1.00 23.23 0.00 0.00 0.00 0.00 0.00 0.00
 %sys 1.31 0.00 0.00 0.00 1.00 0.99 0.00 0.00 1.00 2.00 14.14 1.00 1.00 0.00 0.99 0.00 0.00
 %idle 87.24 100.00 100.00 100.00 99.00 99.01 100.00 100.00 99.00 0.00 0.00 99.00 99.00 100.00 99.01 100.00 100.00
 %time 1481747783
 %usr 1.31 0.00 0.00 0.00 0.00 0.00 0.00 0.00 0.00 1.00 21.00 0.00 0.00 0.00 0.00 0.00 0.00
 %sys 1.31 0.00 1.00 1.00 0.99 0.99 1.00 0.00 1.00 1.00 13.00 1.00 0.00 0.00 0.99 0.00 0.00
 %idle 87.12 100.00 99.00 99.00 99.01 99.01 99.00 100.00 99.00 0.00 0.00 99.00 100.00 100.00 99.01 100.00 100.00
 %time 1481747784
 %usr 1.19 0.00 0.00 0.00 0.00 0.00 0.00 0.00 0.00 2.97 16.00 0.00 0.00 0.00 0.00 0.00 0.00
 %sys 1.00 0.00 1.00 1.00 0.00 0.00 0.00 0.00 0.99 1.98 10.00 0.00 0.99 0.00 0.00 0.99 0.00
 %idle 87.24 100.00 99.00 99.00 100.00 100.00 100.00 100.00 99.01 0.00 0.00 100.00 99.01 100.00 100.00 99.01 100.00
 %time 1481747785
 %usr 1.25 0.00 0.00 0.00 0.00 0.00 0.00 0.00 0.00 0.00 19.80 0.00 0.00 0.00 0.00 0.00 0.00
 %sys 1.19 1.00 1.98 0.00 0.00 0.00 0.99 0.00 1.00 1.00 12.87 0.00 0.00 0.99 0.99 0.00 0.99
 %idle 87.12 99.00 98.02 100.00 100.00 100.00 99.01 100.00 99.00 0.00 0.00 100.00 100.00 99.01 99.01 100.00 99.01
 %time 1481747786
 %usr 1.25 0.00 0.00 0.00 0.00 0.00 0.00 0.00 0.00 0.00 19.19 0.00 0.00 0.00 0.00 0.00 0.00
 %sys 1.06 1.01 1.00 0.00 0.00 0.00 0.00 0.99 0.00 1.00 12.12 0.00 0.00 0.00 0.00 0.00 0.00
 %idle 87.24 98.99 99.00 100.00 100.00 100.00 100.00 99.01 100.00 0.00 0.00 100.00 100.00 100.00 100.00 100.00 100.00
 %time 1481747788
 %usr 1.31 0.00 0.00 0.00 0.00 0.00 0.00 0.00 0.00 0.00 21.00 0.00 0.00 0.00 0.00 0.00 0.00
 %sys 1.13 0.99 1.01 0.00 0.00 0.00 1.00 0.00 0.00 1.00 14.00 0.00 0.99 0.00 0.00 0.00 0.00
 %idle 87.30 99.01 98.99 100.00 100.00 100.00 99.00 100.00 100.00 0.00 0.00 100.00 99.01 100.00 100.00 100.00 100.00
 %time 1481747789
 %usr 1.50 0.00 0.00 0.00 0.00 0.00 0.00 0.00 0.00 0.00 24.00 0.00 0.00 0.00 0.00 0.00 0.00
 %sys 1.38 1.00 1.01 0.99 0.99 0.00 1.00 0.00 0.00 0.00 15.00 0.99 0.99 0.99 0.00 0.00 1.00
 %idle 87.12 99.00 98.99 99.01 99.01 100.00 99.00 100.00 100.00 0.00 0.00 99.01 99.01 99.01 100.00 100.00 99.00
 %time 1481747790
 %usr 1.25 0.00 0.00 0.00 0.00 0.00 0.00 0.00 0.00 2.02 17.82 0.00 0.00 0.00 0.00 0.00 0.00
 %sys 1.12 0.99 0.00 0.00 0.00 0.00 0.00 1.00 0.00 2.02 11.88 0.00 1.00 0.00 0.00 0.00 0.00
 %idle 87.31 99.01 100.00 100.00 100.00 100.00 100.00 99.00 100.00 0.00 0.00 100.00 99.00 100.00 100.00 100.00 100.00
 %time 1481747791
 %usr 1.37 0.00 0.00 0.00 0.00 0.00 0.00 0.00 0.00 0.00 21.21 0.00 0.00 0.00 0.00 0.00 0.00
 %sys 1.25 0.00 1.00 0.99 0.99 0.00 0.00 0.00 0.00 1.01 12.12 0.00 0.00 1.00 0.00 0.99 0.00
 %idle 87.13 100.00 99.00 99.01 99.01 100.00 100.00 100.00 100.00 0.00 0.00 100.00 100.00 99.00 100.00 99.01 100.00
 %time 1481747792
 %usr 1.00 0.00 0.00 0.00 0.00 0.00 0.00 0.00 0.00 1.00 15.00 0.00 0.00 0.00 0.00 0.00 0.00
 %sys 0.94 1.00 1.00 0.00 0.99 0.00 0.00 0.00 0.00 1.00 10.00 0.99 0.00 0.00 0.99 0.00 0.00
 %idle 87.26 99.00 99.00 100.00 99.01 100.00 100.00 100.00 100.00 0.00 0.00 99.01 100.00 100.00 99.01 100.00 100.00
 %time 1481747793
 %usr 1.19 0.00 0.00 0.00 0.00 0.00 0.00 0.00 0.00 3.03 14.85 0.00 0.00 0.00 0.00 0.00 0.00
 %sys 1.06 2.00 1.00 0.99 0.00 0.00 0.00 0.00 0.99 3.03 9.90 0.00 1.00 0.00 0.00 0.00 0.99
 %idle 87.20 98.00 99.00 99.01 100.00 100.00 100.00 100.00 99.01 0.00 0.00 100.00 99.00 100.00 100.00 100.00 99.01
 %time 1481747794
 %usr 1.56 0.00 0.00 0.00 0.00 0.00 0.00 0.00 0.00 10.00 15.00 0.00 0.00 0.00 0.00 0.00 0.00
 %sys 1.44 2.00 1.98 0.00 0.00 0.00 0.00 0.99 0.00 6.00 11.00 0.00 0.00 0.99 0.00 0.00 0.00
 %idle 87.12 98.00 98.02 100.00 100.00 100.00 100.00 99.01 100.00 0.00 0.00 100.00 100.00 99.01 100.00 100.00 100.00
 %time 1481747795
 %usr 1.31 0.00 0.00 0.00 0.00 0.00 0.00 0.00 0.00 5.10 14.85 0.00 0.00 0.00 0.00 0.00 0.00
 %sys 1.44 0.00 1.01 0.00 1.98 0.00 0.00 0.00 0.00 5.10 9.90 1.00 0.00 0.99 0.00 0.00 1.00
 %idle 86.99 100.00 98.99 100.00 98.02 100.00 100.00 100.00 100.00 0.00 0.00 99.00 100.00 99.01 100.00 100.00 99.00
 %time 1481747797
 %usr 1.31 0.00 0.00 0.00 0.00 0.00 0.00 0.00 0.00 7.07 14.00 0.00 0.00 0.00 0.00 0.00 0.00
 %sys 1.19 1.00 0.00 0.00 1.00 1.00 0.00 0.99 0.99 5.05 10.00 0.00 0.00 0.00 0.99 0.00 0.00
 %idle 87.24 99.00 100.00 100.00 99.00 99.00 100.00 99.01 99.01 0.00 0.00 100.00 100.00 100.00 99.01 100.00 100.00
 %time 1481747798
 %usr 7.25 0.00 0.00 0.00 0.00 0.00 0.00 0.00 0.00 15.00 100.00 0.00 0.00 0.00 0.00 0.00 0.00
 %sys 1.19 0.99 0.00 1.00 0.00 1.00 0.99 0.99 0.00 13.00 0.00 0.00 1.00 0.00 0.00 0.00 0.00
 %idle 87.06 99.01 100.00 99.00 100.00 99.00 99.01 99.01 100.00 0.00 0.00 100.00 99.00 100.00 100.00 100.00 100.00
 %time 1481747799
 %usr 7.63 0.00 0.00 0.00 0.00 0.00 0.00 0.00 0.00 22.00 100.00 0.00 0.00 0.00 0.00 0.00 0.00
 %sys 1.31 0.00 1.00 0.00 0.00 0.99 0.00 0.99 0.00 15.00 0.00 0.00 0.00 0.00 0.00 1.00 0.99
 %idle 87.12 100.00 99.00 100.00 100.00 99.01 100.00 99.01 100.00 0.00 0.00 100.00 100.00 100.00 100.00 99.00 99.01
 %time 1481747800
 %usr 7.32 0.00 0.00 0.00 0.00 0.00 0.00 0.00 0.00 17.17 100.00 0.00 0.00 0.00 0.00 0.00 0.00
 %sys 1.94 0.00 1.00 1.00 0.00 0.00 0.00 0.00 0.00 25.25 0.00 1.00 1.00 0.99 0.00 0.00 0.00
 %idle 87.12 100.00 99.00 99.00 100.00 100.00 100.00 100.00 100.00 0.00 0.00 99.00 98.00 99.01 100.00 100.00 100.00
 %time 1481747801
 %usr 7.12 0.00 0.00 0.00 0.00 0.00 0.00 0.00 0.00 14.00 100.00 0.00 0.00 0.00 0.00 0.00 0.00
 %sys 1.62 1.00 0.00 0.00 0.00 0.00 0.00 0.00 0.00 22.00 0.00 0.99 1.00 1.00 0.00 0.00 0.00
 %idle 87.25 99.00 100.00 100.00 100.00 100.00 100.00 100.00 100.00 0.00 0.00 99.01 99.00 99.00 100.00 100.00 100.00
 %time 1481747802
 %usr 7.56 0.00 0.00 0.00 0.00 0.00 0.00 0.00 0.00 21.21 100.00 0.00 0.00 0.00 0.00 0.00 0.00
 %sys 2.19 1.00 1.98 0.00 0.00 0.00 0.00 0.00 0.00 29.29 0.00 1.00 1.00 0.00 1.00 0.00 0.00
 %idle 87.12 99.00 98.02 100.00 100.00 100.00 100.00 100.00 100.00 0.00 0.00 99.00 99.00 100.00 99.00 100.00 100.00
 %time 1481747803
 %usr 7.44 0.00 0.00 0.00 0.00 0.00 0.00 0.00 0.00 19.00 100.00 0.00 0.00 0.00 0.00 0.00 0.00
 %sys 2.06 0.00 1.00 0.00 0.00 0.00 0.00 0.00 0.00 29.00 0.00 0.99 1.00 0.00 0.99 0.00 1.00
 %idle 87.24 100.00 99.00 100.00 100.00 100.00 100.00 100.00 100.00 0.00 0.00 99.01 99.00 100.00 99.01 100.00 99.00
 %time 1481747804
 %usr 7.62 0.00 0.00 0.00 0.00 0.00 0.00 0.00 0.00 21.00 100.00 0.00 0.00 0.00 0.00 0.00 0.00
 %sys 2.38 0.00 0.00 0.00 0.00 0.00 0.00 0.00 0.00 31.00 0.00 0.00 2.97 0.00 1.00 0.00 0.00
 %idle 87.00 100.00 100.00 100.00 100.00 100.00 100.00 100.00 100.00 0.00 0.00 100.00 97.03 100.00 99.00 100.00 100.00
 %time 1481747805
 %usr 7.62 0.00 0.00 0.00 0.00 0.00 0.00 0.00 0.00 22.22 100.00 0.00 0.00 0.00 0.00 0.00 0.00
 %sys 2.50 0.99 0.99 1.00 1.00 0.00 0.99 0.00 0.00 33.33 0.00 1.00 1.00 0.00 1.00 0.00 0.00
 %idle 87.07 99.01 99.01 99.00 99.00 100.00 99.01 100.00 100.00 0.00 0.00 99.00 99.00 100.00 99.00 100.00 100.00
 %time 1481747807
 %usr 7.94 0.00 0.00 0.00 0.00 0.00 0.00 0.00 0.00 26.00 100.00 0.00 0.00 0.00 0.00 0.00 0.00
 %sys 2.81 1.00 0.00 1.00 0.00 0.00 0.00 0.00 0.99 38.00 0.00 1.00 1.00 1.00 0.00 1.00 0.99
 %idle 87.00 99.00 100.00 99.00 100.00 100.00 100.00 100.00 99.01 0.00 0.00 99.00 99.00 99.00 100.00 99.00 99.01
 %time 1481747808
 %usr 7.63 0.00 0.00 0.00 0.00 0.00 0.00 0.00 0.00 22.00 100.00 0.00 0.00 0.00 0.00 0.00 0.00
 %sys 2.38 1.00 1.00 0.00 0.00 0.99 0.00 0.00 0.00 33.00 0.00 0.99 0.99 0.00 0.99 0.00 0.00
 %idle 87.17 99.00 99.00 100.00 100.00 99.01 100.00 100.00 100.00 0.00 0.00 99.01 99.01 100.00 99.01 100.00 100.00
 %time 1481747809
 %usr 7.68 0.00 0.00 0.00 0.00 0.00 0.00 0.00 0.00 23.00 100.00 0.00 0.00 0.00 0.00 0.00 0.00
 %sys 2.62 1.00 0.00 1.00 0.00 0.99 0.00 1.00 0.00 33.00 0.00 1.98 0.00 0.00 1.00 0.00 0.00
 %idle 87.01 99.00 100.00 99.00 100.00 99.01 100.00 99.00 100.00 0.00 0.00 98.02 100.00 100.00 99.00 100.00 100.00
 %time 1481747810
 %usr 7.94 0.00 0.00 0.00 0.00 0.00 0.00 0.00 0.00 27.00 100.00 0.00 0.00 0.00 0.00 0.00 0.00
 %sys 3.00 2.00 0.00 0.00 1.00 0.00 0.99 0.99 0.00 40.00 0.00 2.00 1.00 0.00 1.00 0.00 0.00
 %idle 86.99 98.00 100.00 100.00 99.00 100.00 99.01 99.01 100.00 0.00 0.00 98.00 99.00 100.00 99.00 100.00 100.00
 %time 1481747811
 %usr 7.75 0.00 0.00 0.00 0.00 0.00 0.00 0.00 0.00 25.00 100.00 0.00 0.00 0.00 0.00 0.00 0.00
 %sys 2.69 0.99 1.00 0.00 0.99 0.00 0.00 0.99 0.00 35.00 0.00 1.00 0.00 0.00 0.00 1.00 1.00
 %idle 87.06 99.01 99.00 100.00 99.01 100.00 100.00 99.01 100.00 0.00 0.00 99.00 100.00 100.00 100.00 99.00 99.00
 %time 1481747812
 %usr 7.70 0.00 0.00 0.00 0.00 0.00 0.00 0.00 0.00 23.00 100.00 0.00 0.00 0.00 0.00 0.00 0.00
 %sys 2.50 0.99 0.00 0.99 0.00 1.00 0.00 0.00 0.00 34.00 0.00 0.00 0.00 1.00 0.00 1.00 0.00
 %idle 87.16 99.01 100.00 99.01 100.00 99.00 100.00 100.00 100.00 0.00 0.00 100.00 100.00 99.00 100.00 99.00 100.00
 %time 1481747813
 %usr 8.56 0.00 0.00 0.00 0.00 0.00 0.00 0.00 0.00 37.00 100.00 0.00 0.00 0.00 0.00 0.00 0.00
 %sys 4.12 1.00 1.00 1.00 1.00 0.00 0.99 0.00 0.00 55.00 0.00 1.01 1.00 1.00 2.00 1.00 0.00
 %idle 86.75 99.00 99.00 99.00 99.00 100.00 99.01 100.00 100.00 0.00 0.00 98.99 99.00 99.00 98.00 99.00 100.00
 %time 1481747814
 %usr 8.32 0.00 0.00 0.00 0.00 0.00 0.00 0.00 0.00 33.00 100.00 0.00 0.00 0.00 0.00 0.00 0.00
 %sys 3.44 0.00 0.00 1.00 0.00 0.00 1.01 0.00 0.00 50.00 0.00 0.00 1.00 1.00 0.00 0.00 0.00
 %idle 87.11 100.00 100.00 99.00 100.00 100.00 98.99 100.00 100.00 0.00 0.00 100.00 99.00 99.00 100.00 100.00 100.00
 %time 1481747816
 %usr 8.77 0.00 0.00 0.00 0.00 0.00 0.00 0.00 0.00 40.00 100.00 0.00 0.00 0.00 0.00 0.00 0.00
 %sys 4.45 1.01 2.00 1.98 1.00 0.00 0.99 0.00 0.00 60.00 0.00 2.00 1.00 1.01 0.99 0.00 0.00
 %idle 86.79 98.99 98.00 98.02 99.00 100.00 99.01 100.00 100.00 0.00 0.00 98.00 99.00 98.99 99.01 100.00 100.00
 %time 1481747817
 %usr 8.87 0.00 0.00 0.00 0.00 0.00 0.00 0.00 0.00 41.58 100.00 0.00 0.00 0.00 0.00 0.00 0.00
 %sys 4.31 1.00 1.00 0.00 0.00 1.00 0.00 0.99 1.00 58.42 0.00 1.01 1.00 1.00 0.00 0.99 0.99
 %idle 86.82 99.00 99.00 100.00 100.00 99.00 100.00 99.01 99.00 0.00 0.00 98.99 99.00 99.00 100.00 99.01 99.01
 %time 1481747818
 %usr 8.77 0.00 0.00 0.00 0.00 0.00 0.00 0.00 0.00 40.40 100.00 0.00 0.00 0.00 0.00 0.00 0.00
 %sys 4.26 1.01 1.00 0.00 1.01 0.00 0.99 0.00 0.00 59.60 0.00 2.00 1.01 1.00 0.00 0.00 0.00
 %idle 86.85 98.99 99.00 100.00 98.99 100.00 99.01 100.00 100.00 0.00 0.00 98.00 96.97 99.00 100.00 100.00 100.00
 %time 1481747819
 %usr 11.75 0.00 0.00 0.00 0.00 0.00 0.00 0.00 0.00 88.00 100.00 0.00 0.00 0.00 0.00 0.00 0.00
 %sys 0.94 0.99 0.00 0.00 0.00 0.00 0.00 0.00 0.00 12.00 0.00 1.98 0.00 0.00 0.00 0.00 0.00
 %idle 87.31 99.01 100.00 100.00 100.00 100.00 100.00 100.00 100.00 0.00 0.00 98.02 100.00 100.00 100.00 100.00 100.00
 %time 1481747820
 %usr 12.49 0.00 0.00 0.00 0.00 0.00 0.00 0.00 0.00 100.00 100.00 0.00 0.00 0.00 0.00 0.00 0.00
 %sys 0.06 0.00 0.00 0.00 0.00 0.00 0.00 0.00 0.00 0.00 0.00 1.00 0.00 0.00 0.00 0.00 0.00
 %idle 87.45 100.00 100.00 100.00 100.00 100.00 100.00 100.00 100.00 0.00 0.00 99.00 100.00 100.00 100.00 100.00 100.00
 %time 1481747821
 %usr 4.19 3.03 0.00 0.00 0.00 0.00 0.00 0.00 0.00 32.32 32.00 0.00 0.00 0.00 0.00 0.00 0.00
 %sys 0.38 0.00 0.00 0.99 0.99 0.00 0.00 0.00 0.99 1.01 1.00 0.99 0.00 0.00 0.00 0.00 0.00
 %idle 94.56 96.97 99.00 99.01 98.02 100.00 100.00 100.00 99.01 60.61 60.00 99.01 100.00 100.00 100.00 100.00 100.00
 %time 1481747822
 %usr 0.00 0.00 0.00 0.00 0.00 0.00 0.00 0.00 0.00 0.00 0.00 0.00 0.00 0.00 0.00 0.00 0.00
 %sys 0.06 0.00 0.00 0.00 0.00 0.00 0.00 0.00 0.00 0.00 0.00 0.00 0.00 0.99 0.00 0.00 0.00
 %idle 99.94 100.00 100.00 100.00 100.00 100.00 100.00 100.00 100.00 100.00 100.00 100.00 100.00 99.01 100.00 100.00 100.00
 %time 1481747823
 %usr 0.00 0.00 0.00 0.00 0.00 0.00 0.00 0.00 0.00 0.00 0.00 0.00 0.00 0.00 0.00 0.00 0.00
 %sys 0.06 0.00 0.00 0.00 0.99 0.00 0.00 0.00 0.00 0.00 0.00 0.00 0.00 0.00 0.00 0.00 0.00
 %idle 99.94 100.00 100.00 100.00 99.01 100.00 100.00 100.00 100.00 100.00 100.00 100.00 100.00 100.00 100.00 100.00 100.00
 %time 1481747824
 %usr 1.12 2.00 15.00 0.00 0.00 0.00 0.00 0.00 0.00 0.00 1.00 0.00 0.00 0.00 0.00 0.00 0.00
 %sys 0.12 0.00 1.00 1.00 0.00 0.00 0.00 0.00 0.00 0.00 0.00 0.00 0.00 0.00 0.00 1.00 0.00
 %idle 98.44 98.00 84.00 99.00 96.00 100.00 100.00 100.00 100.00 100.00 99.00 100.00 100.00 100.00 100.00 99.00 100.00
 %time 1481747826
 %usr 2.26 9.09 15.62 3.03 0.00 0.00 0.00 0.00 0.00 0.00 7.07 0.00 0.00 0.00 0.00 0.00 0.00
 %sys 4.58 4.04 30.21 3.03 1.00 0.00 1.00 1.00 0.00 4.04 25.25 3.03 1.00 1.00 0.00 0.00 1.00
 %idle 92.09 86.87 51.04 88.89 95.00 100.00 99.00 99.00 100.00 92.93 64.65 96.97 99.00 99.00 100.00 100.00 99.00
