      time tx_packets rx_packets        tx_bytes        rx_bytes  tx_errors tx_dropped rx_frame_errors rx_crc_errors
1481824028          1          0              60               0          0          0          0          0
1481824029          0          0               0               0          0          0          0          0
1481824030          0          0               0               0          0          0          0          0
1481824031          0          0               0               0          0          0          0          0
1481824033          0          0               0               0          0          0          0          0
1481824034          1          0              78               0          0          0          0          0
1481824035          0          0               0               0          0          0          0          0
1481824036          0          0               0               0          0          0          0          0
1481824037          1          0              60               0          0          0          0          0
1481824038          0          0               0               0          0          0          0          0
1481824039          1          0              60               0          0          0          0          0
1481824040          1          0              60               0          0          0          0          0
1481824041          0          0               0               0          0          0          0          0
1481824043          0          0               0               0          0          0          0          0
1481824044          0          0               0               0          0          0          0          0
1481824045          0          0               0               0          0          0          0          0
1481824046          0          0               0               0          0          0          0          0
1481824047          0          0               0               0          0          0          0          0
1481824048          0          0               0               0          0          0          0          0
1481824049          2          0             120               0          0          0          0          0
1481824050          0          0               0               0          0          0          0          0
1481824051          0          0               0               0          0          0          0          0
1481824053          0          0               0               0          0          0          0          0
1481824054          0          0               0               0          0          0          0          0
1481824055          0          0               0               0          0          0          0          0
1481824056          0          0               0               0          0          0          0          0
1481824057          0          0               0               0          0          0          0          0
1481824058          0          0               0               0          0          0          0          0
1481824059          0          0               0               0          0          0          0          0
1481824060          0          0               0               0          0          0          0          0
1481824062          0          0               0               0          0          0          0          0
1481824063          0          0               0               0          0          0          0          0
1481824064          0          0               0               0          0          0          0          0
1481824065          0          0               0               0          0          0          0          0
1481824066          0          0               0               0          0          0          0          0
1481824067          0          0               0               0          0          0          0          0
1481824068          0          0               0               0          0          0          0          0
1481824069          0          0               0               0          0          0          0          0
1481824071          0          0               0               0          0          0          0          0
1481824072          1          0              60               0          0          0          0          0
1481824073          1          0              60               0          0          0          0          0
1481824074          0          0               0               0          0          0          0          0
1481824075          0          0               0               0          0          0          0          0
1481824076          0          0               0               0          0          0          0          0
1481824078          0          0               0               0          0          0          0          0
1481824079          0          0               0               0          0          0          0          0
1481824080          0          0               0               0          0          0          0          0
1481824081          0          0               0               0          0          0          0          0
1481824082          0          0               0               0          0          0          0          0
1481824083          0          0               0               0          0          0          0          0
1481824084          1          0              60               0          0          0          0          0
1481824085          0          0               0               0          0          0          0          0
1481824087          0          0               0               0          0          0          0          0
1481824088          0          0               0               0          0          0          0          0
1481824089          0          0               0               0          0          0          0          0
1481824090          0          0               0               0          0          0          0          0
1481824091          0          0               0               0          0          0          0          0
1481824092          0          0               0               0          0          0          0          0
1481824093          2          0             120               0          0          0          0          0
1481824094          0          0               0               0          0          0          0          0
1481824096          0          0               0               0          0          0          0          0
1481824097          0          0               0               0          0          0          0          0
1481824098          0          0               0               0          0          0          0          0
1481824099          0          0               0               0          0          0          0          0
1481824100          0          0               0               0          0          0          0          0
1481824101          0          0               0               0          0          0          0          0
1481824102          0          0               0               0          0          0          0          0
1481824103          0          0               0               0          0          0          0          0
1481824105          1          0              60               0          0          0          0          0
1481824106          0          0               0               0          0          0          0          0
1481824107          0          0               0               0          0          0          0          0
1481824108          0          0               0               0          0          0          0          0
1481824109          0          0               0               0          0          0          0          0
1481824111          0          0               0               0          0          0          0          0
1481824112          0          0               0               0          0          0          0          0
1481824113          0          0               0               0          0          0          0          0
1481824114          0          0               0               0          0          0          0          0
1481824115          0          0               0               0          0          0          0          0
1481824116          0          0               0               0          0          0          0          0
1481824117          1          0              60               0          0          0          0          0
1481824118          0          0               0               0          0          0          0          0
1481824120          0          0               0               0          0          0          0          0
1481824121          0          0               0               0          0          0          0          0
1481824122          0          0               0               0          0          0          0          0
1481824123          0          0               0               0          0          0          0          0
1481824124          0          0               0               0          0          0          0          0
1481824125          2          0             120               0          0          0          0          0
1481824126          0          0               0               0          0          0          0          0
1481824127          0          0               0               0          0          0          0          0
1481824129          0          0               0               0          0          0          0          0
1481824130          0          0               0               0          0          0          0          0
1481824131          0          0               0               0          0          0          0          0
1481824132          1          0              60               0          0          0          0          0
1481824133          0          0               0               0          0          0          0          0
1481824134          0          0               0               0          0          0          0          0
1481824135          0          0               0               0          0          0          0          0
1481824136          0          0               0               0          0          0          0          0
1481824138          0          0               0               0          0          0          0          0
1481824139          1          0              60               0          0          0          0          0
1481824140          0          0               0               0          0          0          0          0
1481824141          0          0               0               0          0          0          0          0
1481824142          0          0               0               0          0          0          0          0
1481824143          0          0               0               0          0          0          0          0
1481824144          0          0               0               0          0          0          0          0
1481824145          2          0             120               0          0          0          0          0
1481824146          0          0               0               0          0          0          0          0
1481824148          0          0               0               0          0          0          0          0
1481824149          0          0               0               0          0          0          0          0
1481824150          0          0               0               0          0          0          0          0
1481824151          0          0               0               0          0          0          0          0
1481824152          0          0               0               0          0          0          0          0
1481824153          0          0               0               0          0          0          0          0
1481824154          1          0              60               0          0          0          0          0
1481824155          0          0               0               0          0          0          0          0
1481824157          0          0               0               0          0          0          0          0
1481824158          0          0               0               0          0          0          0          0
1481824159          0          0               0               0          0          0          0          0
1481824160          0          0               0               0          0          0          0          0
1481824161          0          0               0               0          0          0          0          0
1481824162          0          0               0               0          0          0          0          0
1481824163          0          0               0               0          0          0          0          0
1481824164          0          0               0               0          0          0          0          0
1481824165          1          0              60               0          0          0          0          0
1481824167          0          0               0               0          0          0          0          0
1481824168          0          0               0               0          0          0          0          0
1481824169          0          0               0               0          0          0          0          0
1481824170          0          0               0               0          0          0          0          0
1481824171          0          0               0               0          0          0          0          0
1481824172          0          0               0               0          0          0          0          0
1481824173          1          0              60               0          0          0          0          0
1481824174          0          0               0               0          0          0          0          0
1481824176          0          0               0               0          0          0          0          0
1481824177          0          0               0               0          0          0          0          0
1481824178          0          0               0               0          0          0          0          0
1481824179          0          0               0               0          0          0          0          0
1481824180          0          0               0               0          0          0          0          0
1481824181          1          0              60               0          0          0          0          0
1481824182          0          0               0               0          0          0          0          0
1481824183          1          0              60               0          0          0          0          0
1481824184          1          0              60               0          0          0          0          0
1481824186          1          0              60               0          0          0          0          0
1481824187          0          0               0               0          0          0          0          0
1481824188          0          0               0               0          0          0          0          0
1481824189          1          0              60               0          0          0          0          0
1481824190          0          0               0               0          0          0          0          0
1481824191          0          0               0               0          0          0          0          0
1481824192          0          0               0               0          0          0          0          0
1481824193          0          0               0               0          0          0          0          0
1481824195          1          0              60               0          0          0          0          0
1481824196          1          0              60               0          0          0          0          0
1481824197          0          0               0               0          0          0          0          0
1481824198          0          0               0               0          0          0          0          0
1481824199          0          0               0               0          0          0          0          0
1481824200          0          0               0               0          0          0          0          0
1481824201          0          0               0               0          0          0          0          0
1481824202          0          0               0               0          0          0          0          0
1481824204          0          0               0               0          0          0          0          0
1481824205          0          0               0               0          0          0          0          0
1481824206          0          0               0               0          0          0          0          0
1481824207          0          0               0               0          0          0          0          0
1481824208          1          0              60               0          0          0          0          0
1481824209          1          0              60               0          0          0          0          0
1481824210          0          0               0               0          0          0          0          0
1481824211          0          0               0               0          0          0          0          0
1481824212          0          0               0               0          0          0          0          0
1481824214          2          0             120               0          0          0          0          0
1481824215          0          0               0               0          0          0          0          0
1481824216          1          0              60               0          0          0          0          0
1481824217          0          0               0               0          0          0          0          0
1481824218          0          0               0               0          0          0          0          0
1481824219          1          0              60               0          0          0          0          0
1481824220          0          0               0               0          0          0          0          0
1481824221          0          0               0               0          0          0          0          0
1481824222          0          0               0               0          0          0          0          0
1481824224          0          0               0               0          0          0          0          0
1481824225          0          0               0               0          0          0          0          0
1481824226          0          0               0               0          0          0          0          0
1481824227          1          0              60               0          0          0          0          0
1481824228          0          0               0               0          0          0          0          0
1481824229          2          0             120               0          0          0          0          0
1481824230          0          0               0               0          0          0          0          0
1481824231          1          0              60               0          0          0          0          0
