28 1 0 3.524092967217761e-05 3.2167201042175293
28 1 1 3.585356832260098e-05 3.2761383056640625
28 1 2 3.507956757818323e-05 3.2021923065185547
28 1 3 3.35392005221263e-05 3.061167001724243
28 1 4 3.505798495965642e-05 3.1965391635894775
28 1 5 3.4389117768476156e-05 3.1405444145202637
28 1 6 3.406690112544414e-05 3.1097590923309326
28 1 7 3.466261275296481e-05 3.1664140224456787
28 1 8 3.4539066744202534e-05 3.1543095111846924
28 1 9 3.44107163308236e-05 3.1338188648223877
28 1 10 3.504612009980389e-05 3.1998190879821777
28 1 11 3.4968622502325926e-05 3.1909122467041016
28 1 12 3.6472741282179424e-05 3.3343546390533447
28 1 13 3.5242824329529196e-05 3.2173120975494385
28 1 14 4.218818909617934e-05 3.85443115234375
28 1 15 3.5260479453574036e-05 3.223874568939209
28 1 16 3.556116928145143e-05 3.2431423664093018
28 1 17 3.31951541313477e-05 3.0243208408355713
28 1 18 3.380965023687453e-05 3.0846121311187744
28 1 19 3.3067223571912035e-05 3.0173206329345703
28 1 20 3.2803653615765865e-05 2.993896007537842
28 1 21 3.2774077828496294e-05 2.993255376815796
28 1 22 3.340738764236711e-05 3.0463995933532715
28 1 23 3.310733291001149e-05 3.0218100547790527
28 1 24 3.2506184439655826e-05 2.966958999633789
28 1 25 3.8186694028047445e-05 3.493624448776245
28 1 26 3.603682659692791e-05 3.2869338989257812
28 1 27 3.589014344712734e-05 3.2764742374420166
