      time tx_packets rx_packets        tx_bytes        rx_bytes  tx_errors tx_dropped rx_frame_errors rx_crc_errors
1481672792          0          0               0               0          0          0          0          0
1481672793          0          0               0               0          0          0          0          0
1481672794          0          0               0               0          0          0          0          0
1481672795          0          0               0               0          0          0          0          0
1481672797          0          0               0               0          0          0          0          0
1481672798         58          0            3480               0          0          0          0          0
1481672799          1          0              60               0          0          0          0          0
1481672800          0          0               0               0          0          0          0          0
1481672801          1          0              60               0          0          0          0          0
1481672802          0          0               0               0          0          0          0          0
1481672803          1          0              78               0          0          0          0          0
1481672804          0          0               0               0          0          0          0          0
1481672805          0          0               0               0          0          0          0          0
1481672807          0          0               0               0          0          0          0          0
1481672808          1          0              60               0          0          0          0          0
1481672809          0          0               0               0          0          0          0          0
1481672810          1          0              60               0          0          0          0          0
1481672811          0          0               0               0          0          0          0          0
1481672812          0          0               0               0          0          0          0          0
1481672813          2          0             120               0          0          0          0          0
1481672814          1          0              60               0          0          0          0          0
1481672815          0          0               0               0          0          0          0          0
1481672817          0          0               0               0          0          0          0          0
1481672818          0          0               0               0          0          0          0          0
1481672819          0          0               0               0          0          0          0          0
1481672820          0          0               0               0          0          0          0          0
1481672821          0          0               0               0          0          0          0          0
1481672822          0          0               0               0          0          0          0          0
1481672823          1          0              78               0          0          0          0          0
1481672824          0          0               0               0          0          0          0          0
1481672825          1          0              60               0          0          0          0          0
1481672827          0          0               0               0          0          0          0          0
1481672828          1          0              60               0          0          0          0          0
1481672829          1          0              78               0          0          0          0          0
1481672830          1          0              60               0          0          0          0          0
1481672831          0          0               0               0          0          0          0          0
1481672832          0          0               0               0          0          0          0          0
1481672833          0          0               0               0          0          0          0          0
1481672834          0          0               0               0          0          0          0          0
1481672835          1          0              60               0          0          0          0          0
1481672837          0          0               0               0          0          0          0          0
1481672838          0          0               0               0          0          0          0          0
1481672839          0          0               0               0          0          0          0          0
1481672840          0          0               0               0          0          0          0          0
1481672841          0          0               0               0          0          0          0          0
1481672842          0          0               0               0          0          0          0          0
1481672843          2          0             156               0          0          0          0          0
1481672844         16          0            1248               0          0          0          0          0
1481672845         63          0            4914               0          0          0          0          0
1481672847        164          0           12774               0          0          0          0          0
1481672848        185          0           14422               0          0          0          0          0
1481672849         45          0            3510               0          0          0          0          0
1481672850          4          0             294               0          0          0          0          0
1481672851         23          0            1390               0          0          0          0          0
1481672852         67          0            4020               0          0          0          0          0
1481672853        186          0           11160               0          0          0          0          0
1481672854        193          0           11580               0          0          0          0          0
1481672855         44          0            2650               0          0          0          0          0
1481672857          2          0             120               0          0          0          0          0
1481672859          0          0               0               0          0          0          0          0
1481672860          0          0               0               0          0          0          0          0
1481672861          0          0               0               0          0          0          0          0
1481672862          0          0               0               0          0          0          0          0
1481672863          2          0             156               0          0          0          0          0
1481672864          1          0              78               0          0          0          0          0
1481672865          1          0              60               0          0          0          0          0
1481672867          3          0             198               0          0          0          0          0
1481672868          0          0               0               0          0          0          0          0
1481672869          0          0               0               0          0          0          0          0
1481672870          2          0             120               0          0          0          0          0
1481672871          2          0             120               0          0          0          0          0
1481672874          1          0              60               0          0          0          0          0
1481672876          1          0              60               0          0          0          0          0
1481672879          1          0              60               0          0          0          0          0
1481672880          0          0               0               0          0          0          0          0
1481672882          0          0               0               0          0          0          0          0
1481672883          1          0              60               0          0          0          0          0
1481672884          0          0               0               0          0          0          0          0
1481672885          1          0              60               0          0          0          0          0
1481672886          0          0               0               0          0          0          0          0
1481672887          0          0               0               0          0          0          0          0
1481672888          0          0               0               0          0          0          0          0
1481672890          0          0               0               0          0          0          0          0
1481672891          1          0              60               0          0          0          0          0
1481672892          0          0               0               0          0          0          0          0
1481672894          2          0             120               0          0          0          0          0
1481672895          1          0              78               0          0          0          0          0
1481672896          1          0              60               0          0          0          0          0
1481672897          1          0              78               0          0          0          0          0
1481672899          0          0               0               0          0          0          0          0
1481672900          0          0               0               0          0          0          0          0
1481672901          1          0              78               0          0          0          0          0
1481672902          1          0              60               0          0          0          0          0
1481672903          3          0             198               0          0          0          0          0
1481672904          1          0              60               0          0          0          0          0
1481672906          0          0               0               0          0          0          0          0
1481672907          0          0               0               0          0          0          0          0
1481672908          1          0              60               0          0          0          0          0
1481672909          0          0               0               0          0          0          0          0
1481672910          2          0             120               0          0          0          0          0
1481672911          0          0               0               0          0          0          0          0
1481672912          1          0              60               0          0          0          0          0
1481672914          0          0               0               0          0          0          0          0
1481672915          0          0               0               0          0          0          0          0
1481672916          1          0              78               0          0          0          0          0
1481672917          1          0              60               0          0          0          0          0
1481672918          0          0               0               0          0          0          0          0
1481672919          0          0               0               0          0          0          0          0
1481672920          0          0               0               0          0          0          0          0
1481672922          1          0              60               0          0          0          0          0
1481672923          1          0              60               0          0          0          0          0
1481672924          1          0              60               0          0          0          0          0
1481672925          0          0               0               0          0          0          0          0
1481672926          0          0               0               0          0          0          0          0
1481672927          0          0               0               0          0          0          0          0
1481672928          0          0               0               0          0          0          0          0
1481672929          0          0               0               0          0          0          0          0
1481672931          1          0              60               0          0          0          0          0
1481672932          1          0              60               0          0          0          0          0
1481672933          1          0              60               0          0          0          0          0
1481672934          0          0               0               0          0          0          0          0
1481672935          1          0              60               0          0          0          0          0
1481672936          0          0               0               0          0          0          0          0
1481672937          1          0              60               0          0          0          0          0
1481672938          0          0               0               0          0          0          0          0
1481672940          0          0               0               0          0          0          0          0
1481672941          0          0               0               0          0          0          0          0
1481672942          0          0               0               0          0          0          0          0
1481672943          0          0               0               0          0          0          0          0
1481672944          0          0               0               0          0          0          0          0
1481672945          0          0               0               0          0          0          0          0
1481672946          0          0               0               0          0          0          0          0
1481672947          1          0              60               0          0          0          0          0
1481672949          2          0             120               0          0          0          0          0
1481672950          1          0              60               0          0          0          0          0
1481672951          0          0               0               0          0          0          0          0
1481672952          0          0               0               0          0          0          0          0
1481672953          0          0               0               0          0          0          0          0
1481672954          0          0               0               0          0          0          0          0
1481672955          0          0               0               0          0          0          0          0
1481672956          0          0               0               0          0          0          0          0
1481672958          0          0               0               0          0          0          0          0
1481672959          2          0             120               0          0          0          0          0
1481672960          0          0               0               0          0          0          0          0
1481672961          0          0               0               0          0          0          0          0
1481672962          0          0               0               0          0          0          0          0
1481672963          1          0              60               0          0          0          0          0
1481672964          0          0               0               0          0          0          0          0
1481672966          0          0               0               0          0          0          0          0
1481672967          1          0              60               0          0          0          0          0
1481672968          0          0               0               0          0          0          0          0
1481672969          1          0              60               0          0          0          0          0
1481672970          0          0               0               0          0          0          0          0
1481672971          0          0               0               0          0          0          0          0
1481672973          0          0               0               0          0          0          0          0
1481672974          0          0               0               0          0          0          0          0
1481672975          1          0              60               0          0          0          0          0
1481672976          0          0               0               0          0          0          0          0
1481672977          1          0              60               0          0          0          0          0
1481672978          1          0              60               0          0          0          0          0
1481672980          0          0               0               0          0          0          0          0
1481672981          0          0               0               0          0          0          0          0
1481672982          0          0               0               0          0          0          0          0
1481672983          0          0               0               0          0          0          0          0
1481672984          0          0               0               0          0          0          0          0
1481672985          0          0               0               0          0          0          0          0
1481672988          2          0             120               0          0          0          0          0
1481672991          0          0               0               0          0          0          0          0
1481672994          0          0               0               0          0          0          0          0
1481672996          1          0              60               0          0          0          0          0
1481672999          1          0              60               0          0          0          0          0
1481673002          0          0               0               0          0          0          0          0
1481673005          0          0               0               0          0          0          0          0
1481673007          0          0               0               0          0          0          0          0
1481673010          0          0               0               0          0          0          0          0
1481673013          0          0               0               0          0          0          0          0
1481673016          0          0               0               0          0          0          0          0
1481673018          2          0             120               0          0          0          0          0
1481673020          0          0               0               0          0          0          0          0
1481673022          0          0               0               0          0          0          0          0
1481673023          0          0               0               0          0          0          0          0
1481673024          1          0              60               0          0          0          0          0
1481673025          0          0               0               0          0          0          0          0
