      time tx_packets rx_packets        tx_bytes        rx_bytes  tx_errors tx_dropped rx_frame_errors rx_crc_errors
1481672791          0          0               0               0          0          0          0          0
1481672792          0          0               0               0          0          0          0          0
1481672793          0          0               0               0          0          0          0          0
1481672794          0          0               0               0          0          0          0          0
1481672795          0          0               0               0          0          0          0          0
1481672796          0          0               0               0          0          0          0          0
1481672797         58          0            3480               0          0          0          0          0
1481672799          1          0              60               0          0          0          0          0
1481672800          0          0               0               0          0          0          0          0
1481672801          1          0              60               0          0          0          0          0
1481672802          0          0               0               0          0          0          0          0
1481672803          0          0               0               0          0          0          0          0
1481672804          1          0              78               0          0          0          0          0
1481672805          0          0               0               0          0          0          0          0
1481672806          0          0               0               0          0          0          0          0
1481672807          1          0              60               0          0          0          0          0
1481672809          0          0               0               0          0          0          0          0
1481672810          1          0              60               0          0          0          0          0
1481672811          0          0               0               0          0          0          0          0
1481672812          0          0               0               0          0          0          0          0
1481672813          2          0             120               0          0          0          0          0
1481672814          1          0              60               0          0          0          0          0
1481672815          0          0               0               0          0          0          0          0
1481672816          0          0               0               0          0          0          0          0
1481672818          0          0               0               0          0          0          0          0
1481672819          0          0               0               0          0          0          0          0
1481672820          0          0               0               0          0          0          0          0
1481672821          0          0               0               0          0          0          0          0
1481672822          0          0               0               0          0          0          0          0
1481672823          1          0              78               0          0          0          0          0
1481672824          0          0               0               0          0          0          0          0
1481672825          1          0              60               0          0          0          0          0
1481672826          0          0               0               0          0          0          0          0
1481672828          0          0               0               0          0          0          0          0
1481672829          2          0             138               0          0          0          0          0
1481672830          1          0              60               0          0          0          0          0
1481672831          0          0               0               0          0          0          0          0
1481672832          0          0               0               0          0          0          0          0
1481672833          0          0               0               0          0          0          0          0
1481672834          0          0               0               0          0          0          0          0
1481672835          1          0              60               0          0          0          0          0
1481672836          0          0               0               0          0          0          0          0
1481672838          0          0               0               0          0          0          0          0
1481672839          0          0               0               0          0          0          0          0
1481672840          0          0               0               0          0          0          0          0
1481672841          0          0               0               0          0          0          0          0
1481672842          0          0               0               0          0          0          0          0
1481672843          1          0              78               0          0          0          0          0
1481672844         15          0            1170               0          0          0          0          0
1481672845         44          0            3432               0          0          0          0          0
1481672846        157          0           12228               0          0          0          0          0
1481672847        189          0           14718               0          0          0          0          0
1481672849         70          0            5460               0          0          0          0          0
1481672850          4          0             312               0          0          0          0          0
1481672851         15          0             900               0          0          0          0          0
1481672852         53          0            3270               0          0          0          0          0
1481672853        179          0           10680               0          0          0          0          0
1481672854        204          0           12240               0          0          0          0          0
1481672855         66          0            3990               0          0          0          0          0
1481672856          3          0             180               0          0          0          0          0
1481672857          0          0               0               0          0          0          0          0
1481672859          0          0               0               0          0          0          0          0
1481672860          0          0               0               0          0          0          0          0
1481672861          0          0               0               0          0          0          0          0
1481672862          0          0               0               0          0          0          0          0
1481672863          2          0             156               0          0          0          0          0
1481672864          1          0              78               0          0          0          0          0
1481672865          1          0              60               0          0          0          0          0
1481672867          3          0             198               0          0          0          0          0
1481672868          0          0               0               0          0          0          0          0
1481672870          2          0             120               0          0          0          0          0
1481672873          2          0             180               0          0          0          0          0
1481672876          1          0               0               0          0          0          0          0
1481672879          2          0             120               0          0          0          0          0
1481672880          0          0               0               0          0          0          0          0
1481672881          0          0               0               0          0          0          0          0
1481672882          0          0               0               0          0          0          0          0
1481672883          1          0              60               0          0          0          0          0
1481672884          1          0              60               0          0          0          0          0
1481672886          0          0               0               0          0          0          0          0
1481672887          0          0               0               0          0          0          0          0
1481672888          0          0               0               0          0          0          0          0
1481672889          0          0               0               0          0          0          0          0
1481672890          0          0               0               0          0          0          0          0
1481672891          1          0              60               0          0          0          0          0
1481672892          2          0             120               0          0          0          0          0
1481672894          0          0               0               0          0          0          0          0
1481672895          0          0               0               0          0          0          0          0
1481672896          1          0              78               0          0          0          0          0
1481672897          2          0             138               0          0          0          0          0
1481672898          0          0               0               0          0          0          0          0
1481672899          0          0               0               0          0          0          0          0
1481672900          1          0              78               0          0          0          0          0
1481672902          1          0              60               0          0          0          0          0
1481672903          2          0             138               0          0          0          0          0
1481672904          1          0              60               0          0          0          0          0
1481672905          1          0              60               0          0          0          0          0
1481672907          0          0               0               0          0          0          0          0
1481672908          1          0              60               0          0          0          0          0
1481672909          0          0               0               0          0          0          0          0
1481672910          2          0             120               0          0          0          0          0
1481672912          1          0              60               0          0          0          0          0
1481672915          1          0              78               0          0          0          0          0
1481672918          1          0              60               0          0          0          0          0
1481672920          0          0               0               0          0          0          0          0
1481672923          2          0             120               0          0          0          0          0
1481672926          1          0              60               0          0          0          0          0
1481672929          0          0               0               0          0          0          0          0
1481672932          1          0             120               0          0          0          0          0
1481672934          3          0             120               0          0          0          0          0
1481672937          1          0              60               0          0          0          0          0
1481672940          0          0               0               0          0          0          0          0
1481672942          0          0               0               0          0          0          0          0
1481672945          0          0               0               0          0          0          0          0
1481672948          1          0              60               0          0          0          0          0
1481672951          3          0             180               0          0          0          0          0
1481672953          0          0               0               0          0          0          0          0
1481672956          0          0               0               0          0          0          0          0
1481672959          2          0             120               0          0          0          0          0
1481672962          0          0               0               0          0          0          0          0
1481672964          1          0              60               0          0          0          0          0
1481672967          1          0              60               0          0          0          0          0
1481672970          1          0              60               0          0          0          0          0
1481672973          0          0               0               0          0          0          0          0
1481672976          1          0              60               0          0          0          0          0
1481672978          1          0             120               0          0          0          0          0
1481672981          1          0               0               0          0          0          0          0
1481672984          0          0               0               0          0          0          0          0
1481672987          2          0             120               0          0          0          0          0
1481672989          0          0               0               0          0          0          0          0
1481672992          0          0               0               0          0          0          0          0
1481672995          0          0               0               0          0          0          0          0
1481672998          1          0              60               0          0          0          0          0
1481673000          1          0              60               0          0          0          0          0
1481673003          0          0               0               0          0          0          0          0
1481673006          0          0               0               0          0          0          0          0
1481673009          0          0               0               0          0          0          0          0
1481673012          0          0               0               0          0          0          0          0
1481673014          0          0               0               0          0          0          0          0
1481673017          1          0              60               0          0          0          0          0
1481673020          1          0              60               0          0          0          0          0
1481673021          0          0               0               0          0          0          0          0
1481673022          0          0               0               0          0          0          0          0
1481673023          1          0              60               0          0          0          0          0
1481673024          0          0               0               0          0          0          0          0
