 %time 1481764379
 %usr 0.31 0.00 0.00 0.00 0.00 0.00 0.00 4.00 0.00 0.00 0.00 0.00 0.00 0.00 0.00 0.00 0.00
 %sys 0.12 0.00 0.00 0.00 0.00 0.00 0.00 1.00 0.00 0.00 0.00 0.00 0.00 0.00 0.99 0.99 0.00
 %idle 99.56 100.00 100.00 100.00 100.00 100.00 100.00 95.00 100.00 100.00 100.00 100.00 100.00 100.00 99.01 99.01 100.00
 %time 1481764380
 %usr 0.19 0.00 0.00 0.99 0.00 0.00 0.00 0.00 0.00 0.00 0.00 1.01 0.00 0.00 0.00 0.00 0.00
 %sys 0.12 0.99 0.00 0.99 0.00 0.00 0.00 0.00 0.00 0.00 0.00 0.00 0.00 0.00 0.00 0.00 0.00
 %idle 99.69 99.01 100.00 98.02 100.00 100.00 100.00 100.00 100.00 100.00 100.00 98.99 100.00 100.00 100.00 100.00 100.00
 %time 1481764381
 %usr 0.31 0.00 0.00 5.05 0.00 0.00 0.00 0.00 0.00 0.00 0.00 0.00 0.00 0.00 0.00 0.00 0.00
 %sys 0.06 0.00 0.00 0.00 0.00 0.00 0.00 0.00 0.00 0.00 0.00 0.00 0.00 0.00 0.00 0.00 0.00
 %idle 99.62 100.00 100.00 94.95 100.00 100.00 100.00 100.00 100.00 100.00 100.00 100.00 100.00 100.00 100.00 100.00 100.00
 %time 1481764382
 %usr 0.19 0.00 0.00 1.98 0.00 0.00 0.00 0.00 0.00 0.00 0.00 0.99 0.00 0.00 0.00 0.00 0.00
 %sys 0.06 0.00 0.00 0.99 0.00 0.00 0.00 0.00 0.00 0.00 0.00 0.99 0.00 0.00 0.00 0.00 0.00
 %idle 99.56 100.00 100.00 97.03 97.00 100.00 100.00 100.00 100.00 100.00 100.00 98.02 100.00 100.00 100.00 100.00 100.00
 %time 1481764383
 %usr 0.25 0.00 0.00 4.00 0.00 0.00 0.00 0.00 0.00 0.00 0.00 0.00 0.00 0.00 0.00 0.00 0.00
 %sys 0.06 0.00 0.00 2.00 0.00 0.00 0.00 0.00 0.00 0.00 0.00 0.00 0.00 0.00 0.00 0.00 0.00
 %idle 99.50 100.00 100.00 94.00 97.00 100.00 100.00 100.00 100.00 100.00 100.00 100.00 100.00 100.00 100.00 100.00 100.00
 %time 1481764385
 %usr 0.44 0.00 0.00 0.00 0.00 0.00 0.00 0.00 6.00 0.00 0.00 1.98 0.00 0.00 0.00 0.00 0.00
 %sys 0.19 0.00 0.00 0.00 0.00 0.00 0.00 0.00 2.00 0.00 0.00 0.00 0.00 0.00 0.00 0.00 0.00
 %idle 99.38 100.00 100.00 100.00 100.00 100.00 100.00 100.00 92.00 100.00 100.00 98.02 100.00 100.00 100.00 100.00 100.00
 %time 1481764386
 %usr 0.19 0.00 1.00 0.00 0.00 0.00 0.00 0.00 0.00 0.00 0.00 1.00 0.00 0.00 0.00 0.00 0.00
 %sys 0.06 0.00 0.00 0.00 0.00 0.00 0.00 0.00 0.00 0.00 0.00 1.00 0.00 0.00 0.00 0.00 0.00
 %idle 99.75 100.00 99.00 100.00 100.00 100.00 100.00 100.00 100.00 100.00 100.00 98.00 100.00 100.00 100.00 100.00 100.00
 %time 1481764387
 %usr 0.31 0.00 5.00 0.00 0.00 0.00 0.00 0.00 0.00 0.00 0.00 0.00 0.00 0.00 0.00 0.00 0.00
 %sys 0.19 1.00 2.00 0.00 0.00 0.00 0.00 0.00 0.00 0.00 0.00 0.00 0.00 0.00 0.00 0.00 0.00
 %idle 99.50 99.00 93.00 100.00 100.00 100.00 100.00 100.00 100.00 100.00 100.00 100.00 100.00 100.00 100.00 100.00 100.00
 %time 1481764388
 %usr 0.44 0.00 0.00 0.00 0.00 0.00 0.00 0.00 6.00 0.00 0.00 0.99 0.00 0.00 0.00 0.00 0.00
 %sys 0.19 0.00 1.00 0.00 0.00 0.00 0.00 0.00 2.00 0.00 0.00 0.99 0.00 0.00 0.00 0.00 0.00
 %idle 99.38 100.00 99.00 100.00 100.00 100.00 100.00 100.00 92.00 100.00 100.00 98.02 100.00 100.00 100.00 100.00 100.00
 %time 1481764389
 %usr 0.50 0.00 0.00 0.00 6.93 0.00 0.00 0.00 0.00 0.00 0.00 1.00 0.00 0.00 0.00 0.00 0.00
 %sys 0.12 0.00 0.00 0.00 0.99 0.00 0.00 0.00 0.00 0.00 0.00 1.00 0.00 0.00 0.00 0.00 0.00
 %idle 99.38 100.00 100.00 100.00 92.08 100.00 100.00 100.00 100.00 100.00 100.00 98.00 100.00 100.00 100.00 100.00 100.00
 %time 1481764390
 %usr 0.06 0.00 0.00 0.00 0.00 0.00 0.00 0.00 0.00 0.00 0.00 0.00 0.00 0.00 0.00 0.00 0.00
 %sys 0.12 0.00 0.00 0.00 0.00 0.00 0.00 0.00 0.00 0.00 0.00 0.00 0.00 0.99 0.00 0.00 0.00
 %idle 98.06 100.00 98.00 100.00 100.00 100.00 100.00 100.00 100.00 82.83 91.00 100.00 100.00 99.01 100.00 100.00 100.00
 %time 1481764391
 %usr 1.31 0.00 0.00 0.00 0.00 0.00 0.00 0.00 0.00 10.10 11.00 0.00 0.00 0.00 0.00 0.00 0.00
 %sys 0.25 0.00 0.00 0.00 0.00 0.00 0.00 0.00 0.00 3.03 1.00 0.00 0.00 0.00 0.00 0.00 0.00
 %idle 93.99 100.00 100.00 100.00 100.00 100.00 100.00 100.00 100.00 15.15 88.00 100.00 100.00 100.00 100.00 100.00 100.00
 %time 1481764392
 %usr 1.56 0.00 0.00 0.00 0.00 0.00 0.00 0.00 0.00 14.85 10.10 0.00 0.00 0.00 0.00 0.00 0.00
 %sys 0.44 0.00 0.00 0.99 1.00 0.00 0.00 0.99 0.00 2.97 1.01 0.00 0.00 0.00 0.00 0.00 0.00
 %idle 93.94 100.00 98.99 98.02 76.00 100.00 100.00 99.01 100.00 45.54 85.86 100.00 100.00 100.00 100.00 100.00 100.00
 %time 1481764394
 %usr 1.62 3.03 1.00 0.00 21.57 0.00 0.00 0.00 0.00 0.00 0.00 0.00 0.00 0.00 0.00 0.00 0.00
 %sys 0.50 2.02 2.00 0.00 1.96 0.00 0.00 0.00 0.00 0.99 1.01 0.99 0.00 0.00 0.00 0.00 0.00
 %idle 93.81 94.95 92.00 100.00 17.65 100.00 100.00 100.00 100.00 99.01 98.99 99.01 100.00 100.00 100.00 100.00 100.00
 %time 1481764395
 %usr 6.26 9.00 18.81 7.00 12.12 7.00 13.00 6.93 7.00 2.02 14.14 3.03 0.00 1.00 0.00 0.00 0.00
 %sys 1.81 3.00 4.95 3.00 3.03 2.00 2.00 1.98 1.00 0.00 5.05 1.01 0.00 0.00 0.00 0.00 0.00
 %idle 90.74 87.00 71.29 90.00 73.74 91.00 85.00 91.09 92.00 96.97 79.80 95.96 100.00 99.00 100.00 100.00 100.00
 %time 1481764396
 %usr 0.38 1.00 0.00 1.00 0.00 0.99 1.00 0.00 0.00 0.99 0.98 0.00 0.00 0.00 0.00 0.00 0.00
 %sys 0.25 0.00 0.00 0.00 0.00 0.00 0.00 0.00 0.00 2.97 0.98 0.00 0.00 0.00 0.00 0.00 0.00
 %idle 98.87 99.00 100.00 99.00 100.00 99.01 99.00 100.00 100.00 92.08 96.08 97.00 100.00 100.00 100.00 100.00 100.00
 %time 1481764397
 %usr 0.00 0.00 0.00 0.00 0.00 0.00 0.00 0.00 0.00 0.00 0.00 0.00 0.00 0.00 0.00 0.00 0.00
 %sys 0.12 0.00 0.00 0.00 0.00 0.00 0.00 0.00 0.00 0.99 0.00 0.00 0.00 0.00 0.00 0.00 0.00
 %idle 99.88 100.00 100.00 100.00 100.00 100.00 100.00 100.00 100.00 99.01 100.00 100.00 100.00 100.00 100.00 100.00 100.00
 %time 1481764398
 %usr 1.94 0.00 0.00 0.00 0.00 0.00 0.00 0.00 0.00 16.00 16.00 0.00 0.00 0.00 0.00 0.00 0.00
 %sys 1.38 0.00 0.00 0.00 0.99 0.00 0.00 0.00 0.99 9.00 7.00 2.02 0.00 0.00 0.00 0.00 1.01
 %idle 94.00 100.00 100.00 100.00 99.01 100.00 100.00 100.00 99.01 54.00 56.00 97.98 100.00 100.00 100.00 100.00 98.99
 %time 1481764399
 %usr 3.06 0.00 0.00 0.00 0.00 0.00 0.00 0.00 0.00 45.54 4.04 0.00 0.00 0.00 0.00 0.00 0.00
 %sys 0.25 0.00 0.00 0.00 0.00 0.00 0.00 0.00 0.00 0.99 2.02 0.00 0.00 0.00 0.00 0.00 0.00
 %idle 87.50 100.00 100.00 100.00 100.00 100.00 100.00 100.00 100.00 0.00 0.00 100.00 100.00 100.00 100.00 100.00 100.00
 %time 1481764400
 %usr 0.44 0.00 0.00 0.00 0.00 0.00 0.00 0.00 0.00 2.00 5.00 0.00 0.00 0.00 0.00 0.00 0.00
 %sys 0.44 0.00 0.00 0.99 0.00 0.00 0.00 0.00 0.00 1.00 4.00 0.00 1.00 0.99 0.99 0.99 0.00
 %idle 87.18 100.00 100.00 99.01 95.05 100.00 100.00 100.00 100.00 0.00 0.00 100.00 99.00 99.01 99.01 99.01 100.00
 %time 1481764401
 %usr 0.50 0.00 0.00 0.00 0.00 0.00 0.00 0.00 0.00 2.02 6.00 0.00 0.00 0.00 0.00 0.00 0.00
 %sys 0.56 0.00 0.99 0.99 0.00 0.00 0.00 0.00 0.00 1.01 5.00 0.00 0.00 0.00 0.00 0.00 0.00
 %idle 87.33 100.00 99.01 99.01 100.00 100.00 100.00 100.00 100.00 0.00 0.00 100.00 100.00 100.00 100.00 100.00 100.00
 %time 1481764403
 %usr 0.69 0.00 0.00 0.00 0.00 0.00 0.00 0.00 0.00 2.00 8.00 0.00 0.00 0.00 0.00 0.00 0.00
 %sys 0.62 0.99 0.00 0.00 0.00 0.00 0.00 0.00 0.00 2.00 6.00 0.99 0.00 0.00 0.00 0.00 0.00
 %idle 87.32 99.01 100.00 100.00 100.00 100.00 100.00 100.00 100.00 0.00 0.00 99.01 100.00 100.00 100.00 100.00 100.00
 %time 1481764404
 %usr 0.56 0.00 0.00 0.00 0.00 0.00 0.00 0.00 0.00 2.00 6.06 0.00 0.00 0.00 0.00 0.00 0.00
 %sys 0.62 1.00 0.99 0.00 0.00 0.00 0.00 0.00 0.00 1.00 5.05 0.00 0.99 0.00 0.00 0.00 0.00
 %idle 87.26 99.00 99.01 100.00 100.00 100.00 100.00 100.00 100.00 0.00 0.00 100.00 99.01 100.00 100.00 100.00 100.00
 %time 1481764405
 %usr 0.37 0.00 0.00 0.00 0.00 0.00 0.00 0.00 0.00 3.00 3.00 0.00 0.00 0.00 0.00 0.00 0.00
 %sys 0.44 0.00 1.00 0.00 0.00 0.00 0.00 0.00 0.00 2.00 3.00 0.00 0.00 1.00 0.00 0.00 0.00
 %idle 87.32 100.00 99.00 100.00 100.00 100.00 100.00 100.00 100.00 0.00 0.00 100.00 100.00 99.00 100.00 100.00 100.00
 %time 1481764406
 %usr 0.50 0.00 0.00 0.00 0.00 0.00 0.00 0.00 0.00 3.00 5.00 0.00 0.00 0.00 0.00 0.00 0.00
 %sys 0.56 1.00 0.00 0.00 0.00 0.00 0.00 0.00 0.00 2.00 4.00 0.00 0.00 0.00 0.00 0.00 0.00
 %idle 87.27 99.00 100.00 100.00 100.00 100.00 100.00 100.00 100.00 0.00 0.00 100.00 100.00 100.00 100.00 100.00 100.00
 %time 1481764407
 %usr 0.69 0.00 0.00 0.00 0.00 0.00 0.00 0.00 0.00 4.04 6.06 0.00 0.00 0.00 0.00 0.00 0.00
 %sys 0.63 0.00 1.00 0.99 0.00 0.00 0.00 0.00 0.00 3.03 4.04 0.99 0.00 0.00 0.00 0.00 0.00
 %idle 87.37 100.00 99.00 99.01 100.00 100.00 100.00 100.00 100.00 0.00 0.00 99.01 100.00 100.00 100.00 100.00 100.00
 %time 1481764409
 %usr 0.56 0.00 0.00 0.00 0.00 0.00 0.00 0.00 0.00 5.94 3.00 0.00 0.00 0.00 0.00 0.00 0.00
 %sys 0.50 0.00 0.99 0.00 0.00 0.00 0.00 0.00 0.00 4.95 2.00 0.00 0.99 0.00 0.00 0.00 0.00
 %idle 87.38 100.00 99.01 100.00 100.00 100.00 100.00 100.00 100.00 0.00 0.00 100.00 99.01 100.00 100.00 100.00 100.00
 %time 1481764410
 %usr 0.12 0.00 0.00 0.00 0.00 0.00 0.00 0.00 0.00 1.98 0.00 0.00 0.00 0.00 0.00 0.00 0.00
 %sys 0.19 0.00 0.00 0.00 0.00 0.00 0.00 0.00 0.00 1.98 0.00 0.00 0.00 0.00 0.00 0.00 0.00
 %idle 87.38 100.00 100.00 100.00 100.00 100.00 100.00 100.00 100.00 0.00 0.00 100.00 100.00 100.00 100.00 100.00 100.00
 %time 1481764412
 %usr 0.19 0.00 0.00 0.00 0.00 0.00 0.00 0.00 0.00 1.01 2.00 0.00 0.00 0.00 0.00 0.00 0.00
 %sys 0.25 0.99 0.00 0.00 0.99 0.00 0.00 0.00 0.00 0.00 2.00 0.00 0.00 0.00 0.00 0.00 0.00
 %idle 87.43 99.01 100.00 100.00 99.01 100.00 100.00 100.00 100.00 0.00 0.00 100.00 100.00 100.00 100.00 100.00 100.00
 %time 1481764423
 %usr 0.31 0.00 0.00 0.99 0.00 0.00 0.00 0.00 0.00 2.97 2.00 0.00 0.00 0.00 0.00 0.00 0.00
 %sys 0.31 1.00 0.99 0.00 0.00 0.00 0.00 0.00 0.00 1.98 2.00 0.00 0.00 0.00 0.00 0.00 0.00
 %idle 87.44 99.00 99.01 99.01 100.00 100.00 100.00 100.00 100.00 0.00 0.00 100.00 100.00 100.00 100.00 100.00 100.00
 %time 1481764424
 %usr 0.50 0.00 0.00 0.00 0.00 0.00 0.00 0.00 0.00 4.95 4.00 0.00 0.00 0.00 0.00 0.00 0.00
 %sys 0.50 0.99 0.00 0.00 0.00 0.00 0.00 0.00 0.00 3.96 3.00 0.00 0.00 0.00 0.00 0.00 0.00
 %idle 87.38 99.01 100.00 100.00 100.00 100.00 100.00 100.00 100.00 0.00 0.00 100.00 100.00 100.00 100.00 100.00 100.00
 %time 1481764426
 %usr 0.88 0.00 0.00 0.00 0.00 0.00 0.00 0.00 0.00 7.92 7.00 0.00 0.00 0.00 0.00 0.00 0.00
 %sys 0.75 0.00 0.00 0.00 0.00 0.00 0.00 0.00 0.00 3.96 4.00 0.00 0.00 0.00 0.00 0.00 0.00
 %idle 87.31 100.00 100.00 100.00 100.00 100.00 100.00 100.00 100.00 0.00 0.00 100.00 100.00 100.00 100.00 100.00 100.00
 %time 1481764427
 %usr 0.81 0.00 0.00 0.00 0.00 0.00 0.00 0.00 0.00 3.03 9.09 0.00 0.00 0.00 0.00 0.00 0.00
 %sys 0.75 1.00 1.00 1.00 0.00 0.00 0.00 0.00 0.00 2.02 6.06 0.00 0.00 0.00 0.00 0.00 0.00
 %idle 87.26 99.00 99.00 99.00 100.00 100.00 100.00 100.00 100.00 0.00 0.00 100.00 100.00 100.00 100.00 100.00 100.00
 %time 1481764428
 %usr 0.75 0.00 0.00 0.00 0.00 0.00 0.00 0.00 0.00 5.00 7.07 0.00 0.00 0.00 0.00 0.00 0.00
 %sys 0.81 0.00 1.01 0.00 0.00 0.00 0.00 0.00 0.00 5.00 4.04 0.00 0.99 0.00 0.00 0.00 0.00
 %idle 87.31 100.00 98.99 100.00 100.00 100.00 100.00 100.00 100.00 0.00 0.00 100.00 99.01 100.00 100.00 100.00 100.00
 %time 1481764429
 %usr 0.62 0.00 0.00 0.00 0.00 0.00 0.00 0.00 0.00 7.07 3.00 0.00 0.00 0.00 0.00 0.00 0.00
 %sys 0.69 0.00 1.98 0.99 0.00 0.00 0.00 0.00 0.00 5.05 2.00 0.00 0.99 0.99 0.99 0.00 0.00
 %idle 87.26 100.00 98.02 99.01 100.00 100.00 100.00 100.00 100.00 0.00 0.00 100.00 99.01 99.01 99.01 100.00 100.00
 %time 1481764430
 %usr 0.69 0.00 0.00 0.00 0.00 0.00 0.00 0.00 0.00 7.92 3.03 0.00 0.00 0.00 0.00 0.00 0.00
 %sys 0.75 0.00 1.98 0.99 0.00 0.00 0.00 0.00 0.00 5.94 2.02 0.00 0.00 0.00 0.00 0.00 0.00
 %idle 87.25 100.00 98.02 99.01 100.00 100.00 100.00 100.00 100.00 0.00 0.00 100.00 100.00 100.00 100.00 100.00 100.00
 %time 1481764431
 %usr 0.62 0.00 0.00 0.00 0.00 0.00 0.00 0.00 0.00 6.00 4.04 0.00 0.00 0.00 0.00 0.00 0.00
 %sys 0.56 0.00 0.00 0.00 0.00 0.00 0.00 0.00 0.00 4.00 2.02 0.00 0.00 0.00 0.00 0.99 0.00
 %idle 87.38 100.00 100.00 100.00 100.00 100.00 100.00 100.00 100.00 0.00 0.00 100.00 100.00 100.00 100.00 99.01 100.00
 %time 1481764432
 %usr 0.81 0.00 0.00 0.00 0.00 0.00 0.00 0.00 0.00 8.00 5.00 0.00 0.00 0.00 0.00 0.00 0.00
 %sys 0.69 0.99 1.00 0.00 0.00 0.00 0.00 0.00 0.00 4.00 4.00 0.00 0.00 0.99 0.00 0.00 0.00
 %idle 87.31 99.01 99.00 100.00 100.00 100.00 100.00 100.00 100.00 0.00 0.00 100.00 100.00 99.01 100.00 100.00 100.00
 %time 1481764434
 %usr 0.25 0.00 0.00 0.00 0.00 0.00 0.00 0.00 0.00 3.03 1.00 0.00 0.00 0.00 0.00 0.00 0.00
 %sys 0.25 0.00 0.00 0.00 0.00 0.00 0.00 0.00 0.00 2.02 0.00 0.00 0.00 0.00 0.00 0.00 0.00
 %idle 87.43 100.00 100.00 100.00 100.00 100.00 100.00 100.00 100.00 0.00 0.00 100.00 100.00 100.00 100.00 100.00 100.00
 %time 1481764435
 %usr 0.19 0.00 0.00 0.00 0.00 0.00 0.00 0.00 0.00 0.00 2.00 0.00 0.00 0.00 0.00 0.00 0.00
 %sys 0.25 1.00 0.00 0.99 0.99 0.00 0.00 0.00 0.00 2.00 2.00 0.00 0.99 0.00 0.00 0.00 0.00
 %idle 87.38 99.00 100.00 99.01 99.01 100.00 100.00 100.00 100.00 0.00 0.00 100.00 99.01 100.00 100.00 100.00 100.00
 %time 1481764436
 %usr 0.19 0.00 0.00 0.00 0.00 0.00 0.00 0.00 0.00 3.00 1.00 0.00 0.00 0.00 0.00 0.00 0.00
 %sys 0.19 0.00 0.99 0.00 0.00 0.00 0.00 0.00 0.00 2.00 0.00 0.00 0.99 0.00 0.00 0.00 0.00
 %idle 87.45 100.00 99.01 100.00 100.00 100.00 100.00 100.00 100.00 0.00 0.00 100.00 99.01 100.00 100.00 100.00 100.00
 %time 1481764437
 %usr 0.31 0.00 0.00 0.00 0.00 0.00 0.00 0.00 0.00 4.00 0.00 0.00 0.00 0.00 0.00 0.00 0.00
 %sys 0.44 0.00 1.00 0.00 0.00 0.00 0.00 0.99 0.00 3.00 1.01 0.00 1.00 0.00 0.00 0.00 0.00
 %idle 87.38 100.00 99.00 100.00 100.00 100.00 100.00 99.01 100.00 0.00 0.00 100.00 99.00 100.00 100.00 100.00 100.00
 %time 1481764438
 %usr 0.50 0.00 0.00 0.00 0.00 0.00 0.00 0.00 0.00 4.95 3.03 0.00 0.00 0.00 0.00 0.00 0.00
 %sys 0.69 0.00 0.00 0.00 0.00 0.00 0.00 0.00 0.00 2.97 3.03 0.99 1.00 0.00 0.00 0.00 1.00
 %idle 87.20 100.00 100.00 100.00 100.00 100.00 100.00 100.00 100.00 0.00 0.00 99.01 99.00 100.00 100.00 100.00 99.00
 %time 1481764439
 %usr 0.75 0.00 0.00 0.00 0.00 0.00 0.00 0.00 0.00 3.96 9.00 0.00 0.00 0.00 0.00 0.00 0.00
 %sys 0.75 1.00 1.00 0.00 0.00 0.00 0.00 0.00 0.00 2.97 6.00 1.00 0.00 0.00 0.00 0.99 0.00
 %idle 87.30 99.00 99.00 100.00 100.00 100.00 100.00 100.00 100.00 0.00 0.00 99.00 100.00 100.00 100.00 99.01 100.00
 %time 1481764440
 %usr 0.69 0.00 0.00 0.00 0.00 0.00 0.00 0.00 0.00 2.00 8.08 0.00 0.00 0.00 0.00 0.00 0.00
 %sys 0.62 0.00 0.00 0.99 0.00 0.00 0.00 0.00 0.00 2.00 5.05 0.99 0.00 0.00 0.00 0.00 0.00
 %idle 87.32 100.00 100.00 99.01 100.00 100.00 100.00 100.00 100.00 0.00 0.00 99.01 100.00 100.00 100.00 100.00 100.00
 %time 1481764442
 %usr 0.56 0.00 0.00 0.00 0.00 0.00 0.00 0.00 0.00 4.04 4.95 0.00 0.00 0.00 0.00 0.00 0.00
 %sys 0.56 0.00 0.99 0.00 0.00 0.00 0.00 0.00 0.00 3.03 3.96 0.00 0.00 0.00 0.00 0.00 0.00
 %idle 87.38 100.00 99.01 100.00 100.00 100.00 100.00 100.00 100.00 0.00 0.00 100.00 100.00 100.00 100.00 100.00 100.00
 %time 1481764443
 %usr 0.69 0.00 0.00 0.00 0.00 0.00 0.00 0.00 0.00 4.95 6.06 0.00 0.00 0.00 0.00 0.00 0.00
 %sys 0.69 0.00 0.00 0.00 0.00 0.00 0.00 0.00 0.00 3.96 4.04 1.00 1.00 0.00 0.00 0.00 0.00
 %idle 87.37 100.00 100.00 100.00 100.00 100.00 100.00 100.00 100.00 0.00 0.00 99.00 99.00 100.00 100.00 100.00 100.00
 %time 1481764444
 %usr 0.50 0.00 0.00 0.00 0.00 0.00 0.00 0.00 0.00 3.96 3.03 0.00 0.00 0.00 0.00 0.00 0.00
 %sys 0.75 1.00 0.99 0.99 0.00 0.00 0.00 0.00 0.00 3.96 4.04 1.00 1.00 0.00 0.00 0.00 0.00
 %idle 87.20 99.00 99.01 99.01 100.00 100.00 100.00 100.00 100.00 0.00 0.00 99.00 99.00 100.00 100.00 100.00 100.00
 %time 1481764445
 %usr 0.75 0.00 0.00 0.00 0.00 0.00 0.00 0.00 0.00 5.05 6.93 0.00 0.00 0.00 0.00 0.00 0.00
 %sys 0.81 0.00 0.00 0.00 1.00 0.00 0.00 0.00 0.00 4.04 4.95 0.00 1.00 0.00 0.00 0.99 0.00
 %idle 87.21 100.00 100.00 100.00 99.00 100.00 100.00 100.00 100.00 0.00 0.00 100.00 99.00 100.00 100.00 99.01 100.00
 %time 1481764446
 %usr 0.69 0.00 0.00 0.00 0.00 0.00 0.00 0.00 0.00 5.94 5.94 0.00 0.00 0.00 0.00 0.00 0.00
 %sys 0.56 0.00 0.00 0.00 0.00 0.00 0.00 0.00 0.00 3.96 3.96 0.00 0.00 0.00 0.00 0.00 0.00
 %idle 87.43 100.00 100.00 100.00 100.00 100.00 100.00 100.00 100.00 0.00 0.00 100.00 100.00 100.00 100.00 100.00 100.00
 %time 1481764447
 %usr 0.50 0.00 0.00 0.00 0.00 0.00 0.00 0.00 0.00 4.95 3.00 0.00 0.00 0.00 0.00 0.00 0.00
 %sys 0.56 1.00 1.00 0.99 0.00 0.00 0.00 0.00 0.00 4.95 3.00 0.00 0.00 0.00 0.00 0.00 0.00
 %idle 87.42 99.00 99.00 99.01 100.00 100.00 100.00 100.00 100.00 0.00 0.00 100.00 100.00 100.00 100.00 100.00 100.00
 %time 1481764449
 %usr 0.94 0.00 0.00 0.00 0.00 0.00 0.00 0.00 0.00 9.00 5.94 0.00 0.00 0.00 0.00 0.00 0.00
 %sys 0.69 0.00 0.00 1.00 0.99 0.00 0.00 0.00 0.00 5.00 4.95 0.00 0.00 0.00 0.00 0.00 0.00
 %idle 87.38 100.00 100.00 99.00 99.01 100.00 100.00 100.00 100.00 0.00 0.00 100.00 100.00 100.00 100.00 100.00 100.00
 %time 1481764450
 %usr 0.94 0.00 0.99 0.00 0.00 0.00 0.00 0.00 0.00 3.00 12.00 0.00 0.00 0.00 0.00 0.00 0.00
 %sys 0.94 1.00 0.99 1.00 0.00 0.00 0.00 0.00 0.00 2.00 8.00 0.99 0.99 0.00 0.00 0.00 0.00
 %idle 87.14 99.00 98.02 99.00 100.00 100.00 100.00 100.00 100.00 0.00 0.00 99.01 99.01 100.00 100.00 100.00 100.00
 %time 1481764451
 %usr 0.69 0.00 0.00 0.00 0.00 0.00 0.00 0.00 0.00 2.00 9.90 0.00 0.00 0.00 0.00 0.00 0.00
 %sys 0.81 0.00 0.00 1.00 0.99 0.00 0.00 0.00 0.00 2.00 6.93 0.00 0.99 0.00 0.00 0.99 0.00
 %idle 87.26 100.00 100.00 99.00 99.01 100.00 100.00 100.00 100.00 0.00 0.00 100.00 99.01 100.00 100.00 99.01 100.00
 %time 1481764452
 %usr 0.56 0.00 0.00 0.00 0.00 0.00 0.00 0.00 0.00 2.00 8.00 0.00 0.00 0.00 0.00 0.00 0.00
 %sys 0.56 0.00 0.00 0.00 0.00 0.00 0.00 0.00 0.00 1.00 5.00 0.99 1.00 0.00 0.00 0.00 0.00
 %idle 87.38 100.00 100.00 100.00 100.00 100.00 100.00 100.00 100.00 0.00 0.00 99.01 99.00 100.00 100.00 100.00 100.00
 %time 1481764453
 %usr 0.62 0.00 0.00 0.00 0.00 0.00 0.00 0.00 0.00 2.00 7.07 0.00 0.00 0.00 0.00 0.00 0.00
 %sys 0.50 0.00 0.99 0.00 0.00 0.00 0.00 0.00 0.00 3.00 3.03 0.00 0.99 0.00 0.00 0.00 0.00
 %idle 87.38 100.00 99.01 100.00 100.00 100.00 100.00 100.00 100.00 0.00 0.00 100.00 99.01 100.00 100.00 100.00 100.00
 %time 1481764454
 %usr 0.87 0.00 0.00 0.00 0.00 0.00 0.00 0.00 0.00 8.91 5.00 0.00 0.00 0.00 0.00 0.00 0.00
 %sys 0.75 0.99 0.00 1.00 0.00 0.00 0.00 0.00 0.00 6.93 3.00 1.00 0.99 0.00 0.00 0.00 0.00
 %idle 87.32 99.01 100.00 99.00 100.00 100.00 100.00 100.00 100.00 0.00 0.00 99.00 99.01 100.00 100.00 100.00 100.00
 %time 1481764455
 %usr 0.56 0.00 0.00 0.00 0.00 0.00 0.00 0.00 0.00 6.00 3.00 0.00 0.00 0.00 0.00 0.00 0.00
 %sys 0.50 0.00 0.00 1.00 0.00 0.00 0.00 0.00 0.00 4.00 3.00 0.00 0.99 0.00 0.00 0.00 0.00
 %idle 87.38 100.00 100.00 99.00 100.00 100.00 100.00 100.00 100.00 0.00 0.00 100.00 99.01 100.00 100.00 100.00 100.00
 %time 1481764457
 %usr 0.75 0.00 0.00 0.00 0.00 0.00 0.00 0.00 0.00 7.00 5.00 0.00 0.00 0.00 0.00 0.00 0.00
 %sys 0.63 1.00 0.00 1.00 0.00 0.00 0.00 0.00 0.00 5.00 3.00 0.00 0.00 0.00 0.00 0.00 0.00
 %idle 87.37 99.00 100.00 99.00 100.00 100.00 100.00 100.00 100.00 0.00 0.00 100.00 100.00 100.00 100.00 100.00 100.00
 %time 1481764458
 %usr 0.69 0.00 0.00 0.00 0.00 0.00 0.00 0.00 0.00 10.00 1.01 0.00 0.00 0.00 0.00 0.00 0.00
 %sys 0.63 0.00 1.00 0.00 0.00 0.00 0.00 0.00 0.00 7.00 1.01 0.00 0.00 0.00 0.00 0.00 0.00
 %idle 87.37 100.00 99.00 100.00 100.00 100.00 100.00 100.00 100.00 0.00 0.00 100.00 100.00 100.00 100.00 100.00 100.00
 %time 1481764459
 %usr 0.75 0.00 0.00 0.00 0.00 0.00 0.00 0.00 0.00 9.90 2.00 0.00 0.00 0.00 0.00 0.00 0.00
 %sys 0.75 0.99 1.00 0.00 0.00 0.00 0.00 0.00 0.00 6.93 2.00 0.00 0.00 0.00 0.00 0.00 0.00
 %idle 87.25 99.01 99.00 100.00 100.00 100.00 100.00 100.00 100.00 0.00 0.00 100.00 100.00 100.00 100.00 100.00 100.00
 %time 1481764460
 %usr 0.69 0.00 0.00 0.00 0.00 0.00 0.00 0.00 0.00 8.08 3.00 0.00 0.00 0.00 0.00 0.00 0.00
 %sys 0.69 0.99 1.00 0.00 0.99 0.00 0.00 0.00 0.00 4.04 4.00 0.00 0.00 0.00 0.00 0.00 0.00
 %idle 87.31 99.01 99.00 100.00 99.01 100.00 100.00 100.00 100.00 0.00 0.00 100.00 100.00 100.00 100.00 100.00 100.00
 %time 1481764461
 %usr 0.62 0.00 0.00 0.00 0.00 0.00 0.00 0.00 0.00 3.00 6.06 0.00 0.00 0.00 0.00 0.00 0.00
 %sys 0.62 1.00 0.00 0.00 0.00 0.00 0.00 0.00 0.00 3.00 4.04 0.00 0.00 0.00 0.00 1.00 0.00
 %idle 87.32 99.00 100.00 100.00 100.00 100.00 100.00 100.00 100.00 0.00 0.00 100.00 100.00 100.00 100.00 99.00 100.00
 %time 1481764462
 %usr 0.75 0.00 0.00 0.00 0.00 0.00 0.00 0.00 0.00 5.00 6.06 0.00 0.00 0.00 0.00 0.00 0.00
 %sys 0.56 0.00 0.00 0.00 0.00 0.00 0.00 0.00 0.00 2.00 5.05 0.99 0.00 0.00 0.00 0.00 0.00
 %idle 87.38 100.00 100.00 100.00 100.00 100.00 100.00 100.00 100.00 0.00 0.00 99.01 100.00 100.00 100.00 100.00 100.00
 %time 1481764463
 %usr 0.75 0.00 0.00 0.00 0.00 0.00 0.00 0.00 0.00 5.05 6.93 0.00 0.00 0.00 0.00 0.00 0.00
 %sys 0.56 1.00 0.00 0.00 0.00 0.00 0.00 0.00 0.00 4.04 2.97 0.99 0.00 0.00 0.00 0.00 0.00
 %idle 87.32 99.00 100.00 100.00 100.00 100.00 100.00 100.00 100.00 0.00 0.00 99.01 100.00 100.00 100.00 100.00 100.00
 %time 1481764464
 %usr 0.62 0.00 0.00 0.00 0.00 0.00 0.00 0.00 0.00 8.08 2.02 0.00 0.00 0.00 0.00 0.00 0.00
 %sys 0.69 0.00 0.00 1.00 0.99 0.00 0.00 0.00 0.00 5.05 2.02 0.00 0.99 0.99 0.00 0.99 0.00
 %idle 87.31 100.00 100.00 99.00 99.01 100.00 100.00 100.00 100.00 0.00 0.00 100.00 99.01 99.01 100.00 99.01 100.00
 %time 1481764466
 %usr 0.62 0.00 0.00 0.00 0.00 0.00 0.00 0.00 0.00 6.93 4.00 0.00 0.00 0.00 0.00 0.00 0.00
 %sys 0.69 2.02 0.00 0.00 0.00 0.00 0.00 0.99 0.00 4.95 3.00 0.00 0.00 0.00 0.00 0.00 0.00
 %idle 87.25 97.98 100.00 100.00 100.00 100.00 100.00 99.01 100.00 0.00 0.00 100.00 100.00 100.00 100.00 100.00 100.00
 %time 1481764467
 %usr 0.44 0.00 0.00 0.00 0.00 0.00 0.00 0.00 0.00 4.95 2.00 0.00 0.00 0.00 0.00 0.00 0.00
 %sys 0.56 0.00 1.00 0.00 0.00 0.00 0.00 0.00 0.00 3.96 3.00 0.00 0.00 0.00 0.00 0.99 0.00
 %idle 87.31 100.00 99.00 100.00 100.00 100.00 100.00 100.00 100.00 0.00 0.00 100.00 100.00 100.00 100.00 99.01 100.00
 %time 1481764468
 %usr 0.56 0.00 0.00 0.00 0.00 0.00 0.00 0.00 0.00 4.08 4.00 0.00 0.00 0.00 0.00 0.00 0.00
 %sys 0.50 0.00 0.00 0.00 0.00 0.00 0.00 0.00 0.00 2.04 3.00 0.00 0.00 0.00 0.00 0.00 0.00
 %idle 87.38 100.00 100.00 100.00 100.00 100.00 100.00 100.00 100.00 0.00 0.00 100.00 100.00 100.00 100.00 100.00 100.00
 %time 1481764469
 %usr 0.31 0.00 0.00 0.00 0.00 0.00 0.00 0.00 0.00 3.96 2.00 0.00 0.00 0.00 0.00 0.00 0.00
 %sys 0.31 1.00 0.00 0.00 0.99 0.00 0.00 0.00 0.00 1.98 1.00 0.00 0.00 0.00 0.00 0.00 0.99
 %idle 87.38 99.00 100.00 100.00 99.01 100.00 100.00 100.00 100.00 0.00 0.00 100.00 100.00 100.00 100.00 100.00 99.01
 %time 1481764470
 %usr 0.50 0.00 0.00 0.00 0.00 0.00 0.00 0.00 0.00 3.00 5.00 0.00 0.00 0.00 0.00 0.00 0.00
 %sys 0.50 0.00 0.99 0.00 0.00 0.00 0.00 0.00 0.00 1.00 4.00 0.00 0.00 0.00 0.00 0.00 0.00
 %idle 87.38 100.00 99.01 100.00 100.00 100.00 100.00 100.00 100.00 0.00 0.00 100.00 100.00 100.00 100.00 100.00 100.00
 %time 1481764473
 %usr 0.44 0.00 0.00 0.00 0.00 0.00 0.00 0.00 0.00 3.03 3.03 0.00 0.00 0.00 0.00 0.00 0.00
 %sys 0.44 0.00 0.00 0.00 0.00 0.00 0.00 0.00 0.00 3.03 2.02 0.99 0.00 0.00 0.99 0.00 0.00
 %idle 87.38 100.00 100.00 100.00 100.00 100.00 100.00 100.00 100.00 0.00 0.00 99.01 100.00 100.00 99.01 100.00 100.00
 %time 1481764474
 %usr 0.19 0.00 0.00 0.00 0.00 0.00 0.00 0.00 0.00 0.00 2.97 0.00 0.00 0.00 0.00 0.00 0.00
 %sys 0.19 0.00 0.00 0.00 0.00 0.00 0.00 0.00 0.00 0.00 1.98 0.00 0.00 0.00 0.00 0.00 0.00
 %idle 87.38 100.00 100.00 100.00 100.00 100.00 100.00 100.00 100.00 0.00 0.00 100.00 100.00 100.00 100.00 100.00 100.00
 %time 1481764475
 %usr 0.56 0.00 0.00 0.00 0.00 0.00 0.00 0.00 0.00 4.00 6.00 0.00 0.00 0.00 0.00 0.00 0.00
 %sys 0.50 0.00 0.00 0.00 0.00 0.00 0.00 0.00 0.00 3.00 4.00 0.00 0.00 0.00 0.00 1.00 0.00
 %idle 87.43 100.00 100.00 100.00 100.00 100.00 100.00 100.00 100.00 0.00 0.00 100.00 100.00 100.00 100.00 99.00 100.00
 %time 1481764476
 %usr 0.75 0.00 0.00 0.00 0.00 0.00 0.00 0.00 0.00 4.95 7.00 0.00 0.00 0.00 0.00 0.00 0.00
 %sys 0.81 1.00 0.00 1.98 0.99 0.00 0.00 0.00 0.00 3.96 5.00 0.99 0.00 0.99 0.00 0.00 0.00
 %idle 87.20 99.00 100.00 98.02 99.01 100.00 100.00 100.00 100.00 0.00 0.00 99.01 100.00 99.01 100.00 100.00 100.00
 %time 1481764480
 %usr 0.63 0.00 0.00 0.00 0.00 0.00 0.00 0.00 0.00 8.91 2.00 0.00 0.00 0.00 0.00 0.00 0.00
 %sys 0.56 0.99 0.00 0.00 0.00 0.00 0.00 0.00 0.00 5.94 2.00 0.99 0.00 0.00 0.00 0.00 0.00
 %idle 87.42 99.01 100.00 100.00 100.00 100.00 100.00 100.00 100.00 0.00 0.00 99.01 100.00 100.00 100.00 100.00 100.00
 %time 1481764481
 %usr 0.69 0.00 0.00 0.00 0.00 0.00 0.00 0.00 0.00 7.92 3.03 0.00 0.00 0.00 0.00 0.00 0.00
 %sys 0.63 0.00 0.00 0.00 1.00 0.00 0.00 0.00 0.00 5.94 1.01 0.99 0.00 0.00 0.00 0.00 0.00
 %idle 87.37 100.00 100.00 100.00 99.00 100.00 100.00 100.00 100.00 0.00 0.00 99.01 100.00 100.00 100.00 100.00 100.00
 %time 1481764482
 %usr 0.75 0.00 0.00 0.00 0.00 0.00 0.00 0.00 0.00 9.00 3.03 0.00 0.00 0.00 0.00 0.00 0.00
 %sys 0.69 0.00 1.00 0.99 0.00 0.00 0.00 0.00 0.00 5.00 3.03 0.99 0.00 0.00 0.00 0.00 0.00
 %idle 87.31 100.00 99.00 99.01 100.00 100.00 100.00 100.00 100.00 0.00 0.00 99.01 100.00 100.00 100.00 100.00 100.00
 %time 1481764483
 %usr 0.37 0.00 0.00 0.00 0.00 0.00 0.00 0.00 0.00 4.00 3.00 0.00 0.00 0.00 0.00 0.00 0.00
 %sys 0.44 0.00 0.00 0.00 0.00 0.00 0.00 0.00 0.00 3.00 2.00 0.00 0.00 0.00 0.00 0.00 0.00
 %idle 87.32 100.00 100.00 100.00 100.00 100.00 100.00 100.00 100.00 0.00 0.00 100.00 100.00 100.00 100.00 100.00 100.00
 %time 1481764484
 %usr 0.75 0.00 0.00 0.00 0.00 0.00 0.00 0.00 0.00 9.09 2.00 0.00 0.00 0.00 0.00 0.00 0.00
 %sys 0.62 0.00 1.00 0.00 0.00 0.00 0.00 0.00 0.00 6.06 2.00 0.00 0.00 0.00 0.00 0.00 0.00
 %idle 87.32 100.00 99.00 100.00 100.00 100.00 100.00 100.00 100.00 0.00 0.00 100.00 100.00 100.00 100.00 100.00 100.00
 %time 1481764485
 %usr 0.31 0.00 0.00 0.00 0.00 0.00 0.00 0.00 0.00 3.03 1.01 0.00 0.00 0.00 0.00 0.00 0.00
 %sys 0.37 0.00 0.00 0.99 0.00 0.00 0.00 0.00 0.00 2.02 1.01 0.00 0.00 0.00 0.00 0.00 0.00
 %idle 87.38 100.00 100.00 99.01 100.00 100.00 100.00 100.00 100.00 0.00 0.00 100.00 100.00 100.00 100.00 100.00 100.00
 %time 1481764487
 %usr 0.56 0.00 0.00 0.00 0.00 0.00 0.00 0.00 0.00 6.93 3.00 0.00 0.00 0.00 0.00 0.00 0.00
 %sys 0.69 0.00 0.00 1.00 0.99 0.99 0.00 0.00 0.00 3.96 2.00 1.00 0.00 1.00 0.00 0.00 0.00
 %idle 87.18 100.00 100.00 99.00 99.01 99.01 100.00 100.00 100.00 0.00 0.00 99.00 100.00 99.00 100.00 100.00 100.00
 %time 1481764489
 %usr 0.69 0.00 0.00 0.00 0.00 0.00 0.00 0.00 0.00 4.00 7.07 0.00 0.00 0.00 0.00 0.00 0.00
 %sys 0.63 0.99 0.99 0.00 0.00 0.00 0.00 0.00 0.00 3.00 4.04 1.00 0.00 0.00 0.00 0.00 0.00
 %idle 87.37 99.01 99.01 100.00 100.00 100.00 100.00 100.00 100.00 0.00 0.00 99.00 100.00 100.00 100.00 100.00 100.00
 %time 1481764490
 %usr 0.44 0.00 0.00 0.00 0.00 0.00 0.00 0.00 0.00 2.97 4.00 0.00 0.00 0.00 0.00 0.00 0.00
 %sys 0.44 0.99 0.00 0.00 0.00 0.00 0.00 0.00 0.00 2.97 3.00 0.00 0.00 0.00 0.00 0.00 0.00
 %idle 87.38 99.01 100.00 100.00 100.00 100.00 100.00 100.00 100.00 0.00 0.00 100.00 100.00 100.00 100.00 100.00 100.00
 %time 1481764491
 %usr 0.31 0.00 0.00 0.00 0.00 0.00 0.00 0.00 0.00 1.01 4.04 0.00 0.00 0.00 0.00 0.00 0.00
 %sys 0.38 0.00 0.00 0.00 0.00 0.00 0.00 0.00 0.00 2.02 2.02 0.00 0.00 0.00 0.00 1.00 0.00
 %idle 87.48 100.00 100.00 100.00 100.00 100.00 100.00 100.00 100.00 0.00 0.00 100.00 100.00 100.00 100.00 99.00 100.00
 %time 1481764492
 %usr 0.50 0.00 0.00 0.00 0.00 0.00 0.00 0.00 0.00 6.00 1.98 0.00 0.00 0.00 0.00 0.00 0.00
 %sys 0.56 0.00 0.00 0.00 0.00 0.00 0.00 0.00 0.00 4.00 2.97 0.99 0.99 0.99 0.99 0.00 0.00
 %idle 87.31 100.00 100.00 100.00 100.00 100.00 100.00 100.00 100.00 0.00 0.00 99.01 99.01 99.01 99.01 100.00 100.00
 %time 1481764494
 %usr 0.38 0.00 0.00 0.00 0.00 0.00 0.00 0.00 0.00 2.00 3.96 0.00 0.00 0.00 0.00 0.00 0.00
 %sys 0.44 0.99 0.99 0.00 0.00 0.00 0.00 0.00 0.00 2.00 2.97 0.99 0.00 0.00 0.00 0.00 0.00
 %idle 87.38 99.01 99.01 100.00 100.00 100.00 100.00 100.00 100.00 0.00 0.00 99.01 100.00 100.00 100.00 100.00 100.00
 %time 1481764495
 %usr 0.56 0.00 0.00 0.00 0.00 0.00 0.00 0.00 0.00 4.95 4.00 0.00 0.00 0.00 0.00 0.00 0.00
 %sys 0.56 0.99 0.00 1.00 0.00 0.00 0.00 0.00 0.00 3.96 3.00 0.00 0.00 0.00 0.00 0.99 0.00
 %idle 87.38 99.01 100.00 99.00 100.00 100.00 100.00 100.00 100.00 0.00 0.00 100.00 100.00 100.00 100.00 99.01 100.00
 %time 1481764496
 %usr 0.50 0.00 0.00 0.00 0.00 0.00 0.00 0.00 0.00 5.94 2.97 0.00 0.00 0.00 0.00 0.00 0.00
 %sys 0.56 0.99 0.00 0.00 0.00 0.00 0.00 0.00 0.00 3.96 2.97 0.00 1.00 0.00 0.99 0.00 0.00
 %idle 87.38 99.01 100.00 100.00 100.00 100.00 100.00 100.00 100.00 0.00 0.00 100.00 99.00 100.00 99.01 100.00 100.00
 %time 1481764497
 %usr 0.44 0.00 0.00 0.00 0.00 0.00 0.00 0.00 0.00 3.00 4.00 0.00 0.00 0.00 0.00 0.00 0.00
 %sys 0.50 1.00 0.00 0.00 0.00 0.00 0.00 0.00 0.99 2.00 2.00 0.99 0.99 0.99 0.00 0.00 0.00
 %idle 87.26 99.00 100.00 100.00 100.00 100.00 100.00 100.00 99.01 0.00 0.00 99.01 99.01 99.01 100.00 100.00 100.00
 %time 1481764498
 %usr 0.37 0.00 0.00 0.00 0.00 0.00 0.00 0.00 0.00 5.00 1.00 0.00 0.00 0.00 0.00 0.00 0.00
 %sys 0.37 0.99 1.00 0.00 0.00 0.00 0.00 0.00 0.00 3.00 0.00 0.00 0.99 0.00 0.00 0.99 0.00
 %idle 87.33 99.01 99.00 100.00 100.00 100.00 100.00 100.00 100.00 0.00 0.00 100.00 99.01 100.00 100.00 99.01 100.00
 %time 1481764499
 %usr 0.25 0.00 0.00 0.00 0.00 0.00 0.00 0.00 0.00 2.00 2.00 0.00 0.00 0.00 0.00 0.00 0.00
 %sys 0.31 0.00 0.00 0.00 0.00 0.00 0.00 0.00 0.00 2.00 2.00 0.00 0.00 0.00 0.00 0.00 0.00
 %idle 87.48 100.00 100.00 100.00 100.00 100.00 100.00 100.00 100.00 0.00 0.00 100.00 100.00 100.00 100.00 100.00 100.00
 %time 1481764500
 %usr 0.69 0.00 0.00 0.00 0.00 0.00 0.00 0.00 0.00 6.00 5.00 0.00 0.00 0.00 0.00 0.00 0.00
 %sys 0.69 1.00 1.00 0.00 0.00 0.00 0.00 0.00 0.00 4.00 4.00 0.00 0.99 0.00 0.00 0.00 0.00
 %idle 87.37 99.00 99.00 100.00 100.00 100.00 100.00 100.00 100.00 0.00 0.00 100.00 99.01 100.00 100.00 100.00 100.00
 %time 1481764501
 %usr 0.88 0.00 1.00 0.00 2.00 0.00 0.00 0.00 0.00 7.00 5.00 0.00 0.00 0.00 0.00 0.00 0.00
 %sys 0.56 0.00 0.00 0.00 0.00 0.00 0.00 0.00 0.00 4.00 3.00 0.00 0.00 0.00 0.99 0.00 0.00
 %idle 87.17 100.00 98.00 100.00 98.00 100.00 100.00 100.00 100.00 0.00 0.00 100.00 100.00 100.00 99.01 100.00 100.00
 %time 1481764503
 %usr 0.31 0.00 0.00 0.00 0.00 0.00 0.00 0.00 0.00 3.00 2.00 0.00 0.00 0.00 0.00 0.00 0.00
 %sys 0.38 0.99 0.00 0.00 0.00 0.00 0.00 0.00 0.00 2.00 2.00 0.00 0.00 0.00 0.00 0.99 0.00
 %idle 87.38 99.01 100.00 100.00 100.00 100.00 100.00 100.00 100.00 0.00 0.00 100.00 100.00 100.00 100.00 99.01 100.00
 %time 1481764504
 %usr 0.31 0.00 0.00 0.00 0.00 0.00 0.00 0.00 0.00 3.96 0.99 0.00 0.00 0.00 0.00 0.00 0.00
 %sys 0.25 0.00 0.00 0.00 0.00 0.00 0.00 0.00 0.00 2.97 0.99 0.00 0.00 0.00 0.00 0.00 0.00
 %idle 87.38 100.00 100.00 100.00 100.00 100.00 100.00 100.00 100.00 0.00 0.00 100.00 100.00 100.00 100.00 100.00 100.00
 %time 1481764505
 %usr 0.06 0.00 0.00 0.00 0.00 0.00 0.00 0.00 0.00 0.00 1.00 0.00 0.00 0.00 0.00 0.00 0.00
 %sys 0.19 0.00 0.00 0.00 0.00 0.00 0.00 0.00 0.00 0.00 1.00 0.00 0.00 0.00 0.00 0.00 0.00
 %idle 87.39 100.00 100.00 100.00 100.00 100.00 100.00 100.00 100.00 0.00 0.00 100.00 100.00 100.00 100.00 100.00 100.00
 %time 1481764506
 %usr 0.00 0.00 0.00 0.00 0.00 0.00 0.00 0.00 0.00 0.00 0.00 0.00 0.00 0.00 0.00 0.00 0.00
 %sys 0.06 0.00 0.00 0.00 0.00 0.00 0.00 0.00 0.00 0.99 0.00 0.00 0.00 0.00 0.00 0.00 0.00
 %idle 87.49 100.00 100.00 100.00 100.00 100.00 100.00 100.00 100.00 0.00 0.00 100.00 100.00 100.00 100.00 100.00 100.00
 %time 1481764507
 %usr 0.56 0.00 0.00 0.00 0.00 0.00 0.00 0.00 0.00 1.01 6.93 0.00 0.00 0.00 0.00 0.00 0.00
 %sys 0.50 0.00 1.00 1.00 0.00 0.00 0.00 0.00 0.00 1.01 4.95 0.00 0.00 0.00 0.00 0.00 0.00
 %idle 87.32 100.00 99.00 99.00 100.00 100.00 100.00 100.00 100.00 0.00 0.00 100.00 100.00 100.00 100.00 100.00 100.00
 %time 1481764508
 %usr 0.75 0.00 0.00 0.00 0.00 0.00 0.00 0.00 0.00 5.94 4.95 0.00 0.00 0.00 0.00 0.00 0.00
 %sys 0.56 0.00 0.00 0.00 0.00 0.00 0.00 0.00 0.00 3.96 3.96 0.00 0.00 0.00 0.00 0.00 0.00
 %idle 87.38 100.00 100.00 100.00 100.00 100.00 100.00 100.00 100.00 0.00 0.00 100.00 100.00 100.00 100.00 100.00 100.00
 %time 1481764510
 %usr 0.75 0.00 0.00 0.00 0.00 0.00 0.00 0.00 0.00 5.00 7.00 0.00 0.00 0.00 0.00 0.00 0.00
 %sys 0.75 1.01 1.00 0.00 0.99 0.00 0.00 0.00 0.00 4.00 5.00 0.00 0.00 0.00 0.99 0.00 0.00
 %idle 87.27 98.99 99.00 100.00 99.01 100.00 100.00 100.00 100.00 0.00 0.00 100.00 100.00 100.00 99.01 100.00 100.00
 %time 1481764511
 %usr 0.69 0.00 0.00 0.00 0.00 0.00 0.00 0.00 0.00 3.00 7.92 0.00 0.00 0.00 0.00 0.00 0.00
 %sys 0.69 0.00 0.00 0.00 0.00 0.00 0.00 1.00 0.00 3.00 5.94 0.00 0.99 0.00 0.00 0.00 0.00
 %idle 87.27 100.00 100.00 100.00 100.00 100.00 100.00 99.00 100.00 0.00 0.00 100.00 99.01 100.00 100.00 100.00 100.00
 %time 1481764512
 %usr 0.69 0.00 0.00 0.00 0.00 0.00 0.00 0.00 0.00 3.00 7.00 0.00 0.00 0.00 0.00 0.00 0.00
 %sys 0.62 0.00 0.00 0.00 0.00 0.00 0.00 0.00 0.00 2.00 5.00 0.00 0.00 0.00 0.00 0.99 0.00
 %idle 87.27 100.00 100.00 100.00 100.00 100.00 100.00 100.00 100.00 0.00 0.00 100.00 100.00 100.00 100.00 99.01 100.00
 %time 1481764513
 %usr 0.88 0.00 0.00 0.00 0.00 0.00 0.00 0.00 0.00 3.96 11.00 0.00 0.00 0.00 0.00 0.00 0.00
 %sys 0.94 0.00 0.00 1.00 0.99 0.00 0.99 0.00 0.00 2.97 7.00 0.00 1.00 1.00 1.00 0.99 0.00
 %idle 87.18 100.00 100.00 99.00 99.01 100.00 99.01 100.00 100.00 0.00 0.00 100.00 99.00 99.00 99.00 99.01 100.00
 %time 1481764514
 %usr 0.12 0.00 0.00 0.00 0.00 0.00 0.00 0.00 0.00 2.00 0.00 0.00 0.00 0.00 0.00 0.00 0.00
 %sys 0.19 0.99 0.99 0.00 0.00 0.00 0.00 0.00 0.00 2.00 0.00 0.00 0.00 0.00 0.00 0.00 0.00
 %idle 87.44 99.01 99.01 100.00 100.00 100.00 100.00 100.00 100.00 0.00 0.00 100.00 100.00 100.00 100.00 100.00 100.00
 %time 1481764515
 %usr 0.56 0.00 0.00 0.00 0.00 0.00 0.00 0.00 0.00 3.96 4.04 0.00 0.00 0.00 0.00 0.00 0.00
 %sys 0.44 0.99 0.00 0.00 0.00 0.00 0.00 0.00 0.00 2.97 2.02 1.00 0.00 0.00 0.00 0.00 0.00
 %idle 87.38 99.01 100.00 100.00 100.00 100.00 100.00 100.00 100.00 0.00 0.00 99.00 100.00 100.00 100.00 100.00 100.00
 %time 1481764516
 %usr 0.62 0.00 0.00 0.00 0.00 0.00 0.00 0.00 0.00 4.08 5.00 0.00 0.00 0.00 0.00 0.00 0.00
 %sys 0.56 0.00 0.00 0.00 0.00 0.00 0.00 0.00 0.00 2.04 4.00 1.00 0.00 0.00 0.00 0.00 0.00
 %idle 87.32 100.00 100.00 100.00 100.00 100.00 100.00 100.00 100.00 0.00 0.00 99.00 100.00 100.00 100.00 100.00 100.00
 %time 1481764518
 %usr 0.62 0.00 0.00 0.00 0.00 0.00 0.00 0.00 0.00 4.95 5.00 0.00 0.00 0.00 0.00 0.00 0.00
 %sys 0.62 0.99 0.00 0.00 0.00 0.00 0.00 0.00 0.00 3.96 4.00 0.99 0.00 0.00 1.00 0.00 0.00
 %idle 87.32 99.01 100.00 100.00 100.00 100.00 100.00 100.00 100.00 0.00 0.00 99.01 100.00 100.00 99.00 100.00 100.00
 %time 1481764519
 %usr 0.75 0.00 0.00 0.00 0.00 0.00 0.00 0.00 0.00 4.95 8.08 0.00 0.00 0.00 0.00 0.00 0.00
 %sys 0.63 0.00 0.99 0.00 0.00 0.00 0.00 0.00 0.00 3.96 4.04 0.00 1.00 0.00 0.00 0.00 0.00
 %idle 87.42 100.00 99.01 100.00 100.00 100.00 100.00 100.00 100.00 0.00 0.00 100.00 99.00 100.00 100.00 100.00 100.00
 %time 1481764520
 %usr 0.38 0.00 0.00 0.00 0.00 0.00 0.00 0.00 0.00 4.00 2.00 0.00 0.00 0.00 0.00 0.00 0.00
 %sys 0.50 0.00 0.00 0.00 0.00 0.00 0.00 0.00 0.00 3.00 3.00 0.00 1.00 0.00 0.00 0.00 0.00
 %idle 87.38 100.00 100.00 100.00 100.00 100.00 100.00 100.00 100.00 0.00 0.00 100.00 99.00 100.00 100.00 100.00 100.00
 %time 1481764521
 %usr 0.44 0.00 0.00 0.00 0.00 0.00 0.00 0.00 0.00 2.02 5.00 0.00 0.00 0.00 0.00 0.00 0.00
 %sys 0.50 0.00 0.00 0.00 0.00 0.99 0.00 0.99 0.00 1.01 4.00 0.00 0.99 0.00 0.99 0.99 1.00
 %idle 87.38 100.00 100.00 100.00 100.00 99.01 100.00 99.01 100.00 0.00 0.00 100.00 99.01 100.00 99.01 99.01 99.00
 %time 1481764522
 %usr 0.25 0.00 0.00 0.00 0.00 0.00 0.00 0.00 0.00 2.00 1.01 0.00 0.00 0.00 0.00 0.00 0.00
 %sys 0.19 0.00 0.00 0.00 0.00 0.00 0.00 0.00 0.00 1.00 1.01 0.00 0.00 0.00 0.00 0.00 0.00
 %idle 87.45 100.00 100.00 100.00 100.00 100.00 100.00 100.00 100.00 0.00 0.00 100.00 100.00 100.00 100.00 100.00 100.00
 %time 1481764523
 %usr 0.37 0.00 0.00 0.00 0.00 0.00 0.00 0.00 0.00 2.02 3.96 0.00 0.00 0.00 0.00 0.00 0.00
 %sys 0.44 0.00 0.99 0.00 0.00 0.00 0.00 0.00 0.00 2.02 2.97 0.99 0.99 0.00 0.00 0.00 0.00
 %idle 87.38 100.00 99.01 100.00 100.00 100.00 100.00 100.00 100.00 0.00 0.00 99.01 99.01 100.00 100.00 100.00 100.00
 %time 1481764524
 %usr 0.62 0.00 0.00 0.00 0.00 0.00 0.00 0.00 0.00 4.00 5.00 0.00 0.00 0.00 0.00 0.00 0.00
 %sys 0.56 0.99 0.00 0.00 0.00 0.00 0.00 0.00 0.00 3.00 5.00 0.00 0.99 0.00 0.99 0.00 0.00
 %idle 87.38 99.01 100.00 100.00 100.00 100.00 100.00 100.00 100.00 0.00 0.00 100.00 99.01 100.00 99.01 100.00 100.00
 %time 1481764526
 %usr 0.50 0.00 0.00 0.00 0.00 0.00 0.00 0.00 0.00 2.00 6.06 0.00 0.00 0.00 0.00 0.00 0.00
 %sys 0.56 0.99 1.00 0.99 0.00 0.00 0.00 0.00 0.00 3.00 4.04 0.00 0.00 0.00 0.00 0.00 0.00
 %idle 87.43 99.01 99.00 99.01 100.00 100.00 100.00 100.00 100.00 0.00 0.00 100.00 100.00 100.00 100.00 100.00 100.00
 %time 1481764527
 %usr 0.94 0.00 0.00 0.00 0.00 0.00 0.00 0.00 0.00 8.00 7.00 0.00 0.00 0.00 0.00 0.00 0.00
 %sys 0.75 0.99 0.00 0.00 0.00 0.00 0.00 0.00 0.00 6.00 4.00 1.00 0.00 0.00 0.99 0.00 0.00
 %idle 87.36 99.01 100.00 100.00 100.00 100.00 100.00 100.00 100.00 0.00 0.00 99.00 100.00 100.00 99.01 100.00 100.00
 %time 1481764528
 %usr 0.69 0.00 0.00 0.00 0.00 0.00 0.00 0.00 0.00 7.07 3.00 0.00 0.00 0.00 0.00 0.00 0.00
 %sys 0.69 0.99 0.00 0.00 0.99 0.00 0.00 0.00 0.00 5.05 3.00 0.99 0.00 0.00 0.00 1.00 0.00
 %idle 87.32 99.01 100.00 100.00 99.01 100.00 100.00 100.00 100.00 0.00 0.00 99.01 100.00 100.00 100.00 99.00 100.00
 %time 1481764529
 %usr 0.69 0.00 0.00 0.00 0.00 0.00 0.00 0.00 0.00 8.91 3.00 0.00 0.00 0.00 0.00 0.00 0.00
 %sys 0.69 1.00 0.00 0.00 0.00 0.00 0.00 0.00 0.00 5.94 2.00 0.00 0.00 0.00 0.00 0.00 0.00
 %idle 87.31 99.00 100.00 100.00 100.00 100.00 100.00 100.00 100.00 0.00 0.00 100.00 100.00 100.00 100.00 100.00 100.00
 %time 1481764530
 %usr 0.69 0.00 0.00 0.00 0.00 0.00 0.00 0.00 0.00 8.00 3.00 0.00 0.00 0.00 0.00 0.00 0.00
 %sys 0.69 0.00 0.00 0.00 0.00 0.00 0.00 0.00 0.00 6.00 3.00 0.99 0.00 0.00 0.00 0.00 0.00
 %idle 87.43 100.00 100.00 100.00 100.00 100.00 100.00 100.00 100.00 0.00 0.00 99.01 100.00 100.00 100.00 100.00 100.00
 %time 1481764531
 %usr 0.56 0.00 0.00 0.00 0.00 0.00 0.00 0.00 0.00 6.00 3.00 0.00 0.00 0.00 0.00 0.00 0.00
 %sys 0.50 0.00 0.00 0.00 0.99 0.00 0.00 0.00 0.00 5.00 1.00 0.00 1.00 0.00 0.00 0.00 0.00
 %idle 87.38 100.00 100.00 100.00 99.01 100.00 100.00 100.00 100.00 0.00 0.00 100.00 99.00 100.00 100.00 100.00 100.00
 %time 1481764532
 %usr 0.75 0.00 0.00 0.00 0.00 0.00 0.00 0.00 0.00 6.00 5.94 0.00 0.00 0.00 0.00 0.00 0.00
 %sys 0.81 1.00 0.00 0.99 0.00 0.00 0.00 0.00 0.00 4.00 5.94 1.00 0.99 0.00 0.00 0.00 0.00
 %idle 87.26 99.00 100.00 99.01 100.00 100.00 100.00 100.00 100.00 0.00 0.00 99.00 99.01 100.00 100.00 100.00 100.00
 %time 1481764533
 %usr 0.00 0.00 0.00 0.00 0.00 0.00 0.00 0.00 0.00 0.99 0.00 0.00 0.00 0.00 0.00 0.00 0.00
 %sys 0.13 0.00 0.00 0.00 0.99 0.00 0.00 0.00 0.00 0.99 0.99 0.99 0.00 0.00 0.00 0.00 0.00
 %idle 87.49 100.00 100.00 100.00 99.01 100.00 100.00 100.00 100.00 0.00 0.00 99.01 100.00 100.00 100.00 100.00 100.00
 %time 1481764535
 %usr 0.94 0.00 0.00 0.00 0.00 0.00 0.00 0.00 0.00 10.00 4.00 0.00 0.00 0.00 0.00 0.00 0.00
 %sys 0.69 0.00 0.00 0.00 0.00 0.00 0.00 0.00 0.00 6.00 3.00 0.00 0.00 0.00 0.00 0.99 0.00
 %idle 87.31 100.00 100.00 100.00 100.00 100.00 100.00 100.00 100.00 0.00 0.00 100.00 100.00 100.00 100.00 99.01 100.00
 %time 1481764536
 %usr 0.56 0.00 0.00 0.00 0.00 0.00 0.00 0.00 0.00 6.00 3.00 0.00 0.00 0.00 0.00 0.00 0.00
 %sys 0.56 0.00 0.00 0.00 0.00 0.00 0.00 0.00 0.99 4.00 3.00 0.99 0.00 0.00 0.00 0.00 0.00
 %idle 87.38 100.00 100.00 100.00 100.00 100.00 100.00 100.00 99.01 0.00 0.00 99.01 100.00 100.00 100.00 100.00 100.00
 %time 1481764537
 %usr 0.44 0.00 0.00 0.00 0.00 0.00 0.00 0.00 0.00 4.00 2.00 0.00 0.00 0.00 0.00 0.00 0.00
 %sys 0.44 0.00 0.00 0.00 0.00 0.00 0.00 0.00 0.00 3.00 2.00 0.00 0.00 0.99 0.00 0.00 0.00
 %idle 87.33 100.00 100.00 100.00 100.00 100.00 100.00 100.00 100.00 0.00 0.00 100.00 100.00 99.01 100.00 100.00 100.00
 %time 1481764538
 %usr 0.56 0.00 0.00 0.00 0.00 0.00 0.00 0.00 0.00 5.94 2.00 0.00 0.00 0.00 0.00 0.00 0.00
 %sys 0.69 0.00 0.00 1.00 0.00 0.00 0.00 0.00 0.00 4.95 3.00 1.00 1.00 0.00 0.00 0.00 0.00
 %idle 87.24 100.00 100.00 99.00 100.00 100.00 100.00 100.00 100.00 0.00 0.00 99.00 99.00 100.00 100.00 100.00 100.00
 %time 1481764539
 %usr 0.12 0.00 0.00 0.00 0.00 0.00 0.00 0.00 0.00 1.00 1.00 0.00 0.00 0.00 0.00 0.00 0.00
 %sys 0.19 0.00 0.00 0.00 0.00 0.00 0.00 0.00 0.00 2.00 0.00 0.00 0.00 0.00 0.00 0.00 0.00
 %idle 87.45 100.00 100.00 100.00 100.00 100.00 100.00 100.00 100.00 0.00 0.00 100.00 100.00 100.00 100.00 100.00 100.00
 %time 1481764540
 %usr 0.31 0.00 0.00 0.00 0.00 0.00 0.00 0.00 0.00 2.00 2.02 0.00 0.00 0.00 0.00 0.00 0.00
 %sys 0.31 0.00 0.00 0.00 0.99 0.00 0.00 0.00 0.00 2.00 2.02 0.00 0.00 0.00 0.00 0.00 0.00
 %idle 87.38 100.00 100.00 100.00 99.01 100.00 100.00 100.00 100.00 0.00 0.00 100.00 100.00 100.00 100.00 100.00 100.00
 %time 1481764541
 %usr 0.25 0.00 0.00 0.00 0.00 0.00 0.00 0.00 0.00 2.97 0.00 0.00 0.00 0.00 0.00 0.00 0.00
 %sys 0.19 0.00 0.00 0.00 0.00 0.00 0.00 0.00 0.00 2.97 0.00 0.00 0.00 0.00 0.00 0.00 0.00
 %idle 87.38 100.00 100.00 100.00 100.00 100.00 100.00 100.00 100.00 0.00 0.00 100.00 100.00 100.00 100.00 100.00 100.00
 %time 1481764543
 %usr 0.19 0.00 0.00 0.00 0.00 0.00 0.00 0.00 0.00 3.00 0.99 0.00 0.00 0.00 0.00 0.00 0.00
 %sys 0.19 0.00 0.99 0.00 0.00 0.00 0.00 0.00 0.00 1.00 0.99 0.00 0.00 0.00 0.00 0.00 0.00
 %idle 87.49 100.00 99.01 100.00 100.00 100.00 100.00 100.00 100.00 0.00 0.00 100.00 100.00 100.00 100.00 100.00 100.00
 %time 1481764544
 %usr 0.00 0.00 0.00 0.00 0.00 0.00 0.00 0.00 0.00 0.00 0.00 0.00 0.00 0.00 0.00 0.00 0.00
 %sys 0.06 0.00 0.00 0.00 0.00 0.00 0.00 0.00 0.00 0.00 0.00 0.00 0.00 0.00 0.00 0.00 0.00
 %idle 87.45 100.00 100.00 100.00 100.00 100.00 100.00 100.00 100.00 0.00 0.00 100.00 100.00 100.00 100.00 100.00 100.00
 %time 1481764545
 %usr 0.25 0.00 0.00 0.00 0.00 0.00 0.00 0.00 0.00 2.00 2.00 0.00 0.00 0.00 0.00 0.00 0.00
 %sys 0.31 0.00 0.99 0.00 0.00 0.00 0.00 0.00 0.00 2.00 2.00 0.00 0.00 0.00 0.00 0.00 0.00
 %idle 87.43 100.00 99.01 100.00 100.00 100.00 100.00 100.00 100.00 0.00 0.00 100.00 100.00 100.00 100.00 100.00 100.00
 %time 1481764546
 %usr 0.62 0.00 0.00 0.00 0.00 0.00 0.00 0.00 0.00 6.06 4.00 0.00 0.00 0.00 0.00 0.00 0.00
 %sys 0.50 0.00 0.00 0.99 0.00 0.00 0.00 0.00 0.00 3.03 2.00 0.99 0.00 0.00 0.00 0.00 0.00
 %idle 87.32 100.00 100.00 99.01 100.00 100.00 100.00 100.00 100.00 0.00 0.00 99.01 100.00 100.00 100.00 100.00 100.00
 %time 1481764547
 %usr 0.44 0.00 0.00 0.00 0.00 0.00 0.00 0.00 0.00 4.95 2.97 0.00 0.00 0.00 0.00 0.00 0.00
 %sys 0.50 0.00 1.00 0.00 0.00 0.00 0.00 0.00 0.00 2.97 2.97 0.00 0.00 0.00 0.00 0.99 0.00
 %idle 87.37 100.00 99.00 100.00 100.00 100.00 100.00 100.00 100.00 0.00 0.00 100.00 100.00 100.00 100.00 99.01 100.00
 %time 1481764548
 %usr 0.69 0.00 0.00 0.00 0.00 0.00 0.00 0.00 0.00 6.06 5.00 0.00 0.00 0.00 0.00 0.00 0.00
 %sys 0.81 3.96 0.00 0.00 0.00 0.00 0.00 0.00 0.00 3.03 4.00 0.00 1.00 0.00 0.00 0.00 0.00
 %idle 87.23 96.04 100.00 100.00 100.00 100.00 100.00 100.00 100.00 0.00 0.00 100.00 99.00 100.00 100.00 100.00 100.00
 %time 1481764549
 %usr 0.50 0.00 0.00 0.00 0.00 0.00 0.00 0.00 0.00 3.00 4.00 0.00 0.00 0.00 0.00 0.00 0.00
 %sys 0.50 0.00 0.99 0.00 0.00 0.00 0.00 0.00 0.00 4.00 3.00 0.00 0.00 0.00 0.00 0.00 0.00
 %idle 87.38 100.00 99.01 100.00 100.00 100.00 100.00 100.00 100.00 0.00 0.00 100.00 100.00 100.00 100.00 100.00 100.00
 %time 1481764551
 %usr 0.75 0.00 0.00 0.00 0.00 0.00 0.00 0.00 0.00 8.08 4.00 0.00 0.00 0.00 0.00 0.00 0.00
 %sys 0.75 1.00 0.00 0.99 0.00 0.00 0.00 0.00 0.00 5.05 3.00 0.00 0.99 0.00 0.00 0.99 0.00
 %idle 87.31 99.00 100.00 99.01 100.00 100.00 100.00 100.00 100.00 0.00 0.00 100.00 99.01 100.00 100.00 99.01 100.00
 %time 1481764552
 %usr 1.19 0.00 0.00 0.00 0.00 0.00 0.00 0.00 0.00 9.09 8.91 0.00 0.00 0.00 0.00 0.00 0.00
 %sys 1.12 1.98 0.00 0.99 0.00 0.00 0.00 0.00 0.00 6.06 7.92 0.99 1.00 0.00 0.00 0.00 0.00
 %idle 87.20 98.02 100.00 99.01 100.00 100.00 100.00 100.00 100.00 0.00 0.00 99.01 99.00 100.00 100.00 100.00 100.00
 %time 1481764553
 %usr 0.56 0.00 0.00 0.00 0.00 0.00 0.00 0.00 0.00 3.96 5.00 0.00 0.00 0.00 0.00 0.00 0.00
 %sys 0.81 1.00 1.00 0.00 0.00 0.00 0.00 0.00 0.00 3.96 5.00 0.00 0.00 0.00 0.99 0.00 0.00
 %idle 87.25 99.00 99.00 100.00 100.00 100.00 100.00 100.00 100.00 0.00 0.00 100.00 100.00 100.00 99.01 100.00 100.00
 %time 1481764554
 %usr 1.00 0.00 0.00 0.00 0.00 0.00 0.00 0.00 0.00 7.00 8.91 0.00 0.00 0.00 0.00 0.00 0.00
 %sys 0.88 0.00 0.00 0.99 0.00 0.99 0.00 0.00 0.00 5.00 5.94 0.00 0.00 0.00 0.00 0.00 0.00
 %idle 87.31 100.00 100.00 99.01 100.00 99.01 100.00 100.00 100.00 0.00 0.00 100.00 100.00 100.00 100.00 100.00 100.00
 %time 1481764555
 %usr 0.88 0.00 0.00 0.00 0.00 0.00 0.00 0.00 0.00 6.06 8.91 0.00 0.00 0.00 0.00 0.00 0.00
 %sys 0.75 1.00 0.00 0.00 0.00 0.00 0.00 0.00 0.00 4.04 4.95 0.00 0.00 0.00 0.00 0.99 0.00
 %idle 87.37 99.00 100.00 100.00 100.00 100.00 100.00 100.00 100.00 0.00 0.00 100.00 100.00 100.00 100.00 99.01 100.00
 %time 1481764556
 %usr 0.75 0.00 0.00 0.00 0.00 0.00 0.00 0.00 0.00 6.06 7.00 0.00 0.00 0.00 0.00 0.00 0.00
 %sys 0.81 1.01 0.00 0.99 0.00 0.00 0.00 0.00 0.00 3.03 5.00 0.00 1.00 0.00 0.00 0.00 0.00
 %idle 87.24 98.99 100.00 99.01 100.00 100.00 100.00 100.00 100.00 0.00 0.00 100.00 99.00 100.00 100.00 100.00 100.00
 %time 1481764557
 %usr 1.38 0.00 0.00 0.00 0.00 0.00 0.00 0.00 0.00 11.00 10.89 0.00 0.00 0.00 0.00 0.00 0.00
 %sys 1.19 1.98 0.00 0.00 0.00 0.00 0.00 0.00 0.00 7.00 6.93 0.99 0.00 0.00 0.00 0.00 0.00
 %idle 87.19 98.02 100.00 100.00 100.00 100.00 100.00 100.00 100.00 0.00 0.00 99.01 100.00 100.00 100.00 100.00 100.00
 %time 1481764559
 %usr 1.13 0.00 0.00 0.00 0.00 0.00 0.00 0.00 0.00 5.00 13.00 0.00 0.00 0.00 0.00 0.00 0.00
 %sys 1.00 1.00 1.00 0.00 0.00 0.99 0.00 0.00 0.00 3.00 9.00 0.00 0.99 0.00 0.00 0.99 0.00
 %idle 87.24 99.00 99.00 100.00 100.00 99.01 100.00 100.00 100.00 0.00 0.00 100.00 99.01 100.00 100.00 99.01 100.00
 %time 1481764560
 %usr 0.81 0.00 0.00 0.00 0.00 0.00 0.00 0.00 0.00 3.00 9.00 0.00 0.00 0.00 0.00 0.00 0.00
 %sys 0.81 2.00 1.00 1.00 1.00 0.00 0.00 0.00 0.00 3.00 8.00 0.00 0.00 0.00 0.00 0.00 0.00
 %idle 87.30 98.00 99.00 99.00 99.00 100.00 100.00 100.00 100.00 0.00 0.00 100.00 100.00 100.00 100.00 100.00 100.00
 %time 1481764561
 %usr 1.19 0.00 0.00 0.00 0.00 0.99 0.00 0.00 0.00 6.00 12.87 0.00 0.00 0.00 0.00 0.00 0.00
 %sys 1.00 0.00 1.00 0.00 1.00 0.00 0.00 0.00 0.00 4.00 7.92 0.00 0.00 0.00 0.00 0.00 0.00
 %idle 87.19 100.00 99.00 100.00 99.00 99.01 100.00 100.00 100.00 0.00 0.00 100.00 100.00 100.00 100.00 100.00 100.00
 %time 1481764562
 %usr 0.88 0.00 0.00 0.00 0.00 0.00 0.00 0.00 0.00 9.09 4.04 0.00 0.00 0.00 0.00 0.00 0.00
 %sys 0.75 0.00 0.00 0.00 0.99 0.00 0.00 0.00 0.00 7.07 2.02 0.99 0.00 0.00 0.00 0.00 0.00
 %idle 87.31 100.00 100.00 100.00 99.01 100.00 100.00 100.00 100.00 0.00 0.00 99.01 100.00 100.00 100.00 100.00 100.00
 %time 1481764563
 %usr 1.00 0.00 0.00 0.00 0.00 0.00 0.00 0.00 0.00 8.08 9.00 0.00 0.00 0.00 0.00 0.00 0.00
 %sys 1.13 2.00 1.00 1.00 0.00 0.99 0.99 0.00 0.00 4.04 7.00 0.00 0.00 0.00 0.00 0.99 0.99
 %idle 87.11 98.00 99.00 99.00 100.00 99.01 99.01 100.00 100.00 0.00 0.00 100.00 100.00 100.00 100.00 99.01 99.01
 %time 1481764564
 %usr 0.44 0.00 0.00 0.00 0.00 0.00 0.00 0.00 0.00 3.00 4.95 0.00 0.00 0.00 0.00 0.00 0.00
 %sys 0.44 0.00 0.00 0.00 0.00 0.00 0.00 0.99 0.00 2.00 2.97 0.00 0.00 0.00 0.00 0.00 0.00
 %idle 87.44 100.00 100.00 100.00 100.00 100.00 100.00 99.01 100.00 0.00 0.00 100.00 100.00 100.00 100.00 100.00 100.00
 %time 1481764565
 %usr 0.81 0.00 0.00 0.00 0.00 0.00 0.00 0.00 0.00 7.00 6.93 0.00 0.00 0.00 0.00 0.00 0.00
 %sys 0.75 0.00 0.00 0.00 0.00 0.00 0.00 0.00 0.00 4.00 4.95 0.99 0.00 0.00 0.99 0.00 0.00
 %idle 87.31 100.00 100.00 100.00 100.00 100.00 100.00 100.00 100.00 0.00 0.00 99.01 100.00 100.00 99.01 100.00 100.00
 %time 1481764567
 %usr 1.25 0.00 0.00 0.00 0.00 0.00 0.00 0.00 0.00 13.00 7.07 0.00 0.00 0.00 0.00 0.00 0.00
 %sys 1.19 0.00 1.98 0.00 0.00 0.00 0.00 0.00 0.00 8.00 6.06 0.00 1.00 0.00 0.00 0.00 0.00
 %idle 87.19 100.00 98.02 100.00 100.00 100.00 100.00 100.00 100.00 0.00 0.00 100.00 99.00 100.00 100.00 100.00 100.00
 %time 1481764568
 %usr 0.75 0.00 0.00 0.00 0.00 0.00 0.00 0.00 0.00 5.05 6.00 0.00 0.00 0.00 0.00 0.00 0.00
 %sys 0.75 1.00 1.00 1.00 0.99 0.00 0.00 0.00 0.00 5.05 4.00 0.00 0.99 0.00 0.00 1.00 0.00
 %idle 87.37 99.00 99.00 99.00 99.01 100.00 100.00 100.00 100.00 0.00 0.00 100.00 99.01 100.00 100.00 99.00 100.00
 %time 1481764569
 %usr 0.88 0.00 0.00 0.00 0.00 0.00 0.00 0.00 0.00 8.00 6.00 0.00 0.00 0.00 0.00 0.00 0.00
 %sys 0.81 0.00 1.00 0.00 0.00 0.00 0.00 0.00 0.00 5.00 5.00 1.00 0.00 0.00 0.00 0.00 0.00
 %idle 87.30 100.00 99.00 100.00 100.00 100.00 100.00 100.00 100.00 0.00 0.00 99.00 100.00 100.00 100.00 100.00 100.00
 %time 1481764570
 %usr 0.75 0.00 0.00 0.00 0.00 0.00 0.00 0.00 0.00 6.06 5.88 0.00 0.00 0.00 0.00 0.00 0.00
 %sys 0.69 0.00 0.00 0.99 0.00 0.00 0.00 0.00 0.00 4.04 4.90 0.00 1.00 0.00 0.00 0.00 0.00
 %idle 87.31 100.00 100.00 99.01 100.00 100.00 100.00 100.00 100.00 0.00 0.00 100.00 99.00 100.00 100.00 100.00 100.00
 %time 1481764571
 %usr 0.81 0.00 0.00 0.00 0.00 0.00 0.00 0.00 0.00 6.00 7.92 0.00 0.00 0.00 0.00 0.00 0.00
 %sys 0.69 0.00 1.00 0.00 0.99 0.00 0.00 0.00 0.00 4.00 4.95 0.00 0.00 0.00 0.00 0.00 0.00
 %idle 87.42 100.00 99.00 100.00 99.01 100.00 100.00 100.00 100.00 0.00 0.00 100.00 100.00 100.00 100.00 100.00 100.00
 %time 1481764572
 %usr 0.94 0.00 0.00 0.00 0.00 0.00 0.00 0.00 0.00 4.00 10.00 0.00 0.00 0.00 0.00 0.00 0.00
 %sys 0.87 0.99 1.00 0.00 0.00 0.00 0.00 0.00 0.00 3.00 7.00 1.00 1.00 0.00 0.00 0.00 0.00
 %idle 87.20 99.01 99.00 100.00 100.00 100.00 100.00 100.00 100.00 0.00 0.00 99.00 99.00 100.00 100.00 100.00 100.00
 %time 1481764573
 %usr 0.94 0.00 0.00 0.00 0.00 0.00 0.00 0.00 0.00 6.06 9.00 0.00 0.00 0.00 0.00 0.00 0.00
 %sys 1.00 0.00 1.00 1.00 0.00 0.00 0.00 0.00 0.00 4.04 7.00 1.00 0.00 0.00 0.00 1.00 0.00
 %idle 87.20 100.00 99.00 99.00 100.00 100.00 100.00 100.00 100.00 0.00 0.00 99.00 100.00 100.00 100.00 99.00 100.00
 %time 1481764574
 %usr 0.31 0.00 0.00 0.00 0.00 0.00 0.00 0.00 0.00 3.00 2.00 0.00 0.00 0.00 0.00 0.00 0.00
 %sys 0.37 0.00 0.99 0.00 0.00 0.00 0.00 0.00 0.00 3.00 1.00 0.99 0.00 0.99 0.00 0.00 0.00
 %idle 87.32 100.00 99.01 100.00 100.00 100.00 100.00 100.00 100.00 0.00 0.00 99.01 100.00 99.01 100.00 100.00 100.00
 %time 1481764576
 %usr 0.19 0.00 0.00 0.00 0.00 0.00 0.00 0.00 0.00 0.00 2.02 0.00 0.00 0.00 0.00 0.00 0.00
 %sys 0.19 0.00 0.00 0.00 0.00 0.00 0.00 0.00 0.00 0.00 2.02 0.00 0.00 0.00 0.00 0.00 0.00
 %idle 87.45 100.00 100.00 100.00 100.00 100.00 100.00 100.00 100.00 0.00 0.00 100.00 100.00 100.00 100.00 100.00 100.00
 %time 1481764577
 %usr 0.19 0.00 0.00 0.00 0.00 0.00 0.00 0.00 0.00 2.02 0.00 0.00 0.00 0.00 0.00 0.00 0.00
 %sys 0.19 0.00 0.00 0.00 0.00 0.00 0.00 0.00 0.00 2.02 1.00 0.00 0.99 0.00 0.00 0.00 0.00
 %idle 87.44 100.00 100.00 100.00 100.00 100.00 100.00 100.00 100.00 0.00 0.00 100.00 99.01 100.00 100.00 100.00 100.00
 %time 1481764578
 %usr 0.31 0.00 0.00 0.00 0.00 0.00 0.00 0.00 0.00 1.98 4.00 0.00 0.00 0.00 0.00 0.00 0.00
 %sys 0.31 0.00 0.00 0.00 0.00 1.00 0.00 0.00 0.00 1.98 2.00 0.99 0.00 0.00 0.00 0.00 0.00
 %idle 87.49 100.00 100.00 100.00 100.00 99.00 100.00 100.00 100.00 0.00 0.00 99.01 100.00 100.00 100.00 100.00 100.00
 %time 1481764579
 %usr 0.69 0.00 0.00 0.00 0.00 0.00 0.00 0.00 0.00 6.93 5.00 0.00 0.00 0.00 0.00 0.00 0.00
 %sys 0.75 0.00 0.00 1.00 1.00 0.00 0.00 0.00 0.00 4.95 3.00 0.99 0.00 0.00 0.00 0.99 0.00
 %idle 87.31 100.00 100.00 99.00 99.00 100.00 100.00 100.00 100.00 0.00 0.00 99.01 100.00 100.00 100.00 99.01 100.00
 %time 1481764581
 %usr 0.88 0.00 0.00 0.00 0.00 0.00 0.00 0.00 0.00 8.00 5.00 0.00 0.00 0.00 0.00 0.00 0.00
 %sys 0.69 0.00 0.00 0.00 0.00 0.00 0.00 0.00 0.00 5.00 5.00 0.99 0.99 0.00 0.00 0.00 0.00
 %idle 87.37 100.00 100.00 100.00 100.00 100.00 100.00 100.00 100.00 0.00 0.00 99.01 99.01 100.00 100.00 100.00 100.00
 %time 1481764582
 %usr 1.37 0.00 0.00 0.00 0.00 0.00 0.00 0.00 0.00 6.00 15.00 0.00 0.00 0.00 0.00 0.00 0.00
 %sys 1.31 0.00 0.00 0.00 1.00 0.00 0.00 0.00 0.00 5.00 11.00 1.98 1.01 0.00 0.00 0.00 0.00
 %idle 87.13 100.00 100.00 100.00 99.00 100.00 100.00 100.00 100.00 0.00 0.00 98.02 98.99 100.00 100.00 100.00 100.00
 %time 1481764583
 %usr 1.12 0.00 0.00 0.00 0.00 0.00 0.00 0.00 0.00 3.03 14.00 0.00 0.00 0.00 0.00 0.00 0.00
 %sys 1.56 0.00 0.00 0.00 1.00 0.00 0.00 0.00 0.00 5.05 15.00 1.00 1.00 0.00 0.00 0.99 0.00
 %idle 87.20 100.00 100.00 100.00 99.00 100.00 100.00 100.00 100.00 0.00 0.00 99.00 99.00 100.00 100.00 99.01 100.00
 %time 1481764584
 %usr 1.00 0.00 0.00 0.00 0.00 0.00 0.00 0.00 0.00 8.00 7.00 0.00 0.00 0.00 0.00 0.00 0.00
 %sys 1.88 1.00 1.00 0.99 0.00 0.99 0.00 0.00 0.00 16.00 10.00 0.00 1.00 0.00 1.00 0.00 0.00
 %idle 87.19 99.00 99.00 99.01 100.00 99.01 100.00 100.00 100.00 0.00 0.00 100.00 99.00 100.00 99.00 100.00 100.00
 %time 1481764585
 %usr 1.25 0.00 0.00 0.00 0.00 0.00 0.00 0.00 0.00 8.91 12.00 0.00 0.00 0.00 0.00 0.00 0.00
 %sys 1.94 1.00 1.00 0.00 0.00 0.00 0.00 0.00 0.00 11.88 16.00 0.00 0.00 0.00 0.99 0.00 0.00
 %idle 87.30 99.00 99.00 100.00 100.00 100.00 100.00 100.00 100.00 0.00 0.00 100.00 100.00 100.00 99.01 100.00 100.00
 %time 1481764586
 %usr 0.69 0.00 0.00 0.00 0.00 0.00 0.00 0.00 0.00 5.00 6.06 0.00 0.00 0.00 0.00 0.00 0.00
 %sys 1.50 1.00 0.00 0.00 0.00 0.00 0.00 0.00 0.00 12.00 8.08 1.00 1.00 0.00 1.00 0.00 0.00
 %idle 87.25 99.00 100.00 100.00 100.00 100.00 100.00 100.00 100.00 0.00 0.00 99.00 99.00 100.00 99.00 100.00 100.00
 %time 1481764588
 %usr 1.06 0.00 0.00 0.00 0.00 0.00 0.00 0.00 0.00 8.00 9.00 0.00 0.00 0.00 0.00 0.00 0.00
 %sys 1.94 0.99 0.99 0.99 0.00 0.99 0.00 0.00 0.00 12.00 13.00 1.00 1.00 0.00 1.00 0.00 0.00
 %idle 87.12 99.01 99.01 99.01 100.00 99.01 100.00 100.00 100.00 0.00 0.00 99.00 99.00 100.00 99.00 100.00 100.00
 %time 1481764589
 %usr 0.31 0.00 0.00 0.00 0.00 0.00 0.00 0.00 0.00 4.00 1.01 0.00 0.00 0.00 0.00 0.00 0.00
 %sys 0.56 0.00 0.00 0.00 0.99 0.00 0.00 0.00 0.00 5.00 1.01 0.00 0.00 0.99 0.00 0.99 0.00
 %idle 87.38 100.00 100.00 100.00 99.01 100.00 100.00 100.00 100.00 0.00 0.00 100.00 100.00 99.01 100.00 99.01 100.00
 %time 1481764590
 %usr 1.62 0.00 0.00 0.00 0.00 0.00 0.00 0.00 0.00 20.00 6.00 0.00 0.00 0.00 0.00 0.00 0.00
 %sys 2.37 0.00 0.99 0.99 0.00 0.00 0.00 0.00 0.00 23.00 10.00 1.98 1.00 0.00 0.00 0.00 0.00
 %idle 87.20 100.00 99.01 99.01 100.00 100.00 100.00 100.00 100.00 0.00 0.00 98.02 99.00 100.00 100.00 100.00 100.00
 %time 1481764591
 %usr 1.00 0.00 0.00 0.00 0.00 0.00 0.00 0.00 0.00 4.90 11.88 0.00 0.00 0.00 0.00 0.00 0.00
 %sys 2.07 0.99 0.99 0.00 0.99 0.00 0.00 0.99 0.00 11.76 17.82 1.00 1.00 0.00 0.00 0.00 0.00
 %idle 87.30 99.01 99.01 100.00 99.01 100.00 100.00 99.01 100.00 0.00 0.00 99.00 99.00 100.00 100.00 100.00 100.00
 %time 1481764593
 %usr 1.88 0.00 0.00 0.00 0.00 0.00 0.00 0.00 0.00 19.19 11.11 0.00 0.00 0.00 0.00 0.00 0.00
 %sys 2.94 0.00 0.00 1.00 0.00 0.00 0.00 0.00 0.00 25.25 16.16 1.00 1.00 0.00 0.00 0.99 0.00
 %idle 87.18 100.00 100.00 99.00 100.00 100.00 100.00 100.00 100.00 0.00 0.00 99.00 99.00 100.00 100.00 99.01 100.00
 %time 1481764594
 %usr 1.31 0.00 0.00 0.00 0.00 0.00 0.00 0.00 0.00 12.12 9.00 0.00 0.00 0.00 0.00 0.00 0.00
 %sys 2.44 0.00 0.00 0.00 0.00 0.00 0.00 0.00 0.00 15.15 19.00 1.00 1.00 0.00 0.00 0.00 0.00
 %idle 87.18 100.00 100.00 100.00 100.00 100.00 100.00 100.00 100.00 0.00 0.00 99.00 99.00 100.00 100.00 100.00 100.00
 %time 1481764595
 %usr 1.19 0.00 0.00 0.00 0.00 0.00 0.00 0.00 0.00 7.00 11.88 0.00 0.00 0.00 0.00 0.00 0.00
 %sys 1.88 0.99 0.00 0.00 0.00 0.00 0.00 0.00 0.00 12.00 14.85 0.00 1.00 0.00 0.99 1.00 0.00
 %idle 87.24 99.01 100.00 100.00 100.00 100.00 100.00 100.00 100.00 0.00 0.00 100.00 99.00 100.00 99.01 99.00 100.00
 %time 1481764596
 %usr 2.00 0.00 0.00 0.00 0.00 0.00 0.00 0.00 0.00 11.88 20.20 0.00 0.00 0.00 0.00 0.00 0.00
 %sys 3.25 1.00 1.98 1.00 0.00 0.00 0.00 0.00 0.00 15.84 30.30 1.98 0.00 0.00 0.00 0.00 0.00
 %idle 87.12 99.00 98.02 99.00 100.00 100.00 100.00 100.00 100.00 0.00 0.00 98.02 100.00 100.00 100.00 100.00 100.00
 %time 1481764597
 %usr 2.38 0.00 0.00 0.00 0.00 0.00 0.00 0.00 0.00 11.00 27.27 0.00 0.00 0.00 0.00 0.00 0.00
 %sys 3.88 1.00 1.01 1.01 1.00 1.00 0.00 0.00 0.00 17.00 37.37 1.00 0.00 0.00 0.00 0.00 0.00
 %idle 87.04 99.00 98.99 98.99 99.00 99.00 100.00 100.00 100.00 0.00 0.00 99.00 100.00 100.00 100.00 100.00 100.00
 %time 1481764600
 %usr 2.56 0.00 0.00 0.00 0.00 0.00 0.00 0.00 0.00 15.00 27.00 0.00 0.00 0.00 0.00 0.00 0.00
 %sys 4.57 1.00 2.00 1.01 1.00 1.00 0.00 0.00 0.00 19.00 44.00 1.01 2.00 0.00 0.00 0.00 0.00
 %idle 86.93 99.00 98.00 98.99 99.00 99.00 100.00 100.00 100.00 0.00 0.00 98.99 98.00 100.00 100.00 100.00 100.00
 %time 1481764601
 %usr 1.13 0.00 0.00 0.00 0.00 0.00 0.00 0.00 0.00 6.93 11.00 0.00 0.00 0.00 0.00 0.00 0.00
 %sys 2.00 1.00 1.00 0.00 0.00 0.00 0.00 0.00 0.00 11.88 17.00 1.00 0.99 0.00 0.00 0.00 0.00
 %idle 87.24 99.00 99.00 100.00 100.00 100.00 100.00 100.00 100.00 0.00 0.00 99.00 99.01 100.00 100.00 100.00 100.00
 %time 1481764603
 %usr 2.06 0.00 0.00 0.00 0.00 0.00 0.00 0.00 0.00 21.00 12.12 0.00 0.00 0.00 0.00 0.00 0.00
 %sys 4.07 1.01 1.01 1.00 1.00 1.00 0.00 0.00 0.00 32.00 24.24 2.00 1.00 0.00 0.00 0.99 0.00
 %idle 86.93 98.99 98.99 99.00 99.00 99.00 100.00 100.00 100.00 0.00 0.00 98.00 99.00 100.00 100.00 99.01 100.00
 %time 1481764604
 %usr 7.69 0.00 0.00 0.00 0.00 0.00 0.00 0.00 0.00 23.00 100.00 0.00 0.00 0.00 0.00 0.00 0.00
 %sys 2.62 1.00 0.00 2.00 0.00 0.00 0.00 0.00 0.00 35.00 0.00 1.01 1.00 0.00 0.00 0.00 0.00
 %idle 87.06 99.00 100.00 98.00 100.00 100.00 100.00 100.00 100.00 0.00 0.00 98.99 99.00 100.00 100.00 100.00 100.00
 %time 1481764605
 %usr 10.33 0.00 0.00 0.00 0.00 0.00 0.00 0.00 0.00 65.66 100.00 0.00 0.00 0.00 0.00 0.00 0.00
 %sys 2.07 0.00 0.00 2.00 0.00 0.00 0.00 0.00 0.00 27.27 0.00 1.00 0.00 0.00 1.00 1.00 0.00
 %idle 87.17 100.00 100.00 98.00 100.00 100.00 100.00 100.00 100.00 0.00 0.00 99.00 100.00 100.00 99.00 99.00 100.00
 %time 1481764606
 %usr 12.51 0.00 0.00 0.00 0.00 0.00 0.00 0.00 0.00 100.00 100.00 0.00 0.00 0.00 0.00 0.00 0.00
 %sys 0.00 0.00 0.00 0.00 0.00 0.00 0.00 0.00 0.00 0.00 0.00 0.00 0.00 0.00 0.00 0.00 0.00
 %idle 87.49 100.00 100.00 100.00 100.00 100.00 100.00 100.00 100.00 0.00 0.00 100.00 100.00 100.00 100.00 100.00 100.00
 %time 1481764608
 %usr 12.50 0.00 0.00 0.00 0.00 0.00 0.00 0.00 0.00 100.00 100.00 0.00 0.00 0.00 0.00 0.00 0.00
 %sys 0.00 0.00 0.00 0.00 0.00 0.00 0.00 0.00 0.00 0.00 0.00 0.99 0.00 0.00 0.00 0.00 0.00
 %idle 87.50 100.00 100.00 100.00 100.00 100.00 100.00 100.00 100.00 0.00 0.00 99.01 100.00 100.00 100.00 100.00 100.00
 %time 1481764609
 %usr 12.51 0.00 0.00 0.00 0.00 0.00 0.00 0.00 0.00 100.00 100.00 0.00 0.00 0.00 0.00 0.00 0.00
 %sys 0.00 0.00 0.00 0.00 0.00 0.00 0.00 0.00 0.00 0.00 0.00 0.00 0.00 0.00 0.00 0.00 0.00
 %idle 87.49 100.00 100.00 100.00 100.00 100.00 100.00 100.00 100.00 0.00 0.00 100.00 100.00 100.00 100.00 100.00 100.00
 %time 1481764610
 %usr 12.51 0.00 0.00 0.00 0.00 0.00 0.00 0.00 0.00 100.00 100.00 0.00 0.00 0.00 0.00 0.00 0.00
 %sys 0.00 0.00 0.00 0.00 0.00 0.00 0.00 0.00 0.00 0.00 0.00 0.00 0.00 0.00 0.00 0.00 0.00
 %idle 87.49 100.00 100.00 100.00 100.00 100.00 100.00 100.00 100.00 0.00 0.00 100.00 100.00 100.00 100.00 100.00 100.00
 %time 1481764611
 %usr 12.50 0.00 0.00 0.00 0.00 0.00 0.00 0.00 0.00 100.00 100.00 0.00 0.00 0.00 0.00 0.00 0.00
 %sys 0.00 0.00 0.00 0.00 0.00 0.00 0.00 0.00 0.00 0.00 0.00 0.00 0.00 0.00 0.00 0.00 0.00
 %idle 87.50 100.00 100.00 100.00 100.00 100.00 100.00 100.00 100.00 0.00 0.00 100.00 100.00 100.00 100.00 100.00 100.00
 %time 1481764612
 %usr 12.51 0.00 0.00 0.00 0.00 0.00 0.00 0.00 0.00 100.00 100.00 0.00 0.00 0.00 0.00 0.00 0.00
 %sys 0.19 0.00 0.00 0.00 0.00 0.00 0.99 0.00 0.00 0.00 0.00 0.00 0.00 0.00 0.00 0.00 0.00
 %idle 87.30 100.00 100.00 100.00 100.00 100.00 99.01 100.00 100.00 0.00 0.00 100.00 100.00 100.00 100.00 100.00 100.00
 %time 1481764613
 %usr 12.51 0.00 0.00 0.00 0.00 0.00 0.00 0.00 0.00 100.00 100.00 0.00 0.00 0.00 0.00 0.00 0.00
 %sys 0.00 0.00 0.00 0.00 0.00 0.00 0.00 0.00 0.00 0.00 0.00 0.00 0.00 0.00 0.00 0.00 0.00
 %idle 87.49 100.00 100.00 100.00 100.00 100.00 100.00 100.00 100.00 0.00 0.00 100.00 100.00 100.00 100.00 100.00 100.00
 %time 1481764615
 %usr 12.51 0.00 0.00 0.00 0.00 0.00 0.00 0.00 0.00 100.00 100.00 0.00 0.00 0.00 0.00 0.00 0.00
 %sys 0.00 0.00 0.00 0.00 0.00 0.00 0.00 0.00 0.00 0.00 0.00 0.00 0.00 0.99 0.00 0.00 0.00
 %idle 87.49 100.00 100.00 100.00 100.00 100.00 100.00 100.00 100.00 0.00 0.00 100.00 100.00 99.01 100.00 100.00 100.00
 %time 1481764616
 %usr 12.51 0.00 0.00 0.00 0.00 0.00 0.00 0.00 0.00 100.00 100.00 0.00 0.00 0.00 0.00 0.00 0.00
 %sys 0.00 0.00 0.00 0.00 0.00 0.00 0.00 0.00 0.00 0.00 0.00 0.00 0.00 0.00 0.00 0.00 0.00
 %idle 87.49 100.00 100.00 100.00 100.00 100.00 100.00 100.00 100.00 0.00 0.00 100.00 100.00 100.00 100.00 100.00 100.00
 %time 1481764617
 %usr 12.52 0.00 0.00 0.00 0.00 0.00 0.00 0.00 0.00 100.00 100.00 0.00 0.00 0.00 0.00 0.00 0.00
 %sys 0.00 0.00 0.00 0.00 0.00 0.00 0.00 0.00 0.00 0.00 0.00 0.00 0.00 0.00 0.00 0.00 0.00
 %idle 87.48 100.00 100.00 100.00 100.00 100.00 100.00 100.00 100.00 0.00 0.00 100.00 100.00 100.00 100.00 100.00 99.01
 %time 1481764618
 %usr 12.45 0.00 0.00 0.00 0.00 0.00 0.00 0.00 0.00 100.00 100.00 0.00 0.00 0.00 0.00 0.00 0.00
 %sys 0.06 0.00 0.00 0.00 0.00 0.99 0.00 0.00 0.00 0.00 0.00 0.00 0.00 0.00 0.00 0.00 0.00
 %idle 87.49 100.00 100.00 100.00 100.00 99.01 100.00 100.00 100.00 0.00 0.00 100.00 100.00 100.00 100.00 100.00 100.00
 %time 1481764619
 %usr 12.55 0.00 0.00 0.00 0.00 0.00 0.00 0.00 0.00 100.00 100.00 0.00 0.00 0.00 0.00 0.00 0.00
 %sys 0.00 0.00 0.00 1.00 0.00 0.00 0.00 0.00 0.00 0.00 0.00 0.00 0.00 0.00 0.00 0.00 0.00
 %idle 87.45 100.00 100.00 99.00 100.00 100.00 100.00 100.00 100.00 0.00 0.00 100.00 100.00 100.00 100.00 100.00 100.00
 %time 1481764620
 %usr 12.51 0.00 0.00 0.00 0.00 0.00 0.00 0.00 0.00 100.00 100.00 0.00 0.00 0.00 0.00 0.00 0.00
 %sys 0.00 0.00 0.00 0.99 0.00 0.00 0.00 0.00 0.00 0.00 0.00 0.00 0.00 0.00 0.00 0.00 0.00
 %idle 87.49 100.00 100.00 99.01 100.00 100.00 100.00 100.00 100.00 0.00 0.00 100.00 100.00 100.00 100.00 100.00 100.00
 %time 1481764621
 %usr 12.50 0.00 0.00 0.00 0.00 0.00 0.00 0.00 0.00 100.00 100.00 0.00 0.00 0.00 0.00 0.00 0.00
 %sys 0.06 0.00 0.00 0.99 0.00 0.00 0.00 0.00 0.00 0.00 0.00 0.00 0.00 0.00 0.00 0.00 0.00
 %idle 87.44 100.00 100.00 99.01 100.00 100.00 100.00 100.00 100.00 0.00 0.00 100.00 100.00 100.00 100.00 100.00 100.00
 %time 1481764623
 %usr 12.49 0.00 0.00 0.00 0.00 0.00 0.00 0.00 0.00 100.00 100.00 0.00 0.00 0.00 0.00 0.00 0.00
 %sys 0.06 0.00 0.00 0.00 0.00 0.00 0.00 0.00 0.00 0.00 0.00 0.00 0.00 0.00 0.00 0.00 0.00
 %idle 87.45 100.00 100.00 100.00 100.00 100.00 100.00 100.00 100.00 0.00 0.00 100.00 100.00 100.00 100.00 100.00 100.00
 %time 1481764624
 %usr 12.49 0.00 0.00 0.00 0.00 0.00 0.00 0.00 0.00 100.00 100.00 0.00 0.00 0.00 0.00 0.00 0.00
 %sys 0.06 0.00 0.00 0.00 0.00 0.00 0.00 0.00 0.00 0.00 0.00 0.00 0.00 0.00 0.00 0.00 0.00
 %idle 87.45 100.00 100.00 100.00 100.00 100.00 100.00 100.00 100.00 0.00 0.00 100.00 100.00 100.00 100.00 100.00 100.00
 %time 1481764625
 %usr 12.50 0.00 0.00 0.00 0.00 0.00 0.00 0.00 0.00 100.00 100.00 0.00 0.00 0.00 0.00 0.00 0.00
 %sys 0.00 0.00 0.00 0.00 0.00 0.00 0.00 0.00 0.00 0.00 0.00 0.00 0.00 0.00 0.00 0.00 0.00
 %idle 87.50 100.00 100.00 100.00 100.00 100.00 100.00 100.00 100.00 0.00 0.00 100.00 100.00 100.00 100.00 100.00 100.00
 %time 1481764626
 %usr 12.50 0.00 0.00 0.00 0.00 0.00 0.00 0.00 0.00 100.00 100.00 0.00 0.00 0.00 0.00 0.00 0.00
 %sys 0.06 1.00 0.99 0.00 0.00 0.00 0.00 0.00 0.00 0.00 0.00 0.00 0.00 0.00 0.00 0.00 0.00
 %idle 87.44 99.00 99.01 100.00 100.00 100.00 100.00 100.00 100.00 0.00 0.00 100.00 100.00 100.00 100.00 100.00 100.00
 %time 1481764627
 %usr 12.49 0.00 0.98 0.00 0.00 0.00 0.00 0.00 0.00 100.00 100.00 0.00 0.00 0.00 0.00 0.00 0.00
 %sys 0.06 0.00 0.98 0.00 0.00 0.00 0.00 0.00 0.00 0.00 0.00 0.00 0.00 0.00 0.00 0.00 0.00
 %idle 87.45 100.00 98.04 100.00 100.00 100.00 100.00 100.00 100.00 0.00 0.00 100.00 100.00 100.00 100.00 100.00 100.00
 %time 1481764628
 %usr 12.55 0.00 0.00 0.00 0.00 0.00 0.00 0.00 0.00 100.00 100.00 0.00 0.00 0.00 0.00 0.00 0.00
 %sys 0.06 0.00 0.00 0.00 0.00 0.00 0.00 0.00 0.00 0.00 0.00 0.00 0.00 0.00 0.00 0.00 0.00
 %idle 87.38 100.00 100.00 100.00 100.00 100.00 100.00 100.00 100.00 0.00 0.00 100.00 100.00 100.00 100.00 100.00 100.00
 %time 1481764630
 %usr 12.50 0.00 0.00 0.00 0.00 0.00 0.00 0.00 0.00 100.00 100.00 0.00 0.00 0.00 0.00 0.00 0.00
 %sys 0.00 0.00 0.00 0.00 0.00 0.00 0.00 0.00 0.00 0.00 0.00 0.00 0.00 0.00 0.00 0.00 0.00
 %idle 87.50 100.00 100.00 100.00 100.00 100.00 100.00 100.00 100.00 0.00 0.00 100.00 100.00 100.00 100.00 100.00 100.00
 %time 1481764631
 %usr 10.08 0.00 0.99 1.98 0.00 0.00 0.00 0.00 0.00 78.22 80.00 0.00 0.00 0.00 0.00 0.00 0.00
 %sys 0.19 0.00 0.00 0.00 0.00 0.00 0.00 0.00 0.00 1.98 1.00 0.00 0.00 0.00 0.00 0.00 0.00
 %idle 89.61 100.00 97.03 98.02 98.02 100.00 100.00 100.00 100.00 19.80 19.00 100.00 100.00 100.00 100.00 100.00 100.00
 %time 1481764632
 %usr 1.87 0.00 4.95 0.00 0.00 0.00 0.00 0.00 0.00 19.80 6.00 0.00 0.00 0.00 0.00 0.00 0.00
 %sys 0.62 0.00 0.99 0.99 0.00 0.00 0.00 0.00 0.00 4.95 2.00 0.00 0.00 0.00 0.00 0.00 0.00
 %idle 93.94 100.00 93.07 99.01 99.00 100.00 100.00 100.00 100.00 22.77 90.00 100.00 100.00 100.00 100.00 100.00 100.00
 %time 1481764633
 %usr 1.44 3.00 17.82 0.00 1.00 0.00 0.00 0.00 0.00 0.00 0.00 0.00 0.00 0.00 0.00 0.00 0.00
 %sys 0.38 1.00 1.98 0.00 1.00 0.00 0.00 0.00 0.00 0.00 0.00 0.00 0.00 0.00 0.00 0.00 0.00
 %idle 97.88 95.00 77.23 100.00 96.00 100.00 100.00 100.00 100.00 100.00 100.00 100.00 100.00 100.00 100.00 100.00 100.00
 %time 1481764634
 %usr 3.82 3.00 20.00 6.06 0.00 0.00 0.00 0.00 0.00 9.18 11.88 9.00 0.00 0.00 0.00 0.00 0.00
 %sys 0.75 1.00 5.00 0.00 0.00 0.00 0.00 0.00 0.00 1.02 3.96 1.00 0.00 0.00 0.00 0.99 0.99
 %idle 94.18 95.00 74.00 93.94 86.87 100.00 100.00 100.00 100.00 88.78 81.19 89.00 100.00 100.00 100.00 99.01 99.01
