      time tx_packets rx_packets        tx_bytes        rx_bytes  tx_errors tx_dropped rx_frame_errors rx_crc_errors
1483658713          1          0              60               0          0          0          0          0
1483658714          1          0              60               0          0          0          0          0
1483658715          7          0             420               0          0          0          0          0
1483658716          0          0               0               0          0          0          0          0
1483658717         17          0            1020               0          0          0          0          0
1483658718          1          0              60               0          0          0          0          0
1483658719          0          0               0               0          0          0          0          0
1483658721          2          0             120               0          0          0          0          0
1483658722          0          0               0               0          0          0          0          0
1483658723          3          0             180               0          0          0          0          0
1483658724          1          0              60               0          0          0          0          0
1483658725          1          0              60               0          0          0          0          0
1483658726          1          0              60               0          0          0          0          0
1483658727          0          0               0               0          0          0          0          0
1483658729          0          0               0               0          0          0          0          0
1483658730          0          0               0               0          0          0          0          0
1483658731          0          0               0               0          0          0          0          0
1483658732          0          0               0               0          0          0          0          0
1483658733          1          0              60               0          0          0          0          0
1483658734          1          0              60               0          0          0          0          0
1483658735          1          0              60               0          0          0          0          0
1483658736          1          0              60               0          0          0          0          0
1483658738          0          0               0               0          0          0          0          0
1483658739          0          0               0               0          0          0          0          0
1483658740          0          0               0               0          0          0          0          0
1483658741          1          0              60               0          0          0          0          0
1483658742          0          0               0               0          0          0          0          0
1483658743          0          0               0               0          0          0          0          0
1483658744          0          0               0               0          0          0          0          0
1483658746          0          0               0               0          0          0          0          0
1483658747          1          0              60               0          0          0          0          0
1483658748          0          0               0               0          0          0          0          0
1483658749          4          0             240               0          0          0          0          0
1483658750          1          0              60               0          0          0          0          0
1483658751          0          0               0               0          0          0          0          0
1483658752          1          0              60               0          0          0          0          0
1483658754          0          0               0               0          0          0          0          0
1483658755          3          0             198               0          0          0          0          0
1483658756          2          0             156               0          0          0          0          0
1483658757         11          0             804               0          0          0          0          0
1483658758          1          0              78               0          0          0          0          0
1483658759          1          0              78               0          0          0          0          0
1483658760          2          0             120               0          0          0          0          0
1483658762          2          0             120               0          0          0          0          0
1483658763          7          0             420               0          0          0          0          0
1483658764          5          0             300               0          0          0          0          0
1483658765          1          0              60               0          0          0          0          0
1483658766          1          0              60               0          0          0          0          0
1483658767          1          0              60               0          0          0          0          0
1483658768          1          0              60               0          0          0          0          0
1483658770          0          0               0               0          0          0          0          0
1483658771          2          0             120               0          0          0          0          0
1483658772          0          0               0               0          0          0          0          0
1483658773          0          0               0               0          0          0          0          0
1483658774          1          0              60               0          0          0          0          0
1483658775          1          0              60               0          0          0          0          0
1483658776         17          0            1020               0          0          0          0          0
1483658778          0          0               0               0          0          0          0          0
1483658779          0          0               0               0          0          0          0          0
1483658780          0          0               0               0          0          0          0          0
1483658781          1          0              60               0          0          0          0          0
1483658782          1          0              60               0          0          0          0          0
1483658783          1          0              60               0          0          0          0          0
1483658784          0          0               0               0          0          0          0          0
1483658786          3          0             180               0          0          0          0          0
1483658787          3          0             180               0          0          0          0          0
1483658788          0          0               0               0          0          0          0          0
1483658789          1          0              60               0          0          0          0          0
1483658790          1          0              60               0          0          0          0          0
1483658791          0          0               0               0          0          0          0          0
1483658793          1          0              60               0          0          0          0          0
1483658794          0          0               0               0          0          0          0          0
1483658795          2          0             120               0          0          0          0          0
1483658796          0          0               0               0          0          0          0          0
1483658797          0          0               0               0          0          0          0          0
1483658798          3          0             180               0          0          0          0          0
1483658800          0          0               0               0          0          0          0          0
1483658801          2          0             120               0          0          0          0          0
1483658802          1          0              60               0          0          0          0          0
1483658803          2          0             120               0          0          0          0          0
1483658804          0          0               0               0          0          0          0          0
1483658805          0          0               0               0          0          0          0          0
1483658806          1          0              60               0          0          0          0          0
1483658808          0          0               0               0          0          0          0          0
1483658809          0          0               0               0          0          0          0          0
1483658810          0          0               0               0          0          0          0          0
1483658811          0          0               0               0          0          0          0          0
1483658812          1          0              60               0          0          0          0          0
1483658813          1          0              60               0          0          0          0          0
1483658815          1          0              60               0          0          0          0          0
1483658816          0          0               0               0          0          0          0          0
1483658817          0          0               0               0          0          0          0          0
1483658818          1          0              60               0          0          0          0          0
1483658819          0          0               0               0          0          0          0          0
1483658820          0          0               0               0          0          0          0          0
1483658822          0          0               0               0          0          0          0          0
1483658823          0          0               0               0          0          0          0          0
1483658824          1          0              60               0          0          0          0          0
1483658825          0          0               0               0          0          0          0          0
1483658826          0          0               0               0          0          0          0          0
1483658827          3          0             180               0          0          0          0          0
1483658828          3          0             180               0          0          0          0          0
1483658829          1          0              60               0          0          0          0          0
1483658831          1          0              60               0          0          0          0          0
1483658832          0          0               0               0          0          0          0          0
1483658833          2          0             120               0          0          0          0          0
1483658834          0          0               0               0          0          0          0          0
1483658835          0          0               0               0          0          0          0          0
1483658836          0          0               0               0          0          0          0          0
1483658837          0          0               0               0          0          0          0          0
1483658839          1          0              60               0          0          0          0          0
1483658840          1          0              60               0          0          0          0          0
1483658841          0          0               0               0          0          0          0          0
1483658842          3          0             180               0          0          0          0          0
1483658843          2          0             120               0          0          0          0          0
1483658844          3          0             180               0          0          0          0          0
1483658845          0          0               0               0          0          0          0          0
1483658847          0          0               0               0          0          0          0          0
1483658848          0          0               0               0          0          0          0          0
1483658849          0          0               0               0          0          0          0          0
1483658850          1          0              60               0          0          0          0          0
1483658851          1          0              60               0          0          0          0          0
1483658852          1          0              60               0          0          0          0          0
1483658853          0          0               0               0          0          0          0          0
1483658855          1          0              60               0          0          0          0          0
1483658856          0          0               0               0          0          0          0          0
1483658857          0          0               0               0          0          0          0          0
1483658858          1          0              60               0          0          0          0          0
1483658859          1          0              60               0          0          0          0          0
1483658860          1          0              60               0          0          0          0          0
1483658861          0          0               0               0          0          0          0          0
1483658863          1          0              60               0          0          0          0          0
1483658864          0          0               0               0          0          0          0          0
1483658865          1          0              60               0          0          0          0          0
1483658866          0          0               0               0          0          0          0          0
1483658867          0          0               0               0          0          0          0          0
1483658868          3          0             180               0          0          0          0          0
1483658869          0          0               0               0          0          0          0          0
1483658871          2          0             120               0          0          0          0          0
1483658872          0          0               0               0          0          0          0          0
1483658873          0          0               0               0          0          0          0          0
1483658874          0          0               0               0          0          0          0          0
1483658875          0          0               0               0          0          0          0          0
1483658876          1          0              60               0          0          0          0          0
1483658877          0          0               0               0          0          0          0          0
1483658879          0          0               0               0          0          0          0          0
1483658880          0          0               0               0          0          0          0          0
1483658881          0          0               0               0          0          0          0          0
1483658882          0          0               0               0          0          0          0          0
1483658883          0          0               0               0          0          0          0          0
1483658884          0          0               0               0          0          0          0          0
1483658886          0          0               0               0          0          0          0          0
1483658887          1          0              60               0          0          0          0          0
1483658888          0          0               0               0          0          0          0          0
1483658889          1          0              60               0          0          0          0          0
1483658890          0          0               0               0          0          0          0          0
1483658891          0          0               0               0          0          0          0          0
1483658892          0          0               0               0          0          0          0          0
1483658894          0          0               0               0          0          0          0          0
1483658895          0          0               0               0          0          0          0          0
1483658896          2          0             120               0          0          0          0          0
1483658897          2          0             120               0          0          0          0          0
1483658898          0          0               0               0          0          0          0          0
1483658899          0          0               0               0          0          0          0          0
1483658900          1          0              60               0          0          0          0          0
1483658902          1          0              60               0          0          0          0          0
1483658903          1          0              60               0          0          0          0          0
1483658904          1          0              60               0          0          0          0          0
1483658905          0          0               0               0          0          0          0          0
1483658906          3          0             180               0          0          0          0          0
1483658907          1          0              60               0          0          0          0          0
1483658908          0          0               0               0          0          0          0          0
1483658910          1          0              60               0          0          0          0          0
1483658911          1          0              60               0          0          0          0          0
1483658912          0          0               0               0          0          0          0          0
1483658913          3          0             180               0          0          0          0          0
1483658914          0          0               0               0          0          0          0          0
1483658915          1          0              60               0          0          0          0          0
1483658916          0          0               0               0          0          0          0          0
1483658918          1          0              60               0          0          0          0          0
1483658919          0          0               0               0          0          0          0          0
1483658920          0          0               0               0          0          0          0          0
1483658921          3          0             180               0          0          0          0          0
1483658922          1          0              60               0          0          0          0          0
1483658923          1          0              78               0          0          0          0          0
1483658924          1          0              78               0          0          0          0          0
1483658926          3          0             234               0          0          0          0          0
1483658927          7          0             546               0          0          0          0          0
1483658928          2          0             156               0          0          0          0          0
1483658929          2          0             120               0          0          0          0          0
1483658930          3          0             180               0          0          0          0          0
1483658931          2          0             120               0          0          0          0          0
1483658932          8          0             480               0          0          0          0          0
1483658934          3          0             180               0          0          0          0          0
1483658935          3          0             180               0          0          0          0          0
1483658936          0          0               0               0          0          0          0          0
1483658937          0          0               0               0          0          0          0          0
1483658938          0          0               0               0          0          0          0          0
1483658939          0          0               0               0          0          0          0          0
1483658940          0          0               0               0          0          0          0          0
1483658942          0          0               0               0          0          0          0          0
1483658943          1          0              60               0          0          0          0          0
1483658944          0          0               0               0          0          0          0          0
1483658945          0          0               0               0          0          0          0          0
1483658946          2          0             120               0          0          0          0          0
1483658947          0          0               0               0          0          0          0          0
1483658948          3          0             180               0          0          0          0          0
1483658950          0          0               0               0          0          0          0          0
1483658951          0          0               0               0          0          0          0          0
1483658952          1          0              60               0          0          0          0          0
1483658953          0          0               0               0          0          0          0          0
1483658954          5          0             300               0          0          0          0          0
1483658955          1          0              60               0          0          0          0          0
1483658956          0          0               0               0          0          0          0          0
1483658958          0          0               0               0          0          0          0          0
1483658959          3          0             180               0          0          0          0          0
1483658960          0          0               0               0          0          0          0          0
1483658961          1          0              60               0          0          0          0          0
1483658962          0          0               0               0          0          0          0          0
1483658963          0          0               0               0          0          0          0          0
1483658964          1          0              60               0          0          0          0          0
1483658966          0          0               0               0          0          0          0          0
1483658967          1          0              60               0          0          0          0          0
1483658968          0          0               0               0          0          0          0          0
1483658969          4          0             240               0          0          0          0          0
