#TIME Node0_NumHit Node1_NumHit Node0_NumMiss Node1_NumMiss Node0_Local Node1_Local Node0_Other Node1_Other Node0_Free Node1_Free Node0_Used Node1_Used
1483661888 170929758 169644443 113701 41051 170924126 169632029 119333 53464 15262.45 12935.57 1071.78 3448.02
1483661889 170929786 169644473 113701 41051 170924154 169632060 119333 53464 15261.91 12934.88 1071.98 3448.75
1483661890 170929815 169644507 113701 41051 170924184 169632094 119333 53464 15262.18 12935.18 1072.16 3448.82
1483661892 170929842 169644541 113701 41051 170924210 169632128 119333 53464 15262.25 12934.36 1072.00 3449.66
1483661893 170929872 169644574 113701 41051 170924240 169632160 119333 53464 15262.15 12934.84 1071.65 3449.56
1483661894 170929901 169644606 113701 41051 170924269 169632193 119333 53464 15262.21 12934.18 1072.04 3449.41
1483661895 170929929 169644638 113701 41051 170924298 169632225 119333 53464 15262.67 12934.44 1071.88 3449.16
1483661896 170929958 169644672 113701 41051 170924327 169632258 119333 53464 15262.25 12934.56 1071.69 3449.07
1483661897 170929986 169644704 113701 41051 170924355 169632291 119333 53464 15262.47 12934.39 1070.97 3449.25
1483661898 170930016 169644737 113701 41051 170924384 169632324 119333 53464 15262.18 12934.28 1071.64 3449.32
1483661899 170930045 169644768 113701 41051 170924414 169632355 119333 53464 15262.38 12934.14 1071.78 3449.46
1483661900 170930075 169644802 113701 41051 170924443 169632388 119333 53464 15262.74 12934.25 1071.45 3449.77
1483661902 170930103 169644834 113701 41051 170924472 169632421 119333 53464 15262.11 12934.36 1072.50 3449.26
1483661903 170930133 169644867 113701 41051 170924501 169632454 119333 53464 15262.48 12933.99 1072.10 3449.23
1483661904 170930161 169644901 113701 41051 170924529 169632487 119333 53464 15262.88 12934.14 1072.12 3449.45
1483661905 170930189 169644935 113701 41051 170924557 169632522 119333 53464 15262.61 12933.36 1071.21 3450.24
1483661906 170930217 169644969 113701 41051 170924585 169632556 119333 53464 15261.75 12933.97 1072.07 3450.05
1483661907 170930265 169645015 113701 41051 170924634 169632602 119333 53464 15255.79 12931.56 1078.80 3452.44
1483661908 170930297 169645092 113701 41051 170924665 169632678 119333 53464 15254.68 12905.36 1079.24 3478.65
1483661909 170930327 169645125 113701 41051 170924696 169632711 119333 53464 15254.41 12905.68 1079.40 3478.32
1483661910 170930359 169645159 113701 41051 170924727 169632745 119333 53464 15254.74 12905.82 1080.27 3477.79
1483661912 170930392 169645501 113701 41051 170924761 169633088 119333 53464 15254.16 12784.47 1080.44 3599.53
1483661913 170930422 169645588 113701 41051 170924790 169633174 119333 53464 15254.21 12731.03 1080.40 3652.22
1483661914 170930452 169645681 113701 41051 170924821 169633268 119333 53464 15253.41 12667.14 1081.22 3716.88
1483661915 170930484 169645768 113701 41051 170924853 169633354 119333 53464 15252.73 12619.29 1081.14 3765.80
1483661916 170930518 169645896 113701 41051 170924887 169633483 119333 53464 15252.07 12523.84 1082.94 3859.79
1483661917 170930555 169646006 113701 41051 170924923 169633592 119333 53464 15251.86 12445.88 1082.37 3937.76
1483661918 170930589 169646136 113701 41051 170924957 169633723 119333 53464 15252.25 12350.51 1081.99 4033.88
1483661919 170930621 169646235 113701 41051 170924989 169633822 119333 53464 15252.27 12284.26 1081.97 4100.08
1483661921 170930656 169646331 113701 41051 170925025 169633918 119333 53464 15252.32 12221.46 1082.30 4163.30
1483661922 170930689 169646453 113701 41051 170925057 169634039 119333 53464 15252.34 12133.18 1081.89 4250.77
1483661923 170930723 169646569 113701 41051 170925092 169634156 119333 53464 15253.05 12049.28 1082.36 4335.07
1483661924 170930756 169646666 113701 41051 170925125 169634253 119333 53464 15251.71 11985.21 1082.54 4399.14
1483661925 170930786 169646768 113701 41051 170925154 169634354 119333 53464 15251.94 11922.16 1082.70 4461.84
1483661926 170930819 169646855 113701 41051 170925187 169634442 119333 53464 15252.69 11868.75 1081.92 4515.60
1483661927 170930853 169646951 113701 41051 170925221 169634538 119333 53464 15252.06 11808.05 1082.95 4575.95
1483661928 170930886 169647041 113701 41051 170925254 169634627 119333 53464 15251.68 11754.77 1082.92 4629.63
1483661929 170930919 169647133 113701 41051 170925287 169634720 119333 53464 15251.84 11693.83 1082.77 4690.15
1483661931 170930951 169647227 113701 41051 170925319 169634814 119333 53464 15252.44 11634.88 1082.57 4749.46
1483661932 170930985 169647326 113701 41051 170925353 169634913 119333 53464 15251.59 11568.98 1083.06 4814.99
1483661933 170931018 169647426 113701 41051 170925386 169635013 119333 53464 15251.84 11504.24 1082.80 4879.75
1483661934 170931051 169647516 113701 41051 170925419 169635102 119333 53464 15251.54 11448.25 1082.68 4935.38
1483661935 170931088 169647608 113701 41051 170925456 169635195 119333 53464 15251.77 11384.54 1082.82 5003.43
1483661936 170931121 169647694 113701 41051 170925490 169635281 119333 53464 15251.83 11333.79 1083.16 5050.57
1483661937 170931153 169647770 113701 41051 170925521 169635357 119333 53464 15251.71 11291.37 1083.30 5092.24
1483661938 170931186 169647855 113701 41051 170925554 169635442 119333 53464 15251.81 11240.39 1082.83 5143.57
1483661939 170931217 169647943 113701 41051 170925585 169635530 119333 53464 15251.70 11187.57 1082.91 5196.78
1483661941 170931251 169648035 113701 41051 170925619 169635622 119333 53464 15252.20 11124.82 1082.05 5259.18
1483661942 170931283 169648125 113701 41051 170925652 169635711 119333 53464 15251.39 11073.34 1082.85 5310.99
1483661943 170931316 169648240 113701 41051 170925684 169635826 119333 53464 15252.11 10992.85 1082.54 5390.77
1483661944 170931347 169648342 113701 41051 170925715 169635929 119333 53464 15252.36 10924.43 1082.29 5459.57
1483661945 170931380 169648452 113701 41051 170925748 169636038 119333 53464 15252.15 10847.67 1082.85 5536.35
1483661946 170931411 169648536 113701 41051 170925779 169636122 119333 53464 15251.75 10800.18 1082.50 5583.82
1483661947 170931447 169648639 113701 41051 170925816 169636225 119333 53464 15251.42 10727.22 1082.41 5656.74
1483661948 170931479 169648738 113701 41051 170925848 169636324 119333 53464 15251.85 10664.05 1082.79 5719.59
1483661950 170931511 169648829 113701 41051 170925879 169636415 119333 53464 15251.76 10606.53 1082.90 5777.88
1483661951 170931545 169648918 113701 41051 170925913 169636505 119333 53464 15252.29 10550.80 1082.32 5833.20
1483661952 170931578 169649005 113701 41051 170925946 169636591 119333 53464 15251.40 10496.92 1082.85 5887.04
1483661953 170931609 169649098 113701 41051 170925978 169636684 119333 53464 15251.54 10438.56 1083.10 5945.78
1483661954 170931641 169649192 113701 41051 170926009 169636779 119333 53464 15252.14 10379.13 1082.87 6005.22
1483661956 170931674 169649311 113701 41051 170926042 169636898 119333 53464 15252.15 10294.37 1082.49 6090.04
1483661957 170931704 169649399 113701 41051 170926073 169636985 119333 53464 15252.16 10240.80 1082.45 6143.16
1483661958 170931736 169649487 113701 41051 170926104 169637073 119333 53464 15252.12 10185.38 1082.50 6198.61
1483661959 170931765 169649592 113701 41051 170926134 169637179 119333 53464 15252.97 10113.63 1082.01 6270.40
1483661960 170931799 169649692 113701 41051 170926167 169637278 119333 53464 15252.79 10045.47 1082.19 6337.79
1483661962 170931829 169649775 113701 41051 170926197 169637361 119333 53464 15252.69 9996.20 1081.56 6388.19
1483661963 170931861 169649864 113701 41051 170926230 169637451 119333 53464 15252.52 9939.52 1081.31 6444.50
1483661964 170931892 169649942 113701 41051 170926260 169637528 119333 53464 15252.23 9897.43 1081.70 6486.58
1483661965 170931921 169650059 113701 41051 170926289 169637645 119333 53464 15252.64 9814.36 1081.22 6570.02
1483661966 170931951 169650144 113701 41051 170926319 169637731 119333 53464 15252.95 9763.35 1081.29 6620.63
1483661967 170931982 169650217 113701 41051 170926350 169637803 119333 53464 15252.97 9719.93 1080.89 6666.20
1483661968 170932015 169650310 113701 41051 170926383 169637897 119333 53464 15253.04 9662.28 1081.21 6721.75
1483661969 170932046 169650389 113701 41051 170926414 169637975 119333 53464 15252.62 9618.25 1082.00 6765.01
1483661971 170932080 169650500 113701 41051 170926448 169638087 119333 53464 15253.07 9537.26 1081.55 6847.12
1483661972 170932110 169650606 113701 41051 170926478 169638193 119333 53464 15252.50 9466.27 1082.44 6917.37
1483661973 170932139 169650688 113701 41051 170926507 169638275 119333 53464 15252.77 9417.21 1081.92 6973.72
1483661974 170932168 169650790 113701 41051 170926536 169638377 119333 53464 15252.43 9351.71 1081.44 7032.28
1483661975 170932201 169650873 113701 41051 170926569 169638459 119333 53464 15252.02 9300.95 1081.90 7083.07
1483661976 170932232 169650959 113701 41051 170926600 169638546 119333 53464 15252.07 9247.07 1082.54 7136.56
1483661977 170932262 169651062 113701 41051 170926630 169638649 119333 53464 15252.66 9177.15 1081.53 7206.86
1483661978 170932292 169651158 113701 41051 170926660 169638745 119333 53464 15252.24 9116.88 1081.93 7267.14
1483661980 170932324 169651259 113701 41051 170926692 169638845 119333 53464 15253.04 9048.11 1081.95 7335.89
1483661981 170932357 169651344 113701 41051 170926725 169638930 119333 53464 15252.69 8993.27 1082.64 7390.71
1483661982 170932389 169651435 113701 41051 170926757 169639022 119333 53464 15252.88 8935.77 1081.36 7447.49
1483661983 170932421 169651534 113701 41051 170926789 169639120 119333 53464 15252.05 8868.60 1082.94 7514.64
1483661984 170932448 169651647 113701 41051 170926816 169639234 119333 53464 15252.07 8791.16 1082.17 7592.84
1483661985 170932479 169651738 113701 41051 170926847 169639324 119333 53464 15251.80 8734.51 1082.07 7649.07
1483661986 170932509 169651836 113701 41051 170926877 169639422 119333 53464 15252.39 8670.09 1081.85 7714.25
1483661987 170932540 169651941 113701 41051 170926908 169639528 119333 53464 15252.54 8598.29 1081.71 7786.08
1483661989 170932569 169652071 113701 41051 170926938 169639658 119333 53464 15252.72 8503.36 1081.47 7881.02
1483661990 170932601 169652168 113701 41051 170926969 169639755 119333 53464 15252.57 8437.75 1082.03 7946.25
1483661991 170932631 169652257 113701 41051 170926999 169639844 119333 53464 15252.65 8383.25 1081.96 8001.10
1483661992 170932661 169652326 113701 41051 170927029 169639912 119333 53464 15252.45 8346.66 1081.79 8037.32
1483661993 170932690 169652416 113701 41051 170927058 169640003 119333 53464 15251.89 8291.50 1081.97 8092.13
1483661994 170932721 169652500 113701 41051 170927089 169640087 119333 53464 15252.91 8236.45 1081.69 8150.48
1483661995 170932752 169652589 113701 41051 170927120 169640175 119333 53464 15252.57 8184.28 1081.68 8199.74
1483661996 170932782 169652673 113701 41051 170927150 169640260 119333 53464 15252.26 8133.92 1081.97 8250.44
1483661998 170932812 169652751 113701 41051 170927180 169640338 119333 53464 15251.84 8088.57 1082.76 8306.70
1483661999 170932841 169652842 113701 41051 170927209 169640429 119333 53464 15252.27 8030.71 1082.35 8353.29
1483662000 170932872 169652938 113701 41051 170927240 169640525 119333 53464 15252.13 7968.42 1082.40 8415.21
1483662001 170932902 169653017 113701 41051 170927270 169640604 119333 53464 15252.42 7911.12 1081.85 8475.76
1483662002 170932936 169653107 113701 41051 170927304 169640693 119333 53464 15251.03 7867.59 1083.58 8516.05
1483662003 170932966 169653210 113701 41051 170927334 169640797 119333 53464 15251.84 7798.81 1082.79 8584.83
1483662004 170932997 169653298 113701 41051 170927365 169640884 119333 53464 15251.98 7743.21 1083.02 8640.80
1483662005 170933026 169653388 113701 41051 170927394 169640975 119333 53464 15251.32 7686.07 1082.55 8697.90
1483662006 170933058 169653478 113701 41051 170927426 169641064 119333 53464 15252.55 7628.14 1081.69 8755.88
1483662008 170933088 169653538 113701 41051 170927456 169641125 119333 53464 15251.93 7599.83 1083.05 8784.18
1483662009 170933118 169653640 113701 41051 170927486 169641227 119333 53464 15251.35 7532.45 1082.14 8851.17
1483662010 170933147 169653739 113701 41051 170927515 169641325 119333 53464 15251.96 7467.17 1082.66 8916.47
1483662011 170933176 169653820 113701 41051 170927544 169641407 119333 53464 15251.53 7420.53 1082.70 8963.10
1483662012 170933209 169653936 113701 41051 170927577 169641522 119333 53464 15252.01 7334.80 1082.82 9048.56
1483662013 170933238 169654034 113701 41051 170927606 169641620 119333 53464 15252.43 7272.08 1082.61 9111.56
1483662014 170933269 169654144 113701 41051 170927637 169641730 119333 53464 15251.43 7193.60 1082.80 9190.04
1483662015 170933301 169654243 113701 41051 170927669 169641830 119333 53464 15251.73 7125.01 1082.52 9259.01
1483662017 170933332 169654337 113701 41051 170927700 169641923 119333 53464 15251.45 7065.38 1082.86 9318.25
1483662018 170933361 169654426 113701 41051 170927729 169642013 119333 53464 15251.45 7008.79 1082.79 9375.18
1483662019 170933392 169654526 113701 41051 170927760 169642113 119333 53464 15250.79 6940.91 1083.45 9442.72
1483662020 170933421 169654621 113701 41051 170927789 169642207 119333 53464 15251.33 6881.05 1082.91 9502.97
1483662021 170933454 169654699 113701 41051 170927822 169642286 119333 53464 15251.32 6832.87 1083.16 9552.12
1483662022 170933485 169654783 113701 41051 170927853 169642370 119333 53464 15251.84 6780.20 1083.14 9603.79
1483662023 170933516 169654849 113701 41051 170927884 169642435 119333 53464 15251.25 6745.91 1083.00 9636.93
1483662024 170933546 169654941 113701 41051 170927914 169642528 119333 53464 15251.80 6687.73 1082.81 9695.50
1483662026 170933579 169655019 113701 41051 170927947 169642605 119333 53464 15251.63 6639.00 1083.37 9744.62
1483662027 170933607 169655113 113701 41051 170927975 169642699 119333 53464 15251.13 6579.69 1082.72 9803.57
1483662028 170933637 169655207 113701 41051 170928005 169642793 119333 53464 15251.59 6519.08 1083.04 9872.15
1483662029 170933667 169655293 113701 41051 170928035 169642880 119333 53464 15251.91 6464.93 1083.09 9919.06
1483662030 170933697 169655376 113701 41051 170928065 169642962 119333 53464 15251.44 6414.68 1082.81 9968.96
1483662031 170933726 169655455 113701 41051 170928093 169643041 119333 53464 15251.52 6371.44 1083.45 10012.56
1483662032 170933754 169655551 113701 41051 170928122 169643138 119333 53464 15251.12 6307.33 1083.11 10076.61
1483662033 170933784 169655648 113701 41051 170928152 169643234 119333 53464 15251.69 6244.25 1082.55 10139.78
1483662035 170933813 169655742 113701 41051 170928181 169643328 119333 53464 15252.26 6182.56 1082.72 10201.83
1483662036 170933851 169655820 113701 41051 170928219 169643407 119333 53464 15250.92 6130.33 1083.70 10252.94
1483662037 170933879 169655918 113701 41051 170928247 169643505 119333 53464 15251.30 6067.99 1083.32 10316.39
1483662038 170933908 169656021 113701 41051 170928276 169643607 119333 53464 15251.88 5999.13 1083.48 10384.87
1483662039 170933936 169656128 113701 41051 170928303 169643715 119333 53464 15251.78 5919.83 1083.23 10465.56
1483662040 170933970 169656223 113701 41051 170928338 169643810 119333 53464 15250.89 5860.00 1083.62 10523.47
1483662041 170933999 169656302 113701 41051 170928367 169643889 119333 53464 15250.75 5813.93 1083.42 10569.69
1483662042 170934030 169656416 113701 41051 170928398 169644002 119333 53464 15251.23 5734.09 1082.69 10649.93
1483662043 170934060 169656496 113701 41051 170928428 169644083 119333 53464 15251.74 5684.18 1082.88 10699.05
1483662045 170934090 169656580 113701 41051 170928457 169644167 119333 53464 15251.58 5628.07 1084.20 10762.46
1483662046 170934124 169656696 113701 41051 170928492 169644283 119333 53464 15251.48 5545.15 1083.16 10838.76
1483662047 170934152 169656773 113701 41051 170928520 169644360 119333 53464 15251.39 5503.04 1083.25 10880.96
1483662048 170934182 169656875 113701 41051 170928550 169644461 119333 53464 15252.22 5435.19 1082.79 10949.17
1483662049 170934212 169656974 113701 41051 170928580 169644560 119333 53464 15252.25 5369.25 1082.34 11015.48
1483662050 170934240 169657063 113701 41051 170928608 169644649 119333 53464 15251.98 5314.48 1082.26 11069.54
1483662051 170934271 169657173 113701 41051 170928639 169644760 119333 53464 15252.01 5236.61 1082.60 11147.40
1483662052 170934300 169657281 113701 41051 170928668 169644868 119333 53464 15251.40 5161.81 1083.27 11221.80
1483662054 170934329 169657341 113701 41051 170928697 169644927 119333 53464 15251.24 5136.24 1083.00 11247.76
1483662055 170934357 169657424 113701 41051 170928725 169645011 119333 53464 15251.64 5086.00 1082.58 11300.52
1483662056 170934388 169657549 113701 41051 170928756 169645135 119333 53464 15251.67 4995.18 1083.34 11388.44
1483662057 170934419 169657667 113701 41051 170928787 169645254 119333 53464 15251.66 4908.37 1082.96 11475.62
1483662058 170934449 169657771 113701 41051 170928817 169645358 119333 53464 15252.01 4837.09 1082.95 11546.10
1483662059 170934477 169657853 113701 41051 170928845 169645440 119333 53464 15251.49 4780.17 1082.38 11604.19
1483662060 170934506 169657970 113701 41051 170928874 169645557 119333 53464 15252.61 4704.16 1082.37 11680.53
1483662061 170934537 169658072 113701 41051 170928905 169645659 119333 53464 15251.45 4636.43 1083.18 11747.58
1483662062 170934567 169658176 113701 41051 170928934 169645763 119333 53464 15251.84 4565.54 1082.80 11818.09
1483662064 170934599 169658260 113701 41051 170928966 169645846 119333 53464 15251.29 4514.12 1082.96 11869.51
1483662065 170934632 169658353 113701 41051 170929000 169645940 119333 53464 15251.88 4449.57 1082.34 11934.45
1483662066 170934664 169658441 113701 41051 170929032 169646028 119333 53464 15252.84 4393.62 1082.47 11991.13
1483662067 170934703 169658555 113701 41051 170929071 169646142 119333 53464 15250.78 4303.09 1083.85 12081.68
1483662068 170934742 169658579 113701 41051 170929109 169646166 119333 53464 15249.49 4302.63 1084.77 12081.01
1483662069 170934793 169658591 113701 41051 170929161 169646177 119333 53464 15250.18 4303.04 1084.75 12080.60
1483662070 170934849 169658597 113701 41051 170929217 169646184 119333 53464 15250.29 4303.53 1083.96 12080.83
1483662071 170934906 169658604 113701 41051 170929274 169646190 119333 53464 15250.40 4303.47 1083.86 12080.53
1483662072 170934958 169658614 113701 41051 170929326 169646201 119333 53464 15249.54 4303.12 1084.73 12080.88
1483662074 170935009 169658627 113701 41051 170929377 169646214 119333 53464 15250.12 4303.28 1084.84 12081.09
1483662075 170935066 169658633 113701 41051 170929434 169646220 119333 53464 15250.45 4303.09 1084.18 12080.91
1483662076 170935122 169658640 113701 41051 170929490 169646227 119333 53464 15250.35 4303.35 1084.28 12080.29
1483662077 170935179 169658647 113701 41051 170929546 169646234 119333 53464 15250.73 4303.32 1083.52 12080.68
1483662078 170935234 169658655 113701 41051 170929602 169646241 119333 53464 15250.70 4302.96 1083.56 12081.04
1483662079 170935287 169658665 113701 41051 170929655 169646252 119333 53464 15250.72 4303.35 1083.75 12081.02
1483662080 170935343 169658672 113701 41051 170929711 169646259 119333 53464 15250.59 4303.07 1082.94 12080.93
1483662081 170935398 169658680 113701 41051 170929765 169646267 119333 53464 15251.14 4303.63 1083.89 12080.37
1483662082 170935454 169658687 113701 41051 170929822 169646273 119333 53464 15251.08 4304.00 1083.55 12080.00
1483662083 170935512 169658693 113701 41051 170929879 169646280 119333 53464 15250.43 4303.39 1083.45 12080.25
1483662085 170935568 169658699 113701 41051 170929936 169646286 119333 53464 15250.75 4303.49 1083.86 12080.88
1483662086 170935624 169658706 113701 41051 170929992 169646292 119333 53464 15250.61 4303.63 1083.66 12080.37
1483662087 170935681 169658713 113701 41051 170930049 169646299 119333 53464 15250.98 4303.24 1083.29 12081.12
1483662088 170935737 169658720 113701 41051 170930105 169646306 119333 53464 15250.82 4303.60 1082.70 12080.76
1483662089 170935794 169658726 113701 41051 170930162 169646312 119333 53464 15250.96 4303.88 1083.27 12080.49
1483662090 170935845 169658737 113701 41051 170930213 169646324 119333 53464 15250.59 4303.27 1083.68 12080.73
1483662091 170935903 169658743 113701 41051 170930270 169646330 119333 53464 15250.89 4303.76 1083.37 12079.88
1483662092 170935960 169658750 113701 41051 170930327 169646337 119333 53464 15251.25 4303.39 1083.03 12080.61
1483662093 170936017 169658756 113701 41051 170930385 169646343 119333 53464 15250.99 4303.88 1082.91 12080.12
1483662094 170936074 169658763 113701 41051 170930442 169646349 119333 53464 15251.40 4303.88 1083.23 12080.12
1483662096 170936130 169658769 113701 41051 170930498 169646356 119333 53464 15251.15 4303.84 1083.80 12079.80
1483662097 170936182 169658780 113701 41051 170930550 169646366 119333 53464 15251.36 4316.31 1083.63 12067.33
1483662098 170936230 169658795 113701 41051 170930598 169646382 119333 53464 15255.62 4406.83 1078.30 11977.59
1483662099 170936259 169658828 113701 41051 170930627 169646414 119333 53464 15256.33 4406.96 1078.29 11977.03
1483662100 170936289 169658859 113701 41051 170930657 169646446 119333 53464 15256.23 4406.33 1078.01 11977.68
1483662101 170936318 169658891 113701 41051 170930686 169646478 119333 53464 15256.62 4406.67 1077.82 11977.59
1483662102 170936354 169658924 113701 41051 170930722 169646511 119333 53464 15252.94 4404.98 1082.18 11979.40
