#TIME             VMEM_MAX          VMEM              RMEM_MAX          RMEM              SHMEM             MEM_FREE          TMEM_MAX         
1483743868        0.105038          0.105038          0.003010          0.003010          0.000000          27.603600         0.003010         
1483743869        0.105042          0.105042          0.003052          0.003052          0.000000          27.602900         0.003052         
1483743870        0.105042          0.105042          0.003052          0.003052          0.000000          27.602900         0.003052         
1483743871        0.105042          0.105042          0.003052          0.003052          0.000000          27.603200         0.003052         
1483743872        0.105042          0.105042          0.003052          0.003052          0.000000          27.603300         0.003052         
1483743873        0.105042          0.105042          0.003052          0.003052          0.000000          27.603700         0.003052         
1483743874        0.105042          0.105042          0.003052          0.003052          0.000000          27.604500         0.003052         
1483743875        0.105042          0.105042          0.003052          0.003052          0.000000          27.604700         0.003052         
1483743877        0.105042          0.105042          0.003052          0.003052          0.000000          27.604200         0.003052         
1483743878        0.105042          0.105042          0.003052          0.003052          0.000000          27.603300         0.003052         
1483743879        0.105042          0.105042          0.003052          0.003052          0.000000          27.603900         0.003052         
1483743880        0.105042          0.105042          0.003052          0.003052          0.000000          27.603900         0.003052         
1483743881        0.477638          0.477539          0.011402          0.011398          0.000000          27.594400         0.011398         
1483743882        0.586281          0.586151          0.033482          0.033482          0.000000          27.571400         0.033482         
1483743883        0.595234          0.595104          0.040905          0.040897          0.000000          27.555900         0.040897         
1483743884        0.691776          0.691647          0.114594          0.114594          0.000000          27.452000         0.114594         
1483743886        0.693516          0.693386          0.121136          0.121136          0.000000          27.386200         0.121136         
1483743887        0.693516          0.693386          0.121136          0.121136          0.000000          27.264500         0.121136         
1483743888        0.693516          0.693386          0.121136          0.121136          0.000000          27.071300         0.121136         
1483743889        0.693516          0.693386          0.121136          0.121136          0.000000          26.812800         0.121136         
1483743890        0.693516          0.693386          0.121136          0.121136          0.000000          26.611300         0.121136         
1483743891        0.693516          0.693386          0.121136          0.121136          0.000000          26.463400         0.121136         
1483743892        0.693516          0.693386          0.121136          0.118107          0.000000          26.268000         0.121136         
1483743893        0.693516          0.693386          0.121136          0.118107          0.000000          26.010400         0.121136         
1483743895        0.693516          0.693386          0.121136          0.118107          0.000000          25.755200         0.121136         
1483743896        0.693516          0.693386          0.121136          0.118122          0.000000          25.473600         0.121136         
1483743897        0.693516          0.693386          0.121136          0.118107          0.000000          25.254400         0.121136         
1483743898        0.693516          0.693386          0.121136          0.118107          0.000000          25.113300         0.121136         
1483743899        0.693516          0.693386          0.121136          0.118107          0.000000          24.899700         0.121136         
1483743900        0.693516          0.693386          0.121136          0.118107          0.000000          24.724700         0.121136         
1483743901        0.693516          0.693386          0.121136          0.118107          0.000000          24.477300         0.121136         
1483743902        0.693516          0.693386          0.121136          0.118107          0.000000          24.286600         0.121136         
1483743904        0.693516          0.693386          0.121136          0.118114          0.000000          24.085000         0.121136         
1483743905        0.693516          0.693386          0.121136          0.118122          0.000000          23.824300         0.121136         
1483743906        0.693516          0.693386          0.121136          0.118122          0.000000          23.594700         0.121136         
1483743907        0.693516          0.693386          0.121136          0.118122          0.000000          23.371100         0.121136         
1483743908        0.693516          0.693386          0.121136          0.118122          0.000000          23.140500         0.121136         
1483743909        0.693516          0.693386          0.121136          0.118122          0.000000          22.933300         0.121136         
1483743910        0.693516          0.693386          0.121136          0.118122          0.000000          22.705100         0.121136         
1483743912        0.693520          0.693390          0.121140          0.118000          0.000000          22.458600         0.121136         
1483743913        0.693520          0.693390          0.121140          0.118118          0.000000          22.227400         0.121136         
1483743914        0.693520          0.693390          0.121140          0.118118          0.000000          22.043100         0.121136         
1483743915        0.693520          0.693390          0.121140          0.118118          0.000000          21.830500         0.121136         
1483743916        0.693520          0.693390          0.121140          0.118118          0.000000          21.581200         0.121136         
1483743917        0.693520          0.693390          0.121140          0.118118          0.000000          21.329300         0.121136         
1483743918        0.693520          0.693390          0.121140          0.118118          0.000000          21.047100         0.121136         
1483743919        0.693520          0.693390          0.121140          0.118126          0.000000          20.840100         0.121136         
1483743921        0.693520          0.693390          0.121140          0.118126          0.000000          20.663400         0.121136         
1483743922        0.693520          0.693390          0.121140          0.118111          0.000000          20.385700         0.121136         
1483743923        0.693520          0.693390          0.121140          0.118111          0.000000          20.182800         0.121136         
1483743924        0.693523          0.693394          0.121143          0.118114          0.000000          19.857500         0.121136         
1483743925        0.693523          0.693394          0.121143          0.118114          0.000000          19.640300         0.121136         
1483743926        0.693523          0.693394          0.121143          0.118114          0.000000          19.436300         0.121136         
1483743927        0.693523          0.693394          0.121143          0.118122          0.000000          19.218700         0.121136         
1483743928        0.693523          0.693394          0.121143          0.118130          0.000000          18.890700         0.121136         
1483743930        0.693523          0.693394          0.121143          0.118130          0.000000          18.632800         0.121136         
1483743931        0.693523          0.693394          0.121143          0.118130          0.000000          18.387400         0.121136         
1483743932        0.693523          0.693394          0.121143          0.118114          0.000000          18.197000         0.121136         
1483743933        0.693523          0.693394          0.121143          0.118114          0.000000          18.015900         0.121136         
1483743934        0.693523          0.693394          0.121143          0.118114          0.000000          17.659400         0.121136         
1483743935        0.693527          0.693398          0.121147          0.118126          0.000000          17.360200         0.121136         
1483743936        0.693527          0.693398          0.121147          0.118134          0.000000          17.110400         0.121136         
1483743937        0.693527          0.693398          0.121147          0.118134          0.000000          16.854200         0.121136         
1483743939        0.693527          0.693398          0.121147          0.118134          0.000000          16.676400         0.121136         
1483743940        0.693527          0.693398          0.121147          0.118134          0.000000          16.418000         0.121136         
1483743941        0.693527          0.693398          0.121147          0.118134          0.000000          16.147100         0.121136         
1483743942        0.693527          0.693398          0.121147          0.118126          0.000000          15.908100         0.121136         
1483743943        0.693527          0.693398          0.121147          0.118126          0.000000          15.787800         0.121136         
1483743944        0.693527          0.693398          0.121147          0.118134          0.000000          15.629600         0.121136         
1483743945        0.693527          0.693398          0.121147          0.118134          0.000000          15.402100         0.121136         
1483743946        0.693527          0.693398          0.121147          0.118134          0.000000          15.169100         0.121136         
1483743948        0.693531          0.693401          0.121151          0.118137          0.000000          14.878400         0.121136         
1483743949        0.693531          0.693401          0.121151          0.118137          0.000000          14.545400         0.121136         
1483743950        0.693531          0.693401          0.121151          0.118137          0.000000          14.417500         0.121136         
1483743951        0.693531          0.693401          0.121151          0.118137          0.000000          14.418100         0.121136         
1483743952        0.693531          0.693401          0.121151          0.118122          0.000000          14.419200         0.121136         
1483743953        0.693531          0.693401          0.121151          0.118122          0.000000          14.418800         0.121136         
1483743955        0.693531          0.693401          0.121151          0.118122          0.000000          14.417400         0.121136         
1483743956        0.693531          0.693401          0.121151          0.118122          0.000000          14.417700         0.121136         
1483743957        0.693531          0.693401          0.121151          0.118122          0.000000          14.418600         0.121136         
1483743958        0.693531          0.693401          0.121151          0.118137          0.000000          14.418500         0.121136         
1483743959        0.693531          0.693401          0.121151          0.118137          0.000000          14.417600         0.121136         
1483743960        0.693535          0.693405          0.121155          0.118141          0.000000          14.418500         0.121136         
1483743961        0.693535          0.693405          0.121155          0.118141          0.000000          14.418100         0.121136         
1483743963        0.693535          0.693405          0.121155          0.118221          0.000000          14.416200         0.121136         
1483743964        0.693535          0.693405          0.121155          0.118378          0.000000          14.417400         0.121136         
1483743965        0.693535          0.693405          0.121155          0.118378          0.000000          14.417900         0.121136         
1483743966        0.693535          0.640991          0.121155          0.079197          0.000000          14.512800         0.121136         
1483743967        0.693535          0.105061          0.121155          0.003071          0.000000          14.524500         0.121136         
1483743968        0.693535          0.105061          0.121155          0.003071          0.000000          14.524900         0.121136         
1483743969        0.693535          0.105061          0.121155          0.003071          0.000000          14.525100         0.121136         
