      time tx_packets rx_packets        tx_bytes        rx_bytes  tx_errors tx_dropped rx_frame_errors rx_crc_errors
1481736898          1          0              60               0          0          0          0          0
1481736899          0          0               0               0          0          0          0          0
1481736900          0          0               0               0          0          0          0          0
1481736901          0          0               0               0          0          0          0          0
1481736902          0          0               0               0          0          0          0          0
1481736903          0          0               0               0          0          0          0          0
1481736904          0          0               0               0          0          0          0          0
1481736905          0          0               0               0          0          0          0          0
1481736907          0          0               0               0          0          0          0          0
1481736908          1          0              60               0          0          0          0          0
1481736909          0          0               0               0          0          0          0          0
1481736910          0          0               0               0          0          0          0          0
1481736911          1          0              60               0          0          0          0          0
1481736913          2          0             120               0          0          0          0          0
1481736914          2          0             138               0          0          0          0          0
1481736915          0          0               0               0          0          0          0          0
1481736916          0          0               0               0          0          0          0          0
1481736917          0          0               0               0          0          0          0          0
1481736918          0          0               0               0          0          0          0          0
1481736919          0          0               0               0          0          0          0          0
1481736921          1          0              60               0          0          0          0          0
1481736922          1          0              78               0          0          0          0          0
1481736923          4          0             304               0          0          0          0          0
1481736924          2          0             138               0          0          0          0          0
1481736925          0          0               0               0          0          0          0          0
1481736926          2          0             130               0          0          0          0          0
1481736927          0          0               0               0          0          0          0          0
1481736929          1          0              60               0          0          0          0          0
1481736930          3          0             180               0          0          0          0          0
1481736931          3          0             190               0          0          0          0          0
1481736932          0          0               0               0          0          0          0          0
1481736933          0          0               0               0          0          0          0          0
1481736934          0          0               0               0          0          0          0          0
1481736935          1          0              60               0          0          0          0          0
1481736937          1          0              60               0          0          0          0          0
1481736938          0          0               0               0          0          0          0          0
1481736939          0          0               0               0          0          0          0          0
1481736940          1          0              60               0          0          0          0          0
1481736941          0          0               0               0          0          0          0          0
1481736942          0          0               0               0          0          0          0          0
1481736944          0          0               0               0          0          0          0          0
1481736945          0          0               0               0          0          0          0          0
1481736946          0          0               0               0          0          0          0          0
1481736947          1          0              60               0          0          0          0          0
1481736948          0          0               0               0          0          0          0          0
1481736949          0          0               0               0          0          0          0          0
1481736950          1          0              60               0          0          0          0          0
1481736952          1          0              60               0          0          0          0          0
1481736953          0          0               0               0          0          0          0          0
1481736954          0          0               0               0          0          0          0          0
1481736955          0          0               0               0          0          0          0          0
1481736956          0          0               0               0          0          0          0          0
1481736957          0          0               0               0          0          0          0          0
1481736958          0          0               0               0          0          0          0          0
1481736960          0          0               0               0          0          0          0          0
1481736961          0          0               0               0          0          0          0          0
1481736962          2          0             120               0          0          0          0          0
1481736963          0          0               0               0          0          0          0          0
1481736964          0          0               0               0          0          0          0          0
1481736965          0          0               0               0          0          0          0          0
1481736966          0          0               0               0          0          0          0          0
1481736968          0          0               0               0          0          0          0          0
1481736969          1          0              60               0          0          0          0          0
1481736970          0          0               0               0          0          0          0          0
1481736971          0          0               0               0          0          0          0          0
1481736972          0          0               0               0          0          0          0          0
1481736973          0          0               0               0          0          0          0          0
1481736975          0          0               0               0          0          0          0          0
1481736976          1          0              78               0          0          0          0          0
1481736977          0          0               0               0          0          0          0          0
1481736978          0          0               0               0          0          0          0          0
1481736979          1          0              60               0          0          0          0          0
1481736980          0          0               0               0          0          0          0          0
1481736981          2          0             120               0          0          0          0          0
1481736983          1          0              60               0          0          0          0          0
1481736984          0          0               0               0          0          0          0          0
1481736985          0          0               0               0          0          0          0          0
1481736987          0          0               0               0          0          0          0          0
1481736988          0          0               0               0          0          0          0          0
1481736989          2          0             120               0          0          0          0          0
1481736990          0          0               0               0          0          0          0          0
1481736991          0          0               0               0          0          0          0          0
1481736992          0          0               0               0          0          0          0          0
1481736994          0          0               0               0          0          0          0          0
1481736995          1          0              60               0          0          0          0          0
1481736996          0          0               0               0          0          0          0          0
1481736997          0          0               0               0          0          0          0          0
1481736998          0          0               0               0          0          0          0          0
1481736999          2          0             120               0          0          0          0          0
1481737000          0          0               0               0          0          0          0          0
1481737002          3          0             216               0          0          0          0          0
1481737003          0          0               0               0          0          0          0          0
1481737004          0          0               0               0          0          0          0          0
1481737005          0          0               0               0          0          0          0          0
1481737006          0          0               0               0          0          0          0          0
1481737007          0          0               0               0          0          0          0          0
1481737008          2          0             120               0          0          0          0          0
1481737009          0          0               0               0          0          0          0          0
