 %time 1481737475
 %usr 0.31 0.00 5.00 0.00 0.00 0.00 0.00 0.00 0.00 0.00 0.00 0.00 0.00 0.00 0.00 0.00 0.00
 %sys 0.12 0.00 1.00 0.00 0.00 0.00 0.00 0.00 0.00 0.00 0.00 0.00 0.00 0.00 0.00 0.00 0.00
 %idle 99.56 100.00 94.00 100.00 100.00 100.00 100.00 100.00 100.00 100.00 100.00 100.00 100.00 100.00 100.00 100.00 100.00
 %time 1481737476
 %usr 0.38 0.00 0.00 0.00 0.00 0.00 0.00 0.00 6.06 0.00 0.00 1.01 0.00 0.00 0.00 0.00 0.00
 %sys 0.19 0.00 0.00 0.00 0.00 0.00 0.00 0.00 1.01 0.00 0.00 0.00 0.99 0.00 0.00 0.00 0.00
 %idle 99.44 100.00 100.00 100.00 100.00 100.00 100.00 100.00 92.93 100.00 100.00 98.99 99.01 100.00 100.00 100.00 100.00
 %time 1481737477
 %usr 0.19 0.00 0.00 0.00 1.01 0.00 0.00 0.00 0.00 0.00 0.00 1.00 0.00 0.00 0.00 0.00 0.00
 %sys 0.12 0.00 0.00 0.00 0.00 0.00 0.00 0.00 0.00 0.00 0.00 1.00 0.00 0.00 0.00 0.00 0.00
 %idle 99.69 100.00 100.00 100.00 98.99 100.00 100.00 100.00 100.00 100.00 100.00 98.00 100.00 100.00 100.00 100.00 100.00
 %time 1481737478
 %usr 0.25 0.00 0.00 0.00 4.95 0.00 0.00 0.00 0.00 0.00 0.00 0.00 0.00 0.00 0.00 0.00 0.00
 %sys 0.12 0.00 0.00 0.00 1.98 0.00 0.00 0.00 0.00 0.00 0.00 0.99 0.00 0.00 0.00 0.00 0.00
 %idle 99.38 100.00 100.00 100.00 89.11 100.00 100.00 100.00 100.00 100.00 100.00 99.01 100.00 100.00 100.00 100.00 100.00
 %time 1481737480
 %usr 0.25 0.00 0.00 0.00 0.00 0.00 0.00 0.00 0.00 4.00 0.00 0.00 0.00 0.00 0.00 0.00 0.00
 %sys 0.25 0.00 1.00 0.00 0.00 0.00 0.00 0.00 0.00 1.00 0.00 0.00 0.00 0.00 0.00 0.00 0.00
 %idle 96.62 100.00 96.00 100.00 100.00 100.00 100.00 100.00 100.00 53.00 99.00 100.00 100.00 100.00 100.00 100.00 100.00
 %time 1481737481
 %usr 2.31 0.00 0.00 0.00 0.00 0.00 0.00 0.00 0.00 17.35 19.00 0.00 0.00 0.00 0.00 0.00 0.00
 %sys 0.50 0.00 0.00 0.00 0.00 0.00 0.00 0.00 0.00 4.08 3.00 0.00 0.00 0.00 0.00 0.99 0.99
 %idle 94.00 100.00 100.00 100.00 100.00 100.00 100.00 100.00 100.00 26.53 78.00 100.00 100.00 100.00 100.00 99.01 99.01
 %time 1481737482
 %usr 0.94 0.00 1.01 0.00 7.00 0.00 0.00 0.00 0.00 6.93 0.00 0.00 0.00 0.00 0.00 0.00 0.00
 %sys 0.44 1.00 2.02 0.00 1.00 0.00 0.00 0.00 0.00 0.99 1.01 0.99 0.99 0.00 0.00 0.00 0.00
 %idle 93.93 99.00 90.91 99.00 48.00 100.00 100.00 100.00 100.00 71.29 94.95 99.01 99.01 100.00 100.00 100.00 100.00
 %time 1481737483
 %usr 1.94 1.00 6.00 0.00 13.00 0.00 0.00 0.00 0.00 3.00 7.84 0.00 0.00 0.00 0.00 0.00 0.00
 %sys 0.94 2.00 4.00 0.00 2.00 0.00 0.00 0.00 0.00 2.00 4.90 0.99 0.99 0.99 0.00 1.00 0.00
 %idle 93.69 97.00 86.00 100.00 45.00 100.00 100.00 100.00 100.00 87.00 84.31 99.01 99.01 99.01 100.00 99.00 100.00
 %time 1481737484
 %usr 3.69 2.97 7.00 12.87 4.00 0.99 0.00 6.00 7.07 9.90 3.03 3.03 1.00 0.00 0.00 0.00 0.00
 %sys 1.00 0.99 4.00 1.98 0.00 0.00 0.00 2.00 1.01 1.98 2.02 1.01 1.00 0.00 0.00 0.00 0.00
 %idle 95.00 96.04 89.00 85.15 93.00 99.01 100.00 92.00 91.92 85.15 94.95 95.96 98.00 100.00 100.00 100.00 100.00
 %time 1481737485
 %usr 0.06 0.00 0.00 0.00 0.00 0.00 0.00 0.00 0.00 1.00 0.00 0.00 0.00 0.00 0.00 0.00 0.00
 %sys 0.31 0.00 0.00 0.00 0.00 0.00 0.00 0.00 0.00 2.00 1.00 0.00 0.00 0.00 0.00 0.00 0.00
 %idle 99.13 100.00 100.00 100.00 100.00 100.00 100.00 100.00 100.00 93.00 96.00 99.00 100.00 100.00 100.00 100.00 100.00
 %time 1481737486
 %usr 5.70 0.00 0.00 0.00 0.00 0.00 0.00 0.00 0.00 47.47 44.00 0.00 0.00 0.00 0.00 0.00 0.00
 %sys 3.44 1.98 1.00 1.00 0.00 1.00 0.00 0.00 0.99 21.21 22.00 2.02 2.02 1.00 0.00 0.00 3.00
 %idle 90.42 98.02 99.00 99.00 100.00 99.00 100.00 100.00 99.01 28.28 30.00 97.98 97.98 99.00 100.00 100.00 97.00
 %time 1481737488
 %usr 7.53 0.00 0.00 0.00 0.00 0.00 0.00 0.00 0.00 61.00 59.00 0.00 0.00 0.00 0.00 0.00 0.00
 %sys 6.40 3.96 2.02 1.01 1.01 2.00 1.00 1.00 0.00 39.00 41.00 3.03 1.03 2.00 2.02 0.00 1.00
 %idle 86.07 96.04 97.98 98.99 98.99 98.00 99.00 99.00 100.00 0.00 0.00 96.97 98.97 98.00 97.98 100.00 99.00
 %time 1481737489
 %usr 7.42 0.00 0.00 0.00 0.00 0.00 0.00 0.00 0.00 60.00 58.59 0.00 0.00 0.00 0.00 0.00 0.00
 %sys 6.54 5.05 4.04 2.02 1.01 1.01 1.00 1.00 0.00 40.00 41.41 2.02 3.00 1.01 1.00 0.00 0.00
 %idle 86.05 94.95 95.96 97.98 98.99 98.99 99.00 99.00 100.00 0.00 0.00 97.98 97.00 98.99 99.00 100.00 100.00
 %time 1481737490
 %usr 7.40 0.00 0.00 0.00 0.00 0.00 0.00 0.00 0.00 59.41 59.00 0.00 0.00 0.00 0.00 0.00 0.00
 %sys 6.77 5.05 3.06 2.02 3.00 1.00 1.00 1.00 0.00 40.59 41.00 2.00 2.02 0.00 0.99 3.03 1.00
 %idle 85.83 94.95 96.94 97.98 97.00 99.00 99.00 99.00 100.00 0.00 0.00 98.00 97.98 100.00 99.01 96.97 99.00
 %time 1481737491
 %usr 7.53 0.00 0.00 0.00 0.00 0.00 0.00 0.00 0.00 61.00 58.59 0.00 0.00 0.00 0.00 0.00 0.00
 %sys 6.40 4.00 3.03 3.00 2.00 1.00 0.00 1.00 0.00 39.00 41.41 3.03 3.03 1.01 1.00 0.00 0.00
 %idle 86.06 96.00 96.97 97.00 98.00 99.00 100.00 99.00 100.00 0.00 0.00 96.97 96.97 98.99 99.00 100.00 100.00
 %time 1481737492
 %usr 7.45 0.00 0.00 0.00 0.00 0.00 0.00 0.00 0.00 60.40 58.42 0.00 0.00 0.00 0.00 0.00 0.00
 %sys 6.76 5.00 3.03 2.02 1.01 1.01 1.01 1.00 0.00 39.60 41.58 3.00 4.00 1.01 1.00 1.00 1.01
 %idle 85.79 95.00 96.97 97.98 98.99 98.99 98.99 99.00 100.00 0.00 0.00 97.00 96.00 98.99 99.00 99.00 98.99
 %time 1481737493
 %usr 7.53 0.00 0.00 0.00 0.00 0.00 0.00 0.00 0.00 60.61 59.00 0.00 0.00 0.00 0.00 0.00 0.00
 %sys 6.59 5.05 4.04 1.01 1.01 0.99 0.00 1.00 0.00 39.39 41.00 3.00 3.00 2.02 1.00 0.00 1.00
 %idle 85.88 94.95 95.96 98.99 98.99 99.01 100.00 99.00 100.00 0.00 0.00 97.00 97.00 97.98 99.00 100.00 99.00
 %time 1481737494
 %usr 7.41 0.00 0.00 0.00 0.00 0.00 0.00 0.00 0.00 59.41 59.00 0.00 0.00 0.00 0.00 0.00 0.00
 %sys 6.66 6.06 5.05 3.03 2.02 0.00 1.01 1.01 1.00 40.59 41.00 1.01 1.01 1.00 0.00 0.00 1.00
 %idle 85.74 93.94 94.95 96.97 97.98 100.00 98.99 98.99 99.00 0.00 0.00 98.99 95.96 99.00 100.00 100.00 99.00
 %time 1481737495
 %usr 7.39 0.00 0.00 0.00 0.00 0.00 0.00 0.00 0.00 59.41 58.00 0.00 0.00 0.00 0.00 0.00 0.00
 %sys 6.83 5.00 4.08 2.97 3.00 1.01 1.00 2.00 1.01 40.59 42.00 2.00 1.01 1.01 0.99 1.00 0.00
 %idle 85.78 95.00 95.92 97.03 97.00 98.99 99.00 98.00 98.99 0.00 0.00 98.00 98.99 98.99 99.01 99.00 100.00
 %time 1481737497
 %usr 7.40 0.00 0.00 0.00 0.00 0.00 0.00 0.00 0.00 60.00 57.43 0.00 0.00 0.00 0.00 0.00 0.00
 %sys 6.71 4.00 4.95 3.03 2.00 0.00 1.01 2.00 1.00 40.00 42.57 1.01 1.01 1.01 1.00 1.00 1.00
 %idle 85.89 96.00 95.05 96.97 98.00 100.00 98.99 98.00 99.00 0.00 0.00 98.99 98.99 98.99 99.00 99.00 99.00
 %time 1481737498
 %usr 7.47 0.00 0.00 0.00 0.00 0.00 0.00 0.00 0.00 60.40 58.59 0.00 0.00 0.00 0.00 0.00 0.00
 %sys 6.65 6.06 5.00 1.02 2.00 0.00 1.00 1.01 1.01 39.60 41.41 2.02 1.01 1.01 0.00 2.00 1.00
 %idle 85.88 93.94 95.00 98.98 98.00 100.00 99.00 98.99 98.99 0.00 0.00 97.98 98.99 98.99 100.00 98.00 99.00
 %time 1481737499
 %usr 7.40 0.00 0.00 0.00 0.00 0.00 0.00 0.00 0.00 60.61 58.00 0.00 0.00 0.00 0.00 0.00 0.00
 %sys 6.71 4.00 4.00 1.01 2.00 3.03 1.00 1.00 0.00 39.39 42.00 2.02 1.01 1.00 2.00 2.02 1.00
 %idle 85.88 96.00 96.00 98.99 98.00 96.97 99.00 99.00 100.00 0.00 0.00 97.98 98.99 99.00 98.00 97.98 99.00
 %time 1481737500
 %usr 7.47 0.00 0.00 0.00 0.00 0.00 0.00 0.00 0.00 60.00 58.00 0.00 0.00 0.00 0.00 0.00 0.00
 %sys 6.71 4.08 4.95 1.01 2.00 1.00 0.00 2.00 1.01 40.00 42.00 3.00 2.02 2.00 0.00 2.97 1.01
 %idle 85.82 95.92 95.05 98.99 98.00 99.00 100.00 98.00 98.99 0.00 0.00 97.00 97.98 98.00 100.00 97.03 98.99
 %time 1481737501
 %usr 6.34 0.00 0.00 0.00 1.01 0.00 0.00 0.00 0.00 50.00 48.51 0.00 0.00 0.00 0.00 0.00 0.00
 %sys 7.65 3.00 2.00 4.04 1.01 1.01 1.00 1.00 1.00 50.00 51.49 2.04 3.03 1.01 1.00 0.00 0.00
 %idle 85.13 97.00 97.00 95.96 93.94 98.99 99.00 99.00 99.00 0.00 0.00 97.96 89.90 98.99 96.00 100.00 100.00
 %time 1481737502
 %usr 4.95 0.00 0.00 0.00 0.00 0.00 0.00 0.00 0.00 40.00 39.00 0.00 0.00 0.00 0.00 0.00 0.00
 %sys 8.65 1.01 3.00 2.97 0.00 0.00 1.00 1.00 0.00 60.00 61.00 1.00 0.00 1.00 3.00 1.01 1.00
 %idle 86.39 98.99 97.00 97.03 100.00 100.00 99.00 99.00 100.00 0.00 0.00 99.00 100.00 99.00 97.00 98.99 99.00
 %time 1481737504
 %usr 4.89 0.00 0.00 0.00 0.00 0.00 0.00 0.00 0.00 39.00 38.00 0.00 0.00 0.00 0.00 0.00 0.00
 %sys 8.65 4.08 1.01 2.00 1.01 0.00 1.00 1.00 0.00 61.00 62.00 1.01 1.01 2.00 1.00 1.00 0.00
 %idle 86.46 95.92 98.99 98.00 98.99 100.00 99.00 99.00 100.00 0.00 0.00 98.99 98.99 98.00 99.00 99.00 100.00
 %time 1481737505
 %usr 4.95 0.00 0.00 0.00 0.00 0.00 0.00 0.00 0.00 40.00 39.00 0.00 0.00 0.00 0.00 0.00 0.00
 %sys 8.58 3.03 1.00 2.00 1.00 0.99 0.00 0.00 0.00 60.00 61.00 2.02 3.03 2.02 0.00 1.00 1.00
 %idle 86.47 96.97 99.00 98.00 99.00 99.01 100.00 100.00 100.00 0.00 0.00 97.98 96.97 97.98 100.00 99.00 99.00
 %time 1481737506
 %usr 5.01 0.00 0.00 0.00 0.00 0.00 0.00 0.00 0.00 41.00 39.00 0.00 0.00 0.00 0.00 0.00 0.00
 %sys 8.58 2.02 3.00 1.00 1.00 0.00 1.00 0.00 0.00 59.00 61.00 2.02 2.00 1.01 0.00 1.01 1.00
 %idle 86.41 97.98 97.00 99.00 99.00 100.00 99.00 100.00 100.00 0.00 0.00 97.98 98.00 98.99 100.00 98.99 99.00
 %time 1481737507
 %usr 4.95 0.00 0.00 0.00 0.00 0.00 0.00 0.00 0.00 40.00 39.00 0.00 0.00 0.00 0.00 0.00 0.00
 %sys 8.52 2.00 2.00 0.00 1.01 2.00 0.00 0.00 1.00 60.00 61.00 2.00 2.02 2.00 0.99 0.99 0.00
 %idle 86.29 98.00 98.00 100.00 95.96 98.00 100.00 100.00 99.00 0.00 0.00 98.00 97.98 98.00 99.01 99.01 100.00
 %time 1481737508
 %usr 8.38 0.00 0.00 0.00 0.00 0.00 0.00 0.00 0.00 81.19 52.00 0.00 0.00 0.00 0.00 0.00 0.00
 %sys 3.44 1.00 2.00 0.00 1.00 0.00 0.00 0.00 0.00 0.00 48.00 1.00 0.00 1.00 0.00 0.00 1.00
 %idle 88.18 99.00 98.00 100.00 99.00 100.00 100.00 100.00 100.00 18.81 0.00 99.00 100.00 99.00 100.00 100.00 99.00
 %time 1481737510
 %usr 1.94 1.00 5.10 2.97 15.00 0.00 0.00 0.00 0.00 2.00 6.06 0.00 0.00 0.00 0.00 0.00 0.00
 %sys 0.63 0.00 1.02 0.99 4.00 0.00 0.00 1.00 0.00 1.00 1.01 0.99 1.00 0.00 0.00 1.00 0.00
 %idle 94.37 99.00 89.80 96.04 38.00 100.00 100.00 99.00 100.00 97.00 91.92 99.01 99.00 100.00 100.00 99.00 100.00
 %time 1481737511
 %usr 2.07 0.00 1.00 0.00 5.00 0.00 0.00 0.00 0.00 8.00 19.00 0.00 0.00 0.00 0.00 0.00 0.00
 %sys 0.75 0.00 2.00 0.00 1.00 0.00 0.00 0.00 0.00 3.00 5.00 0.00 1.00 0.00 0.00 0.00 0.00
 %idle 95.31 100.00 94.00 100.00 77.00 100.00 100.00 100.00 100.00 83.00 71.00 100.00 99.00 100.00 100.00 100.00 100.00
 %time 1481737512
 %usr 1.19 0.00 0.00 0.00 3.00 0.00 0.00 0.00 0.00 3.00 8.91 3.00 0.00 0.00 0.00 0.00 0.00
 %sys 0.31 0.00 0.00 0.00 1.00 0.00 0.00 0.00 0.00 1.00 1.98 0.00 1.00 0.00 0.00 0.00 0.00
 %idle 97.81 100.00 97.98 100.00 90.00 100.00 100.00 100.00 100.00 94.00 89.11 97.00 99.00 100.00 100.00 100.00 100.00
 %time 1481737513
 %usr 3.95 7.00 13.00 3.96 7.00 0.00 0.00 0.00 2.00 10.20 12.00 6.12 2.00 0.00 0.00 0.00 0.00
 %sys 4.77 4.00 27.00 5.94 2.00 0.00 0.00 0.00 2.00 4.08 24.00 4.08 2.00 0.99 0.00 0.99 1.00
 %idle 90.78 89.00 60.00 90.10 86.00 100.00 100.00 100.00 96.00 85.71 61.00 89.80 96.00 99.01 100.00 99.01 99.00
