 %time 1481746022
 %usr 0.31 0.00 5.05 0.00 0.00 0.00 0.00 0.00 0.00 0.00 0.00 0.00 0.00 0.00 0.00 0.00 0.00
 %sys 0.12 1.00 1.01 0.00 0.00 0.00 0.00 0.00 0.99 0.00 0.00 0.00 0.00 0.00 0.00 0.00 0.00
 %idle 99.56 99.00 93.94 100.00 100.00 100.00 100.00 100.00 99.01 100.00 100.00 100.00 100.00 100.00 100.00 100.00 100.00
 %time 1481746023
 %usr 0.38 0.00 0.99 0.00 0.00 0.00 5.05 0.00 0.00 0.00 0.00 1.00 0.00 0.00 0.00 0.00 0.00
 %sys 0.19 0.00 0.00 0.00 0.00 0.00 2.02 0.00 0.00 0.00 0.99 0.00 0.00 0.00 0.00 0.99 0.00
 %idle 99.44 100.00 99.01 100.00 100.00 100.00 92.93 100.00 100.00 100.00 99.01 99.00 100.00 100.00 100.00 99.01 100.00
 %time 1481746025
 %usr 0.25 0.00 0.00 0.00 0.00 0.00 2.00 0.00 0.00 0.00 0.00 0.99 0.00 0.00 0.00 0.00 0.00
 %sys 0.12 0.00 0.00 0.00 0.00 0.00 0.00 0.00 0.00 0.00 0.00 0.99 0.00 0.00 0.00 0.00 0.00
 %idle 99.44 100.00 100.00 100.00 97.00 100.00 98.00 100.00 100.00 100.00 100.00 98.02 100.00 100.00 100.00 100.00 100.00
 %time 1481746026
 %usr 0.25 0.00 0.00 0.00 0.00 0.00 5.00 0.00 0.00 0.00 0.00 0.00 0.00 0.00 0.00 0.00 0.00
 %sys 0.06 0.00 0.00 0.00 0.00 0.00 1.00 0.00 0.00 0.00 0.00 0.00 0.00 0.00 0.00 0.00 0.00
 %idle 99.69 100.00 100.00 100.00 100.00 100.00 94.00 100.00 100.00 100.00 100.00 100.00 100.00 100.00 100.00 100.00 100.00
 %time 1481746027
 %usr 0.19 0.00 0.00 0.00 0.00 0.00 0.00 0.00 2.00 0.00 0.00 2.00 0.00 0.00 0.00 0.00 0.00
 %sys 0.12 0.00 0.00 0.00 0.00 0.00 0.00 0.00 0.00 0.00 1.00 0.00 0.00 0.00 0.00 0.00 0.00
 %idle 99.44 100.00 100.00 100.00 96.00 100.00 100.00 100.00 98.00 100.00 99.00 98.00 100.00 100.00 100.00 100.00 100.00
 %time 1481746028
 %usr 0.00 0.00 0.00 0.00 0.00 0.00 0.00 0.00 1.00 0.00 0.00 0.00 0.00 0.00 0.00 0.00 0.00
 %sys 0.06 0.00 0.00 0.00 0.00 0.00 0.00 0.00 0.00 0.00 0.00 0.00 0.00 0.99 0.00 0.00 0.00
 %idle 99.81 100.00 100.00 100.00 100.00 100.00 100.00 100.00 99.00 98.00 100.00 100.00 100.00 99.01 100.00 100.00 100.00
 %time 1481746029
 %usr 0.25 0.00 0.00 0.00 0.00 0.00 0.00 5.00 0.00 0.00 0.00 0.00 0.00 0.00 0.00 0.00 0.00
 %sys 0.12 0.00 0.00 0.00 0.00 0.00 0.00 1.00 0.00 0.00 0.00 0.00 0.00 0.00 0.00 0.00 0.00
 %idle 99.63 100.00 100.00 100.00 100.00 100.00 100.00 94.00 100.00 100.00 100.00 100.00 100.00 100.00 100.00 100.00 100.00
 %time 1481746030
 %usr 0.19 0.00 0.00 0.00 0.00 2.00 0.00 0.00 0.00 0.00 0.00 1.98 0.00 0.00 0.00 0.00 0.00
 %sys 0.12 0.00 0.00 0.00 0.00 0.00 0.00 0.00 0.00 0.00 0.00 0.00 0.00 0.00 0.00 0.00 0.00
 %idle 99.69 100.00 100.00 100.00 100.00 98.00 100.00 100.00 100.00 100.00 100.00 98.02 100.00 100.00 100.00 100.00 100.00
 %time 1481746031
 %usr 0.31 0.00 0.00 0.00 0.00 5.00 0.00 0.00 0.00 0.00 0.00 0.00 0.00 0.00 0.00 0.00 0.00
 %sys 0.12 0.00 0.00 0.00 0.00 1.00 0.00 0.00 0.00 0.00 0.00 0.00 0.00 0.00 0.00 0.00 0.00
 %idle 99.56 100.00 100.00 100.00 100.00 94.00 100.00 100.00 100.00 100.00 100.00 100.00 100.00 100.00 100.00 100.00 100.00
 %time 1481746032
 %usr 0.50 0.00 0.00 0.00 0.00 0.00 0.00 6.00 0.00 0.00 0.00 1.98 0.00 0.00 0.00 0.00 0.00
 %sys 0.19 1.00 0.00 0.00 0.00 0.00 0.00 2.00 0.00 0.00 0.00 0.99 0.00 0.00 0.00 0.00 0.00
 %idle 99.13 99.00 100.00 99.00 100.00 100.00 100.00 92.00 100.00 100.00 100.00 97.03 100.00 100.00 100.00 100.00 100.00
 %time 1481746033
 %usr 0.06 0.00 0.00 0.99 0.00 0.00 0.00 0.00 0.00 1.00 0.00 0.00 0.00 0.00 0.00 0.00 0.00
 %sys 0.12 0.00 0.00 0.00 0.00 0.00 0.00 0.00 0.00 0.00 0.00 0.00 0.00 0.00 0.99 0.00 0.00
 %idle 97.56 100.00 98.00 99.01 100.00 100.00 100.00 100.00 100.00 66.00 98.99 100.00 100.00 100.00 99.01 100.00 100.00
 %time 1481746035
 %usr 1.69 0.00 0.00 0.00 0.00 0.00 0.00 0.00 0.00 13.13 14.14 0.00 0.00 0.00 0.00 0.00 0.00
 %sys 0.38 0.99 0.00 0.00 0.00 0.00 0.00 0.00 0.00 3.03 1.01 0.99 0.00 0.00 0.00 0.99 0.00
 %idle 93.93 99.01 100.00 100.00 100.00 100.00 100.00 100.00 100.00 19.19 84.85 99.01 100.00 100.00 99.02 99.01 100.00
 %time 1481746036
 %usr 0.63 0.00 1.01 0.00 0.00 0.00 0.00 0.00 0.00 6.12 3.00 0.00 0.00 0.00 0.00 0.00 0.00
 %sys 0.44 0.99 0.00 0.00 1.00 0.99 0.00 0.00 0.00 2.04 1.00 0.00 0.00 0.00 0.00 0.00 0.00
 %idle 94.00 99.01 95.96 100.00 70.00 99.01 100.00 100.00 100.00 47.96 93.00 100.00 100.00 100.00 100.00 100.00 100.00
 %time 1481746037
 %usr 1.69 0.00 0.99 0.00 0.00 0.00 0.00 0.00 0.00 20.20 6.12 0.00 0.00 0.00 0.00 0.00 0.00
 %sys 0.63 0.00 1.98 0.00 0.00 0.00 0.00 0.00 0.00 3.03 3.06 0.00 0.00 0.00 0.00 0.00 0.00
 %idle 93.80 100.00 94.06 100.00 98.00 100.00 100.00 100.00 100.00 22.22 86.73 100.00 100.00 100.00 100.00 100.00 100.00
 %time 1481746038
 %usr 6.25 5.00 23.47 9.00 6.00 6.00 6.00 6.06 4.08 15.15 10.00 1.96 3.00 1.01 1.01 1.96 0.00
 %sys 1.81 2.00 5.10 3.00 2.00 2.00 2.00 1.01 1.02 3.03 3.00 1.96 1.00 0.00 0.00 0.98 0.00
 %idle 90.93 93.00 71.43 88.00 90.00 92.00 92.00 92.93 94.90 70.71 85.00 96.08 96.00 98.99 98.99 97.06 100.00
 %time 1481746039
 %usr 0.38 0.00 0.00 0.99 1.96 1.00 0.99 0.99 0.99 0.00 0.00 0.00 0.00 0.00 0.00 0.00 0.00
 %sys 0.25 0.00 0.00 0.00 0.98 0.00 0.00 0.99 0.99 2.02 1.01 0.00 0.00 0.00 0.00 0.00 0.00
 %idle 98.81 100.00 100.00 98.02 96.08 99.00 99.01 98.02 98.02 94.95 94.95 100.00 100.00 100.00 100.00 100.00 100.00
 %time 1481746040
 %usr 0.00 0.00 0.00 0.00 0.00 0.00 0.00 0.00 0.00 0.00 0.00 0.00 0.00 0.00 0.00 0.00 0.00
 %sys 0.12 0.00 0.00 0.00 0.00 0.00 0.00 0.00 0.00 0.99 0.00 0.00 0.00 0.00 0.00 0.00 0.00
 %idle 99.88 100.00 100.00 100.00 100.00 100.00 100.00 100.00 100.00 99.01 100.00 100.00 100.00 100.00 100.00 100.00 100.00
 %time 1481746041
 %usr 5.56 0.00 0.00 0.00 0.00 0.00 0.00 0.00 0.00 44.00 44.44 0.00 0.00 0.00 0.00 0.00 0.99
 %sys 1.44 0.99 0.00 0.00 0.00 0.00 0.00 0.00 0.00 12.00 8.08 0.00 0.00 0.00 0.00 0.00 1.98
 %idle 92.31 99.01 100.00 100.00 97.00 100.00 100.00 100.00 100.00 40.00 43.43 100.00 100.00 100.00 100.00 100.00 97.03
 %time 1481746042
 %usr 12.50 0.00 0.00 0.00 0.00 0.00 0.00 0.00 0.00 100.00 100.00 0.00 0.00 0.00 0.00 0.00 0.00
 %sys 0.06 1.00 0.00 0.00 0.00 0.00 0.00 0.00 0.00 0.00 0.00 0.00 0.00 0.99 0.00 0.00 0.00
 %idle 87.44 99.00 100.00 100.00 100.00 100.00 100.00 100.00 100.00 0.00 0.00 100.00 100.00 99.01 100.00 100.00 100.00
 %time 1481746044
 %usr 11.26 0.00 0.00 0.00 0.00 0.00 0.00 0.00 0.00 89.11 89.11 0.00 0.00 0.00 0.00 0.00 0.00
 %sys 1.63 1.01 1.00 1.00 0.00 0.00 0.00 0.00 0.00 9.90 9.90 1.00 1.00 1.00 0.00 0.00 0.00
 %idle 86.80 98.99 99.00 99.00 95.96 100.00 100.00 100.00 100.00 0.99 0.00 99.00 99.00 99.00 100.00 100.00 100.00
 %time 1481746045
 %usr 7.35 0.00 0.00 0.00 0.00 0.00 0.00 0.00 0.00 57.00 60.61 0.00 0.00 0.00 0.00 0.00 0.00
 %sys 5.53 3.00 3.03 2.02 1.01 0.00 1.01 1.00 1.00 32.00 35.35 3.03 4.00 2.00 0.00 0.00 1.00
 %idle 86.18 97.00 96.97 97.98 98.99 100.00 98.99 99.00 99.00 0.00 0.00 96.97 96.00 98.00 100.00 100.00 99.00
 %time 1481746046
 %usr 7.52 0.00 0.00 0.00 0.00 0.00 0.00 0.00 0.00 57.58 64.00 0.00 0.00 0.00 0.00 0.00 0.00
 %sys 5.89 4.00 4.00 2.00 1.01 2.00 1.00 1.00 1.01 32.32 36.00 3.03 2.02 1.01 0.00 1.00 1.00
 %idle 85.89 96.00 96.00 98.00 98.99 98.00 99.00 99.00 98.99 0.00 0.00 96.97 97.98 98.99 100.00 99.00 99.00
 %time 1481746047
 %usr 7.52 0.00 0.00 0.00 0.00 0.00 0.00 0.00 0.00 57.00 64.00 0.00 0.00 0.00 0.00 0.00 0.00
 %sys 5.89 5.00 5.05 3.03 1.01 0.00 1.01 1.00 1.00 33.00 36.00 2.02 3.00 1.01 0.00 1.00 1.00
 %idle 85.89 95.00 94.95 96.97 98.99 100.00 98.99 99.00 99.00 0.00 0.00 97.98 97.00 98.99 100.00 99.00 99.00
 %time 1481746048
 %usr 7.98 0.00 0.00 0.00 0.00 0.00 0.00 0.00 0.00 62.00 64.00 0.00 0.00 0.00 0.00 0.00 0.00
 %sys 5.91 4.00 3.06 2.02 1.01 3.00 1.01 1.01 0.00 36.00 36.00 2.02 1.01 2.00 0.99 1.01 1.00
 %idle 86.05 96.00 96.94 97.98 98.99 97.00 98.99 98.99 100.00 0.00 0.00 97.98 98.99 98.00 99.01 98.99 99.00
 %time 1481746049
 %usr 7.54 0.00 0.00 0.00 0.00 0.00 0.00 0.00 0.00 56.00 64.00 0.00 0.00 0.00 0.00 0.00 0.00
 %sys 5.46 2.02 1.02 1.01 2.97 0.00 0.00 0.00 2.00 33.00 36.00 2.02 2.02 1.01 1.01 1.00 1.00
 %idle 86.24 97.98 98.98 98.99 97.03 100.00 100.00 100.00 98.00 0.00 0.00 97.98 97.98 98.99 98.99 99.00 99.00
 %time 1481746050
 %usr 7.65 0.00 0.00 0.00 0.00 0.00 0.00 0.00 0.00 58.59 64.00 0.00 0.00 0.00 0.00 0.00 0.00
 %sys 5.77 2.97 2.02 2.97 2.00 0.00 1.00 1.01 1.01 33.33 36.00 4.00 3.03 2.00 0.00 3.00 1.00
 %idle 86.02 97.03 97.98 97.03 98.00 100.00 99.00 98.99 98.99 0.00 0.00 96.00 96.97 98.00 100.00 97.00 99.00
 %time 1481746052
 %usr 7.41 0.00 0.00 0.00 0.00 0.00 0.00 0.00 0.00 53.47 64.00 0.00 0.00 0.00 0.00 0.00 0.00
 %sys 5.53 2.04 1.02 1.01 2.00 1.01 1.00 2.00 2.00 31.68 36.00 2.02 3.00 2.97 1.00 0.00 1.00
 %idle 86.12 97.96 98.98 98.99 98.00 98.99 99.00 98.00 98.00 0.00 0.00 97.98 97.00 97.03 99.00 100.00 99.00
 %time 1481746053
 %usr 7.73 0.00 0.00 0.00 0.00 0.00 0.00 0.00 0.00 60.40 62.38 0.00 0.00 0.00 0.00 0.00 0.00
 %sys 6.16 2.04 4.00 2.00 1.00 1.00 0.00 0.00 2.97 36.63 37.62 3.00 3.03 1.01 2.02 1.98 1.01
 %idle 85.99 97.96 96.00 98.00 99.00 99.00 100.00 100.00 97.03 0.00 0.00 97.00 96.97 98.99 97.98 98.02 98.99
 %time 1481746054
 %usr 6.65 0.00 0.00 0.00 0.00 0.00 0.00 0.00 0.00 43.43 64.00 0.00 0.00 0.00 0.00 0.00 0.00
 %sys 5.27 4.04 3.03 2.00 1.01 0.00 1.00 0.00 0.99 26.26 36.00 2.02 2.00 0.00 2.00 1.01 1.00
 %idle 86.14 95.96 96.97 98.00 98.99 100.00 99.00 100.00 99.01 0.00 0.00 97.98 98.00 100.00 98.00 98.99 99.00
 %time 1481746055
 %usr 7.89 0.00 0.00 0.00 0.00 0.00 0.00 0.00 0.00 62.38 63.37 0.00 0.00 0.00 0.00 0.00 0.00
 %sys 6.39 5.00 4.04 3.00 1.02 1.01 0.00 2.00 0.00 37.62 36.63 4.00 4.00 2.00 0.00 1.00 0.00
 %idle 85.71 95.00 95.96 97.00 98.98 98.99 100.00 98.00 100.00 0.00 0.00 96.00 96.00 98.00 100.00 99.00 100.00
 %time 1481746056
 %usr 7.40 0.00 0.00 0.00 0.00 0.00 0.00 0.00 0.00 55.00 63.00 0.00 0.00 0.00 0.00 0.00 0.00
 %sys 5.71 3.03 3.00 3.03 2.00 1.01 0.00 0.00 1.00 31.00 37.00 3.00 3.00 1.01 0.00 1.01 1.00
 %idle 86.01 96.97 97.00 96.97 98.00 98.99 100.00 100.00 99.00 0.00 0.00 97.00 97.00 98.99 100.00 98.99 99.00
 %time 1481746057
 %usr 7.91 0.00 0.00 0.00 0.00 0.00 0.00 0.00 0.00 63.00 63.00 0.00 0.00 0.00 0.00 0.00 0.00
 %sys 6.03 3.03 3.03 3.00 1.01 0.00 1.00 1.98 1.00 37.00 37.00 3.00 2.02 2.00 1.98 0.00 0.00
 %idle 86.06 96.97 96.97 97.00 98.99 100.00 99.00 98.02 99.00 0.00 0.00 97.00 97.98 98.00 98.02 100.00 100.00
 %time 1481746058
 %usr 5.77 0.00 0.00 0.00 0.00 0.00 0.00 0.00 0.00 46.00 46.00 0.00 0.00 0.00 0.00 0.00 0.00
 %sys 7.90 2.02 3.03 2.02 1.01 1.00 0.00 0.00 1.00 54.00 54.00 3.00 1.02 2.00 0.00 1.00 1.00
 %idle 86.33 97.98 96.97 97.98 98.99 99.00 100.00 100.00 99.00 0.00 0.00 97.00 98.98 98.00 100.00 99.00 99.00
 %time 1481746060
 %usr 5.20 0.00 0.00 0.00 0.00 0.00 0.00 0.00 0.00 41.41 42.00 0.00 0.00 0.00 0.00 0.00 0.00
 %sys 8.45 4.00 4.00 1.01 1.00 0.00 1.00 1.00 0.99 58.59 58.00 1.02 1.01 0.00 0.99 1.00 0.00
 %idle 86.35 96.00 96.00 98.99 99.00 100.00 99.00 99.00 99.01 0.00 0.00 98.98 98.99 100.00 99.01 99.00 100.00
 %time 1481746061
 %usr 5.20 0.00 0.00 0.00 0.00 0.00 0.00 0.00 0.00 42.57 41.58 0.00 0.00 0.00 0.00 0.00 0.00
 %sys 8.21 1.01 2.02 0.00 2.00 1.00 0.99 0.00 0.00 57.43 58.42 1.98 2.02 1.00 2.02 0.00 1.00
 %idle 86.58 98.99 97.98 100.00 98.00 99.00 99.01 100.00 100.00 0.00 0.00 98.02 97.98 99.00 97.98 100.00 99.00
 %time 1481746062
 %usr 5.25 0.00 0.00 0.00 0.00 0.00 0.00 0.00 0.00 42.00 41.58 0.00 0.00 0.00 0.00 0.00 0.00
 %sys 8.56 4.00 1.01 3.00 0.00 0.00 0.00 0.00 0.99 58.00 58.42 3.00 2.00 1.98 0.00 1.98 0.00
 %idle 86.19 96.00 98.99 97.00 100.00 100.00 100.00 100.00 99.01 0.00 0.00 97.00 98.00 98.02 100.00 98.02 100.00
 %time 1481746063
 %usr 5.07 0.00 0.00 0.00 0.00 0.00 0.00 0.00 0.00 41.00 40.00 0.00 0.00 0.00 0.00 0.00 0.00
 %sys 8.64 3.03 3.00 1.98 1.00 0.00 1.00 1.00 0.99 59.00 60.00 2.02 2.02 2.97 1.00 0.00 1.00
 %idle 86.30 96.97 97.00 98.02 99.00 100.00 99.00 99.00 99.01 0.00 0.00 97.98 97.98 97.03 99.00 100.00 99.00
 %time 1481746064
 %usr 8.65 0.00 0.00 0.00 0.00 0.00 0.00 0.00 0.00 43.43 95.00 0.00 0.00 0.00 0.00 0.00 0.00
 %sys 4.51 1.01 1.01 0.00 1.00 0.00 0.99 1.98 0.00 56.57 4.00 1.00 1.98 0.00 0.99 0.99 0.99
 %idle 86.78 98.99 98.99 100.00 99.00 100.00 99.01 98.02 100.00 0.00 0.00 99.00 98.02 100.00 99.01 99.01 99.01
 %time 1481746065
 %usr 10.62 0.00 0.00 0.00 0.00 0.00 0.00 0.00 0.00 70.71 100.00 0.00 0.00 0.00 0.00 0.00 0.00
 %sys 2.19 1.00 1.00 0.00 1.00 0.00 0.00 0.00 0.99 29.29 0.00 0.99 1.00 0.00 0.00 1.00 0.00
 %idle 87.19 99.00 99.00 100.00 99.00 100.00 100.00 100.00 99.01 0.00 0.00 99.01 99.00 100.00 100.00 99.00 100.00
 %time 1481746067
 %usr 12.50 0.00 0.00 0.00 0.00 0.00 0.00 0.00 0.00 100.00 100.00 0.00 0.00 0.00 0.00 0.00 0.00
 %sys 0.00 0.00 0.00 0.00 0.00 0.00 0.00 0.00 0.00 0.00 0.00 0.00 0.00 0.00 0.00 0.00 0.00
 %idle 87.50 100.00 100.00 100.00 100.00 100.00 100.00 100.00 100.00 0.00 0.00 100.00 100.00 100.00 100.00 100.00 100.00
 %time 1481746068
 %usr 12.51 0.00 0.00 0.00 0.00 0.00 0.00 0.00 0.00 100.00 100.00 0.00 0.00 0.00 0.00 0.00 0.00
 %sys 0.00 0.00 0.00 0.00 0.00 0.00 0.00 0.00 0.00 0.00 0.00 0.00 0.00 0.00 0.00 0.00 0.00
 %idle 87.49 100.00 100.00 100.00 100.00 100.00 100.00 100.00 100.00 0.00 0.00 100.00 100.00 100.00 100.00 100.00 100.00
 %time 1481746069
 %usr 12.50 0.00 0.00 0.00 0.00 0.00 0.00 0.00 0.00 100.00 100.00 0.00 0.00 0.00 0.00 0.00 0.00
 %sys 0.00 0.00 0.00 0.00 0.00 0.00 0.00 0.00 0.00 0.00 0.00 0.00 0.00 0.00 0.00 0.00 0.00
 %idle 87.50 100.00 100.00 100.00 100.00 100.00 100.00 100.00 100.00 0.00 0.00 100.00 100.00 100.00 100.00 100.00 100.00
 %time 1481746070
 %usr 12.50 0.00 0.00 0.00 0.00 0.00 0.00 0.00 0.00 100.00 100.00 0.00 0.00 0.00 0.00 0.00 0.00
 %sys 0.00 0.00 0.00 0.00 0.99 0.00 0.00 0.00 0.00 0.00 0.00 0.00 0.00 0.00 0.00 0.00 0.00
 %idle 87.50 100.00 100.00 100.00 99.01 100.00 100.00 100.00 100.00 0.00 0.00 100.00 100.00 100.00 100.00 100.00 100.00
 %time 1481746071
 %usr 12.50 0.00 0.00 0.00 0.00 0.00 0.00 0.00 0.00 100.00 100.00 0.00 0.00 0.00 0.00 0.00 0.00
 %sys 0.00 0.00 0.00 0.00 0.00 0.00 0.00 0.00 0.00 0.00 0.00 0.00 0.00 0.00 0.00 0.00 0.00
 %idle 87.50 100.00 100.00 100.00 100.00 100.00 100.00 100.00 100.00 0.00 0.00 100.00 100.00 100.00 100.00 100.00 100.00
 %time 1481746072
 %usr 12.49 0.00 0.00 0.00 0.00 0.00 0.00 0.00 0.00 100.00 100.00 0.00 0.00 0.00 0.00 0.00 0.00
 %sys 0.06 0.99 0.00 0.00 0.00 0.00 0.00 0.00 0.00 0.00 0.00 0.00 0.00 0.00 0.00 0.00 0.00
 %idle 87.45 99.01 100.00 100.00 100.00 100.00 100.00 100.00 100.00 0.00 0.00 100.00 100.00 100.00 100.00 100.00 100.00
 %time 1481746073
 %usr 12.50 0.00 0.00 0.00 0.00 0.00 0.00 0.00 0.00 100.00 100.00 0.00 0.00 0.00 0.00 0.00 0.00
 %sys 0.06 0.00 1.00 0.00 0.00 0.00 0.00 0.00 0.00 0.00 0.00 0.00 0.00 0.00 0.00 0.00 0.00
 %idle 87.44 100.00 99.00 100.00 100.00 100.00 100.00 100.00 100.00 0.00 0.00 100.00 100.00 100.00 100.00 100.00 100.00
 %time 1481746074
 %usr 12.55 0.00 0.00 0.00 0.00 0.00 0.00 0.00 0.00 100.00 100.00 0.00 0.00 0.00 0.00 0.00 0.00
 %sys 0.06 0.00 1.00 0.00 0.99 0.00 0.00 0.00 0.00 0.00 0.00 0.00 0.00 0.00 0.00 0.00 0.00
 %idle 87.38 100.00 99.00 100.00 99.01 100.00 100.00 100.00 100.00 0.00 0.00 100.00 100.00 100.00 100.00 100.00 100.00
 %time 1481746076
 %usr 12.49 0.00 0.00 0.00 0.00 0.00 0.00 0.00 0.00 99.01 100.00 0.00 0.00 0.00 0.00 0.00 0.00
 %sys 0.12 2.00 0.00 0.00 0.00 0.00 0.00 0.00 0.00 0.99 0.00 0.00 0.00 0.00 0.00 0.00 0.00
 %idle 87.38 98.00 100.00 100.00 100.00 100.00 100.00 100.00 100.00 0.00 0.00 100.00 100.00 100.00 100.00 100.00 100.00
 %time 1481746077
 %usr 12.51 0.00 0.00 0.00 0.00 0.00 0.00 0.00 0.00 100.00 100.00 0.00 0.00 0.00 0.00 0.00 0.00
 %sys 0.06 1.00 0.00 0.00 0.00 0.00 0.00 0.00 0.00 0.00 0.00 0.00 0.00 0.00 0.00 0.00 0.00
 %idle 87.43 99.00 100.00 100.00 100.00 100.00 100.00 100.00 100.00 0.00 0.00 100.00 100.00 100.00 100.00 100.00 100.00
 %time 1481746078
 %usr 12.50 0.00 0.00 0.00 0.00 0.00 0.00 0.00 0.00 100.00 100.00 0.00 0.00 0.00 0.00 0.00 0.00
 %sys 0.00 0.00 0.00 0.00 0.00 0.00 0.00 0.00 0.00 0.00 0.00 0.00 0.00 0.00 0.00 0.00 0.00
 %idle 87.50 100.00 100.00 100.00 100.00 100.00 100.00 100.00 100.00 0.00 0.00 100.00 100.00 100.00 100.00 100.00 100.00
 %time 1481746079
 %usr 12.51 0.00 0.00 0.00 0.00 0.00 0.00 0.00 0.00 100.00 100.00 0.00 0.00 0.00 0.00 0.00 0.00
 %sys 0.00 0.00 0.00 0.00 0.00 0.00 0.00 0.00 0.00 0.00 0.00 0.00 0.00 0.00 0.00 0.00 0.00
 %idle 87.49 100.00 100.00 100.00 100.00 100.00 100.00 100.00 100.00 0.00 0.00 100.00 100.00 100.00 100.00 100.00 100.00
 %time 1481746080
 %usr 12.51 0.00 0.00 0.00 0.00 0.00 0.00 0.00 0.00 100.00 100.00 0.00 0.00 0.99 0.00 0.00 0.00
 %sys 0.00 0.00 0.00 0.00 0.00 0.00 0.00 0.00 0.00 0.00 0.00 0.00 0.00 0.00 0.00 0.00 0.00
 %idle 87.49 100.00 100.00 100.00 100.00 100.00 100.00 100.00 100.00 0.00 0.00 100.00 100.00 99.01 100.00 100.00 100.00
 %time 1481746081
 %usr 12.55 0.00 0.00 0.00 0.00 0.00 0.00 0.00 0.00 100.00 100.00 0.00 0.00 0.00 0.00 0.00 0.00
 %sys 0.06 0.00 0.00 0.00 0.00 0.00 0.00 0.00 0.00 0.00 0.00 0.00 0.00 0.00 0.00 0.00 0.00
 %idle 87.39 100.00 100.00 100.00 100.00 100.00 100.00 100.00 100.00 0.00 0.00 100.00 100.00 100.00 100.00 100.00 100.00
 %time 1481746082
 %usr 12.50 0.00 0.00 0.00 0.00 0.00 0.00 0.00 0.00 100.00 100.00 0.00 0.00 0.00 0.00 0.00 0.00
 %sys 0.06 0.00 0.00 0.00 0.00 0.00 0.00 0.00 0.00 0.00 0.00 0.00 0.00 0.00 0.00 0.00 0.00
 %idle 87.44 100.00 100.00 100.00 100.00 100.00 100.00 100.00 100.00 0.00 0.00 100.00 100.00 100.00 100.00 100.00 100.00
 %time 1481746083
 %usr 12.50 0.00 0.00 0.00 0.00 0.00 0.00 0.00 0.00 100.00 100.00 0.00 0.00 0.00 0.00 0.00 0.00
 %sys 0.06 0.00 0.00 0.00 0.00 0.00 0.00 0.00 0.00 0.00 0.00 0.00 0.00 0.00 0.00 0.00 0.00
 %idle 87.44 100.00 100.00 100.00 100.00 100.00 100.00 100.00 100.00 0.00 0.00 100.00 100.00 100.00 100.00 100.00 100.00
 %time 1481746084
 %usr 12.55 0.00 0.00 0.00 0.00 0.00 0.00 0.00 0.00 100.00 100.00 0.00 0.00 0.00 0.00 0.00 0.00
 %sys 0.06 0.00 0.00 0.00 0.99 0.00 0.00 0.00 0.00 0.00 0.00 0.00 0.00 0.00 0.00 0.00 0.00
 %idle 87.39 100.00 100.00 100.00 99.01 100.00 100.00 100.00 100.00 0.00 0.00 100.00 100.00 100.00 100.00 100.00 100.00
 %time 1481746086
 %usr 12.50 0.00 0.00 0.00 0.00 0.00 0.00 0.00 0.00 100.00 100.00 0.00 0.00 0.00 0.00 0.00 0.00
 %sys 0.06 0.00 0.00 0.00 0.00 0.00 0.00 0.00 0.00 0.00 0.00 0.00 0.00 0.00 0.00 0.00 0.00
 %idle 87.44 100.00 100.00 100.00 100.00 100.00 100.00 100.00 100.00 0.00 0.00 100.00 100.00 100.00 100.00 100.00 100.00
 %time 1481746087
 %usr 12.51 0.00 0.00 0.00 0.00 0.00 0.00 0.00 0.00 100.00 100.00 0.00 0.00 0.00 0.00 0.00 0.00
 %sys 0.00 0.99 0.00 0.00 0.00 0.00 0.00 0.00 0.00 0.00 0.00 0.00 0.00 0.00 0.00 0.00 0.00
 %idle 87.49 99.01 100.00 100.00 100.00 100.00 100.00 100.00 100.00 0.00 0.00 100.00 100.00 100.00 100.00 100.00 100.00
 %time 1481746088
 %usr 12.50 0.00 0.00 0.00 0.00 0.00 0.00 0.00 0.00 100.00 100.00 0.00 0.00 0.00 0.00 0.00 0.00
 %sys 0.00 0.99 0.00 0.00 0.00 0.00 0.00 0.00 0.00 0.00 0.00 0.00 0.00 0.00 0.00 0.00 0.00
 %idle 87.50 99.01 100.00 100.00 100.00 100.00 100.00 100.00 100.00 0.00 0.00 100.00 100.00 100.00 100.00 100.00 100.00
 %time 1481746089
 %usr 12.52 0.00 0.00 0.00 0.00 0.00 0.00 0.00 0.00 100.00 100.00 0.00 0.00 0.00 0.00 0.00 0.00
 %sys 0.13 0.00 0.00 0.00 0.00 0.00 0.00 0.00 0.99 0.00 0.00 1.00 0.00 0.00 0.00 0.00 0.99
 %idle 87.36 100.00 100.00 100.00 100.00 100.00 100.00 100.00 99.01 0.00 0.00 99.00 100.00 100.00 100.00 100.00 99.01
 %time 1481746090
 %usr 12.55 0.00 0.00 0.00 0.00 0.00 0.00 0.00 0.00 100.00 100.00 0.00 0.00 0.00 0.00 0.00 0.00
 %sys 0.00 0.00 0.00 0.00 0.00 0.00 0.00 0.99 0.00 0.00 0.00 0.00 0.00 0.00 0.00 0.00 0.00
 %idle 87.45 100.00 100.00 100.00 100.00 100.00 100.00 99.01 100.00 0.00 0.00 100.00 100.00 100.00 100.00 100.00 100.00
 %time 1481746091
 %usr 12.49 0.00 0.00 0.00 0.00 0.00 0.00 0.00 0.00 100.00 100.00 0.00 0.00 0.00 0.00 0.00 0.00
 %sys 0.06 0.00 0.00 0.00 0.00 0.00 0.00 0.00 0.00 0.00 0.00 0.00 0.00 0.00 0.00 0.00 0.00
 %idle 87.45 100.00 100.00 100.00 100.00 100.00 100.00 100.00 100.00 0.00 0.00 100.00 100.00 100.00 100.00 100.00 100.00
 %time 1481746092
 %usr 12.49 0.00 0.00 0.00 0.00 0.00 0.00 0.00 0.00 100.00 100.00 0.00 0.00 0.00 0.00 0.00 0.00
 %sys 0.06 1.00 0.00 0.00 0.00 0.00 0.00 0.00 0.00 0.00 0.00 0.99 0.00 0.00 0.00 0.00 0.00
 %idle 87.45 99.00 100.00 100.00 100.00 100.00 100.00 100.00 100.00 0.00 0.00 99.01 100.00 100.00 100.00 100.00 100.00
 %time 1481746093
 %usr 12.55 0.00 0.00 0.00 0.00 0.00 0.00 0.00 0.00 100.00 100.00 0.00 0.00 0.00 0.00 0.00 0.00
 %sys 0.00 0.00 0.00 0.00 0.00 0.00 0.00 0.00 0.00 0.00 0.00 0.00 0.00 0.00 0.00 0.00 0.00
 %idle 87.45 100.00 100.00 100.00 100.00 100.00 100.00 100.00 100.00 0.00 0.00 100.00 100.00 100.00 100.00 100.00 100.00
 %time 1481746095
 %usr 12.50 0.00 0.00 0.00 0.00 0.00 0.00 0.00 0.00 100.00 100.00 0.00 0.00 0.99 0.00 0.00 0.00
 %sys 0.00 0.99 0.00 0.00 0.00 0.00 0.00 0.00 0.00 0.00 0.00 0.00 0.00 0.00 0.00 0.00 0.00
 %idle 87.50 99.01 100.00 100.00 100.00 100.00 100.00 100.00 100.00 0.00 0.00 100.00 100.00 99.01 100.00 100.00 100.00
 %time 1481746096
 %usr 12.51 0.00 0.00 0.00 0.00 0.00 0.00 0.00 0.00 100.00 100.00 0.00 0.00 0.00 0.00 0.00 0.00
 %sys 0.00 0.00 0.00 0.00 0.00 0.00 0.00 0.00 0.00 0.00 0.00 0.00 0.00 0.00 0.00 0.00 0.00
 %idle 87.49 100.00 100.00 100.00 100.00 100.00 100.00 100.00 100.00 0.00 0.00 100.00 100.00 100.00 100.00 100.00 100.00
 %time 1481746097
 %usr 12.50 0.00 0.00 0.00 0.00 0.00 0.00 0.00 0.00 100.00 100.00 0.00 0.00 0.00 0.00 0.00 0.00
 %sys 0.06 0.00 0.00 0.00 0.00 0.00 0.00 0.00 0.00 0.00 0.00 0.00 0.00 0.00 0.00 0.00 0.00
 %idle 87.44 100.00 100.00 100.00 100.00 100.00 100.00 100.00 100.00 0.00 0.00 100.00 100.00 100.00 100.00 100.00 100.00
 %time 1481746098
 %usr 12.50 0.00 0.00 0.00 0.00 0.00 0.00 0.00 0.00 100.00 100.00 0.00 0.00 0.00 0.00 0.00 0.00
 %sys 0.06 0.00 0.00 0.00 0.00 0.00 0.00 0.00 0.00 0.00 0.00 0.00 0.99 0.00 0.00 0.00 0.00
 %idle 87.31 100.00 100.00 100.00 98.02 100.00 100.00 100.00 100.00 0.00 0.00 100.00 99.01 100.00 100.00 100.00 100.00
 %time 1481746099
 %usr 12.49 0.00 0.00 0.00 0.00 0.00 0.00 0.00 0.00 100.00 100.00 0.00 0.00 0.00 0.00 0.00 0.00
 %sys 0.06 0.00 0.00 0.00 0.00 0.00 0.00 0.00 0.00 0.00 0.00 0.00 0.00 0.00 0.00 0.00 0.00
 %idle 87.45 100.00 100.00 100.00 100.00 100.00 100.00 100.00 100.00 0.00 0.00 100.00 100.00 100.00 100.00 100.00 100.00
 %time 1481746100
 %usr 12.50 0.00 0.00 0.00 0.00 0.00 0.00 0.00 0.00 100.00 100.00 0.00 0.00 0.00 0.00 0.00 0.00
 %sys 0.06 0.00 0.00 0.00 0.00 0.00 0.00 0.00 0.00 0.00 0.00 0.00 0.00 0.00 0.00 0.00 0.00
 %idle 87.44 100.00 100.00 100.00 100.00 100.00 100.00 100.00 100.00 0.00 0.00 100.00 100.00 100.00 100.00 100.00 100.00
 %time 1481746101
 %usr 12.49 0.00 0.00 0.00 0.00 0.00 0.00 0.00 0.00 100.00 100.00 0.00 0.00 0.00 0.00 0.00 0.00
 %sys 0.06 0.00 0.00 0.00 0.00 0.99 0.00 0.00 0.00 0.00 0.00 0.00 0.00 0.00 0.00 0.00 0.00
 %idle 87.45 100.00 100.00 100.00 100.00 99.01 100.00 100.00 100.00 0.00 0.00 100.00 100.00 100.00 100.00 100.00 100.00
 %time 1481746102
 %usr 12.51 0.00 0.00 0.00 0.00 0.00 0.00 0.00 0.00 100.00 100.00 0.00 0.00 0.00 0.00 0.00 0.00
 %sys 0.00 0.00 0.00 0.00 0.00 0.00 0.00 0.00 0.00 0.00 0.00 0.00 0.00 0.00 0.00 0.00 0.00
 %idle 87.49 100.00 100.00 100.00 100.00 100.00 100.00 100.00 100.00 0.00 0.00 100.00 100.00 100.00 100.00 100.00 100.00
 %time 1481746103
 %usr 12.50 0.00 0.00 0.00 0.00 0.00 0.00 0.00 0.00 100.00 100.00 0.00 0.00 0.00 0.00 0.00 0.00
 %sys 0.06 0.00 0.00 1.00 0.00 0.00 0.00 0.00 0.00 0.00 0.00 0.00 0.00 0.00 0.00 0.00 0.00
 %idle 87.44 100.00 100.00 99.00 100.00 100.00 100.00 100.00 100.00 0.00 0.00 100.00 100.00 100.00 100.00 100.00 100.00
 %time 1481746105
 %usr 12.51 0.00 0.00 0.00 0.00 0.00 0.00 0.00 0.00 100.00 100.00 0.00 0.00 0.00 0.00 0.00 0.00
 %sys 0.00 0.00 0.00 0.00 0.00 0.00 0.00 0.00 0.00 0.00 0.00 0.99 0.00 0.00 0.00 0.00 0.00
 %idle 87.49 100.00 100.00 100.00 100.00 100.00 100.00 100.00 100.00 0.00 0.00 99.01 100.00 100.00 100.00 100.00 100.00
 %time 1481746106
 %usr 12.49 0.00 0.00 0.00 0.00 0.00 0.00 0.00 0.00 100.00 100.00 0.00 0.00 0.00 0.00 0.00 0.00
 %sys 0.06 0.00 0.00 0.00 0.00 0.00 0.00 0.00 0.00 0.00 0.00 0.00 0.00 0.00 0.00 0.00 0.00
 %idle 87.45 100.00 100.00 100.00 100.00 100.00 100.00 100.00 100.00 0.00 0.00 100.00 100.00 100.00 100.00 100.00 100.00
 %time 1481746107
 %usr 12.56 0.00 0.00 0.00 0.00 0.00 0.00 0.00 0.00 100.00 100.00 0.00 0.00 0.00 0.00 0.00 0.00
 %sys 0.00 0.00 0.00 0.00 0.00 0.00 0.00 0.00 0.00 0.00 0.00 0.00 0.00 0.00 0.00 0.00 0.00
 %idle 87.44 100.00 100.00 100.00 100.00 100.00 100.00 100.00 100.00 0.00 0.00 100.00 100.00 100.00 100.00 100.00 100.00
 %time 1481746108
 %usr 12.50 0.00 0.00 0.00 0.00 0.00 0.00 0.00 0.00 100.00 100.00 0.00 0.00 0.00 0.00 0.00 0.00
 %sys 0.00 0.00 0.00 0.00 0.00 0.00 0.00 0.00 0.00 0.00 0.00 0.00 0.00 0.00 0.00 0.00 0.00
 %idle 87.50 100.00 100.00 100.00 100.00 100.00 100.00 100.00 100.00 0.00 0.00 100.00 100.00 100.00 100.00 100.00 100.00
 %time 1481746109
 %usr 12.49 0.00 0.00 0.00 0.00 0.00 0.00 0.00 0.00 100.00 100.00 0.00 0.99 0.00 0.00 0.00 0.00
 %sys 0.06 0.00 0.00 0.00 0.00 0.00 0.00 0.00 0.00 0.00 0.00 0.00 0.00 0.00 0.00 0.00 0.00
 %idle 87.45 100.00 100.00 100.00 100.00 100.00 100.00 100.00 100.00 0.00 0.00 100.00 99.01 100.00 100.00 100.00 100.00
 %time 1481746110
 %usr 12.52 0.00 0.00 0.00 0.00 0.00 0.00 0.00 0.00 100.00 100.00 0.00 0.00 0.00 0.00 0.00 0.00
 %sys 0.00 1.00 0.00 0.00 0.00 0.00 0.00 0.00 0.00 0.00 0.00 0.00 0.00 0.00 0.00 0.00 0.00
 %idle 87.48 99.00 100.00 100.00 100.00 100.00 100.00 100.00 100.00 0.00 0.00 100.00 100.00 100.00 100.00 100.00 100.00
 %time 1481746111
 %usr 12.51 0.00 0.00 0.00 0.00 0.00 0.00 0.00 0.00 100.00 100.00 0.00 0.00 0.00 0.00 0.00 0.00
 %sys 0.00 0.00 0.00 0.00 0.00 0.00 0.00 0.00 0.00 0.00 0.00 0.00 0.00 0.00 0.00 0.00 0.00
 %idle 87.49 100.00 100.00 100.00 100.00 100.00 100.00 100.00 100.00 0.00 0.00 100.00 100.00 100.00 100.00 100.00 100.00
 %time 1481746112
 %usr 12.50 0.00 0.00 0.00 0.00 0.00 0.00 0.00 0.00 100.00 100.00 0.00 0.00 0.00 0.00 0.00 0.00
 %sys 0.06 1.00 0.00 0.00 0.00 0.00 0.00 0.00 0.00 0.00 0.00 0.99 0.00 0.00 0.00 0.00 0.00
 %idle 87.44 99.00 100.00 100.00 100.00 100.00 100.00 100.00 100.00 0.00 0.00 99.01 100.00 100.00 100.00 100.00 100.00
 %time 1481746113
 %usr 12.51 0.00 0.00 0.00 0.00 0.00 0.00 0.00 0.00 100.00 100.00 0.00 0.00 0.00 0.00 0.00 0.00
 %sys 0.00 0.00 0.00 0.00 0.00 0.00 0.00 0.00 0.00 0.00 0.00 0.00 0.00 0.00 0.00 0.00 0.00
 %idle 87.49 100.00 100.00 100.00 100.00 100.00 100.00 100.00 100.00 0.00 0.00 100.00 100.00 100.00 100.00 100.00 100.00
 %time 1481746115
 %usr 12.50 0.00 0.00 0.00 0.00 0.00 0.00 0.00 0.00 100.00 100.00 0.00 0.00 0.00 0.00 0.00 0.00
 %sys 0.19 0.99 1.00 0.00 0.99 0.00 0.99 0.00 0.00 0.00 0.00 0.00 0.00 0.00 0.00 0.00 0.99
 %idle 87.31 99.01 99.00 100.00 99.01 100.00 99.01 100.00 100.00 0.00 0.00 100.00 100.00 100.00 100.00 100.00 99.01
 %time 1481746116
 %usr 12.50 0.00 0.00 0.00 0.00 0.00 0.00 0.00 0.00 100.00 100.00 0.00 0.00 0.00 0.00 0.00 0.00
 %sys 0.06 0.00 0.00 0.00 0.00 0.00 0.00 0.00 0.00 0.00 0.00 0.00 0.99 0.00 0.00 0.00 0.00
 %idle 87.44 100.00 100.00 100.00 100.00 100.00 100.00 100.00 100.00 0.00 0.00 100.00 99.01 100.00 100.00 100.00 100.00
 %time 1481746117
 %usr 12.50 0.00 0.00 0.00 0.00 0.00 0.00 0.00 0.00 100.00 100.00 0.00 0.00 0.00 0.00 0.00 0.00
 %sys 0.00 0.00 0.00 0.00 0.00 0.00 0.00 0.00 0.00 0.00 0.00 0.00 0.00 0.00 0.00 0.00 0.00
 %idle 87.50 100.00 100.00 100.00 100.00 100.00 100.00 100.00 100.00 0.00 0.00 100.00 100.00 100.00 100.00 100.00 100.00
 %time 1481746118
 %usr 12.51 0.00 0.00 0.00 0.00 0.00 0.00 0.00 0.00 100.00 100.00 0.00 0.00 0.00 0.00 0.00 0.00
 %sys 0.00 0.00 0.00 0.00 0.99 0.00 0.00 0.00 0.00 0.00 0.00 0.00 0.00 0.00 0.00 0.00 0.00
 %idle 87.49 100.00 100.00 100.00 99.01 100.00 100.00 100.00 100.00 0.00 0.00 100.00 100.00 100.00 100.00 100.00 100.00
 %time 1481746119
 %usr 12.51 0.00 0.00 0.00 0.00 0.00 0.00 0.00 0.00 100.00 100.00 0.00 0.00 0.00 0.00 0.00 0.00
 %sys 0.00 0.00 0.00 0.00 0.00 0.99 0.00 0.00 0.00 0.00 0.00 0.00 0.00 0.00 0.00 0.00 0.00
 %idle 87.49 100.00 100.00 100.00 100.00 99.01 100.00 100.00 100.00 0.00 0.00 100.00 100.00 100.00 100.00 100.00 100.00
 %time 1481746120
 %usr 12.50 0.00 0.00 0.00 0.00 0.00 0.00 0.00 0.00 100.00 100.00 0.00 0.00 0.00 0.00 0.00 0.00
 %sys 0.00 0.00 0.00 0.00 0.00 0.00 0.00 0.00 0.00 0.00 0.00 0.00 0.00 0.00 0.00 0.00 0.00
 %idle 87.50 100.00 100.00 100.00 100.00 100.00 100.00 100.00 100.00 0.00 0.00 100.00 100.00 100.00 100.00 100.00 100.00
 %time 1481746121
 %usr 12.51 0.00 0.00 0.00 0.00 0.00 0.00 0.00 0.00 100.00 100.00 0.00 0.00 0.00 0.00 0.00 0.00
 %sys 0.00 0.00 0.00 0.00 0.00 0.00 0.00 0.00 0.00 0.00 0.00 0.00 0.00 0.00 0.00 0.00 0.00
 %idle 87.30 100.00 100.00 100.00 97.00 100.00 100.00 100.00 100.00 0.00 0.00 100.00 100.00 100.00 100.00 100.00 100.00
 %time 1481746122
 %usr 12.51 0.00 0.00 0.00 0.00 0.00 0.00 0.00 0.00 100.00 100.00 0.00 0.00 0.00 0.00 0.00 0.00
 %sys 0.00 0.00 0.00 0.00 0.00 0.00 0.00 0.00 0.00 0.00 0.00 0.00 0.00 0.00 0.00 0.00 0.00
 %idle 87.49 100.00 100.00 100.00 100.00 100.00 100.00 100.00 100.00 0.00 0.00 100.00 100.00 100.00 100.00 100.00 100.00
 %time 1481746124
 %usr 12.49 0.00 0.00 0.00 0.00 0.00 0.00 0.00 0.00 100.00 100.00 0.00 0.00 0.00 0.00 0.00 0.00
 %sys 0.06 0.00 0.00 0.00 0.00 0.00 0.00 0.00 0.00 0.00 0.00 0.00 0.00 0.00 0.00 0.00 0.00
 %idle 87.45 100.00 100.00 100.00 100.00 100.00 100.00 100.00 100.00 0.00 0.00 100.00 100.00 100.00 100.00 100.00 100.00
 %time 1481746125
 %usr 12.51 0.00 0.00 0.00 0.00 0.00 0.00 0.00 0.00 100.00 100.00 0.00 0.00 0.00 0.00 0.00 0.00
 %sys 0.00 0.00 0.00 0.00 0.00 0.00 0.00 0.00 0.00 0.00 0.00 0.00 0.00 0.00 0.00 0.00 0.00
 %idle 87.49 100.00 100.00 100.00 100.00 100.00 100.00 100.00 100.00 0.00 0.00 100.00 100.00 100.00 100.00 100.00 100.00
 %time 1481746126
 %usr 12.50 0.00 0.00 0.00 0.00 0.00 0.00 0.00 0.00 100.00 100.00 0.00 0.00 0.00 0.00 0.00 0.00
 %sys 0.00 0.00 0.00 0.00 0.00 0.00 0.00 0.00 0.00 0.00 0.00 0.00 0.00 0.00 0.00 0.00 0.00
 %idle 87.50 100.00 100.00 100.00 100.00 100.00 100.00 100.00 100.00 0.00 0.00 100.00 100.00 100.00 100.00 100.00 100.00
 %time 1481746127
 %usr 9.37 3.00 0.00 0.00 0.00 0.00 0.00 0.00 0.00 72.28 74.00 0.00 0.00 0.00 0.00 0.00 0.00
 %sys 0.25 0.00 0.00 0.00 0.00 0.00 0.00 0.00 0.00 1.98 1.00 0.99 0.00 0.99 0.00 0.00 0.00
 %idle 89.44 97.00 99.00 100.00 96.00 100.00 100.00 100.00 100.00 20.79 20.00 99.01 100.00 99.01 100.00 100.00 100.00
 %time 1481746128
 %usr 1.75 0.00 5.00 0.00 19.00 0.00 0.00 0.00 0.00 0.00 4.00 0.00 0.00 0.00 0.00 0.00 0.00
 %sys 0.50 0.99 2.00 0.00 4.00 0.00 0.00 0.00 0.00 0.00 1.00 0.00 0.00 0.00 0.00 1.00 0.00
 %idle 94.00 99.01 91.00 100.00 19.00 100.00 100.00 100.00 100.00 100.00 95.00 100.00 100.00 100.00 100.00 99.00 100.00
 %time 1481746129
 %usr 1.69 0.00 0.00 0.00 0.00 0.00 0.00 0.00 0.00 21.21 5.05 0.00 0.00 0.00 0.00 0.00 0.00
 %sys 0.56 0.00 1.01 0.00 0.00 0.00 0.00 0.00 0.00 4.04 3.03 0.00 0.00 0.00 0.00 0.00 0.00
 %idle 94.37 100.00 98.99 100.00 100.00 100.00 100.00 100.00 100.00 30.30 82.83 100.00 100.00 100.00 100.00 100.00 100.00
 %time 1481746130
 %usr 0.25 0.00 0.00 0.00 3.03 0.00 0.00 0.00 0.00 1.00 0.00 0.00 0.00 0.00 0.00 0.00 0.00
 %sys 0.12 0.00 0.00 0.00 0.00 0.00 0.00 0.00 0.00 1.00 0.00 0.00 0.00 0.00 0.00 0.00 0.00
 %idle 98.94 99.00 97.00 100.00 88.89 100.00 100.00 100.00 100.00 98.00 100.00 100.00 100.00 100.00 100.00 100.00 100.00
 %time 1481746131
 %usr 5.01 8.91 12.00 3.00 6.93 0.00 0.00 0.00 0.00 28.28 11.22 9.00 3.03 0.00 0.00 0.00 0.00
 %sys 3.57 3.96 17.00 4.00 1.98 0.00 0.00 0.00 0.00 5.05 19.39 3.00 1.01 0.00 0.00 0.00 0.00
 %idle 90.48 87.13 70.00 93.00 85.15 100.00 100.00 100.00 100.00 62.63 67.35 86.00 95.96 100.00 100.00 100.00 100.00
