      time tx_packets rx_packets        tx_bytes        rx_bytes  tx_errors tx_dropped rx_frame_errors rx_crc_errors
1483661879          0          0               0               0          0          0          0          0
1483661881          0          0               0               0          0          0          0          0
1483661882          1          0              60               0          0          0          0          0
1483661883          0          0               0               0          0          0          0          0
1483661884          0          0               0               0          0          0          0          0
1483661885          1          0              60               0          0          0          0          0
1483661886          1          0              60               0          0          0          0          0
1483661887          0          0               0               0          0          0          0          0
1483661888          0          0               0               0          0          0          0          0
1483661890          0          0               0               0          0          0          0          0
1483661891          2          0             120               0          0          0          0          0
1483661892          0          0               0               0          0          0          0          0
1483661893          0          0               0               0          0          0          0          0
1483661894          0          0               0               0          0          0          0          0
1483661895          2          0             120               0          0          0          0          0
1483661896          0          0               0               0          0          0          0          0
1483661897          0          0               0               0          0          0          0          0
1483661898          0          0               0               0          0          0          0          0
1483661900          1          0              60               0          0          0          0          0
1483661901          3          0             180               0          0          0          0          0
1483661902          0          0               0               0          0          0          0          0
1483661903          1          0              60               0          0          0          0          0
1483661904          0          0               0               0          0          0          0          0
1483661905          1          0              60               0          0          0          0          0
1483661906          2          0             120               0          0          0          0          0
1483661907          0          0               0               0          0          0          0          0
1483661909          0          0               0               0          0          0          0          0
1483661910          0          0               0               0          0          0          0          0
1483661911          1          0              60               0          0          0          0          0
1483661912          0          0               0               0          0          0          0          0
1483661913          1          0              60               0          0          0          0          0
1483661914          3          0             180               0          0          0          0          0
1483661915          1          0              60               0          0          0          0          0
1483661917          1          0              60               0          0          0          0          0
1483661918          1          0              60               0          0          0          0          0
1483661919          0          0               0               0          0          0          0          0
1483661920          0          0               0               0          0          0          0          0
1483661921          1          0              60               0          0          0          0          0
1483661922          1          0              60               0          0          0          0          0
1483661923          0          0               0               0          0          0          0          0
1483661924          0          0               0               0          0          0          0          0
1483661926          0          0               0               0          0          0          0          0
1483661927          0          0               0               0          0          0          0          0
1483661928          0          0               0               0          0          0          0          0
1483661929          0          0               0               0          0          0          0          0
1483661930          2          0             120               0          0          0          0          0
1483661931          1          0              78               0          0          0          0          0
1483661932          3          0             180               0          0          0          0          0
1483661934          0          0               0               0          0          0          0          0
1483661935          0          0               0               0          0          0          0          0
1483661936          2          0             120               0          0          0          0          0
1483661937          0          0               0               0          0          0          0          0
1483661938          2          0             120               0          0          0          0          0
1483661939          0          0               0               0          0          0          0          0
1483661940          0          0               0               0          0          0          0          0
1483661942          0          0               0               0          0          0          0          0
1483661943          1          0              60               0          0          0          0          0
1483661944          0          0               0               0          0          0          0          0
1483661945          0          0               0               0          0          0          0          0
1483661946          1          0              60               0          0          0          0          0
1483661947          0          0               0               0          0          0          0          0
1483661948          4          0             240               0          0          0          0          0
1483661950          1          0              60               0          0          0          0          0
1483661951          0          0               0               0          0          0          0          0
1483661952          0          0               0               0          0          0          0          0
1483661953          1          0              60               0          0          0          0          0
1483661954          0          0               0               0          0          0          0          0
1483661955          0          0               0               0          0          0          0          0
1483661956          1          0              60               0          0          0          0          0
1483661958          0          0               0               0          0          0          0          0
1483661959          2          0             120               0          0          0          0          0
1483661960          0          0               0               0          0          0          0          0
1483661961          2          0             120               0          0          0          0          0
1483661962          1          0              60               0          0          0          0          0
1483661963          0          0               0               0          0          0          0          0
1483661965          2          0             120               0          0          0          0          0
1483661966          0          0               0               0          0          0          0          0
1483661967          1          0              60               0          0          0          0          0
1483661968          0          0               0               0          0          0          0          0
1483661969          3          0             180               0          0          0          0          0
1483661970          1          0              60               0          0          0          0          0
1483661971          0          0               0               0          0          0          0          0
1483661973          0          0               0               0          0          0          0          0
1483661974          0          0               0               0          0          0          0          0
1483661975          0          0               0               0          0          0          0          0
1483661976          0          0               0               0          0          0          0          0
1483661977          0          0               0               0          0          0          0          0
1483661978          4          0             240               0          0          0          0          0
1483661979          0          0               0               0          0          0          0          0
1483661981          0          0               0               0          0          0          0          0
1483661982          0          0               0               0          0          0          0          0
1483661983          0          0               0               0          0          0          0          0
1483661984          0          0               0               0          0          0          0          0
1483661988          2          0             120               0          0          0          0          0
1483661989          0          0               0               0          0          0          0          0
1483661990          0          0               0               0          0          0          0          0
1483661991          0          0               0               0          0          0          0          0
1483661992          0          0               0               0          0          0          0          0
1483661993          1          0              60               0          0          0          0          0
1483661995          1          0              60               0          0          0          0          0
1483661996          1          0              60               0          0          0          0          0
1483661997          0          0               0               0          0          0          0          0
1483661998          0          0               0               0          0          0          0          0
1483661999          1          0              60               0          0          0          0          0
1483662000          0          0               0               0          0          0          0          0
1483662001          0          0               0               0          0          0          0          0
1483662003          0          0               0               0          0          0          0          0
1483662004          0          0               0               0          0          0          0          0
1483662005          5          0             300               0          0          0          0          0
1483662006          0          0               0               0          0          0          0          0
1483662007          0          0               0               0          0          0          0          0
1483662008          0          0               0               0          0          0          0          0
1483662009          0          0               0               0          0          0          0          0
1483662011          0          0               0               0          0          0          0          0
1483662012          0          0               0               0          0          0          0          0
1483662013          0          0               0               0          0          0          0          0
1483662014          0          0               0               0          0          0          0          0
1483662015          3          0             180               0          0          0          0          0
1483662016          3          0             180               0          0          0          0          0
1483662017          0          0               0               0          0          0          0          0
1483662019          0          0               0               0          0          0          0          0
1483662020          0          0               0               0          0          0          0          0
1483662021          1          0              60               0          0          0          0          0
1483662022          0          0               0               0          0          0          0          0
1483662023          0          0               0               0          0          0          0          0
1483662024          5          0             300               0          0          0          0          0
1483662026          0          0               0               0          0          0          0          0
1483662027          1          0              60               0          0          0          0          0
1483662028          0          0               0               0          0          0          0          0
1483662029          0          0               0               0          0          0          0          0
1483662030          2          0             120               0          0          0          0          0
1483662031          0          0               0               0          0          0          0          0
1483662032          1          0              60               0          0          0          0          0
1483662034          1          0              60               0          0          0          0          0
1483662035          2          0             120               0          0          0          0          0
1483662036          0          0               0               0          0          0          0          0
1483662037          0          0               0               0          0          0          0          0
1483662038          2          0             120               0          0          0          0          0
1483662039          0          0               0               0          0          0          0          0
1483662040          1          0              60               0          0          0          0          0
1483662042          0          0               0               0          0          0          0          0
1483662043          0          0               0               0          0          0          0          0
1483662044          0          0               0               0          0          0          0          0
1483662045          0          0               0               0          0          0          0          0
1483662046          2          0             120               0          0          0          0          0
1483662047          2          0             120               0          0          0          0          0
1483662049          3          0             180               0          0          0          0          0
1483662050          0          0               0               0          0          0          0          0
1483662051          2          0             120               0          0          0          0          0
1483662052          1          0              60               0          0          0          0          0
1483662053          0          0               0               0          0          0          0          0
1483662054          2          0             120               0          0          0          0          0
1483662055          0          0               0               0          0          0          0          0
1483662057          1          0              60               0          0          0          0          0
1483662058          0          0               0               0          0          0          0          0
1483662059          3          0             180               0          0          0          0          0
1483662060          0          0               0               0          0          0          0          0
1483662061          0          0               0               0          0          0          0          0
1483662062          2          0             120               0          0          0          0          0
1483662063          0          0               0               0          0          0          0          0
1483662065          1          0              60               0          0          0          0          0
1483662066          0          0               0               0          0          0          0          0
1483662067          0          0               0               0          0          0          0          0
1483662068          2          0             120               0          0          0          0          0
1483662069          0          0               0               0          0          0          0          0
1483662070          1          0              60               0          0          0          0          0
1483662072          1          0              60               0          0          0          0          0
1483662073          2          0             120               0          0          0          0          0
1483662074          1          0              60               0          0          0          0          0
1483662075          0          0               0               0          0          0          0          0
1483662076          1          0              60               0          0          0          0          0
1483662077          1          0              60               0          0          0          0          0
1483662078          2          0             120               0          0          0          0          0
1483662080          0          0               0               0          0          0          0          0
1483662081          3          0             180               0          0          0          0          0
1483662082          0          0               0               0          0          0          0          0
1483662083          0          0               0               0          0          0          0          0
1483662084          0          0               0               0          0          0          0          0
1483662085          0          0               0               0          0          0          0          0
1483662086          2          0             120               0          0          0          0          0
1483662088          0          0               0               0          0          0          0          0
1483662089          1          0              60               0          0          0          0          0
1483662090          0          0               0               0          0          0          0          0
1483662091          1          0              60               0          0          0          0          0
1483662092          1          0              60               0          0          0          0          0
1483662093          0          0               0               0          0          0          0          0
1483662094          1          0              60               0          0          0          0          0
1483662096          0          0               0               0          0          0          0          0
1483662097          2          0             120               0          0          0          0          0
1483662098          0          0               0               0          0          0          0          0
1483662099          1          0              60               0          0          0          0          0
