      time tx_packets rx_packets        tx_bytes        rx_bytes  tx_errors tx_dropped rx_frame_errors rx_crc_errors
1483661900          2          0             120               0          0          0          0          0
1483661902          1          0              60               0          0          0          0          0
1483661903          1          0              60               0          0          0          0          0
1483661904          0          0               0               0          0          0          0          0
1483661905          1          0              60               0          0          0          0          0
1483661906          0          0               0               0          0          0          0          0
1483661907          2          0             120               0          0          0          0          0
1483661908          0          0               0               0          0          0          0          0
1483661909          0          0               0               0          0          0          0          0
1483661911          1          0              60               0          0          0          0          0
1483661912          0          0               0               0          0          0          0          0
1483661913          1          0              60               0          0          0          0          0
1483661914          1          0              60               0          0          0          0          0
1483661915          3          0             180               0          0          0          0          0
1483661916          1          0              60               0          0          0          0          0
1483661917          1          0              60               0          0          0          0          0
1483661918          0          0               0               0          0          0          0          0
1483661919          0          0               0               0          0          0          0          0
1483661921          1          0              60               0          0          0          0          0
1483661922          0          0               0               0          0          0          0          0
1483661923          1          0              60               0          0          0          0          0
1483661924          0          0               0               0          0          0          0          0
1483661925          0          0               0               0          0          0          0          0
1483661926          0          0               0               0          0          0          0          0
1483661927          0          0               0               0          0          0          0          0
1483661928          0          0               0               0          0          0          0          0
1483661930          0          0               0               0          0          0          0          0
1483661931          2          0             120               0          0          0          0          0
1483661932          2          0             138               0          0          0          0          0
1483661933          2          0             120               0          0          0          0          0
1483661934          0          0               0               0          0          0          0          0
1483661935          1          0              60               0          0          0          0          0
1483661936          1          0              60               0          0          0          0          0
1483661937          0          0               0               0          0          0          0          0
1483661939          2          0             120               0          0          0          0          0
1483661940          0          0               0               0          0          0          0          0
1483661941          0          0               0               0          0          0          0          0
1483661942          0          0               0               0          0          0          0          0
1483661943          1          0              60               0          0          0          0          0
1483661944          0          0               0               0          0          0          0          0
1483661945          0          0               0               0          0          0          0          0
1483661946          1          0              60               0          0          0          0          0
1483661947          1          0              60               0          0          0          0          0
1483661949          3          0             180               0          0          0          0          0
1483661950          1          0              60               0          0          0          0          0
1483661951          0          0               0               0          0          0          0          0
1483661952          0          0               0               0          0          0          0          0
1483661953          1          0              60               0          0          0          0          0
1483661954          0          0               0               0          0          0          0          0
1483661955          0          0               0               0          0          0          0          0
1483661956          1          0              60               0          0          0          0          0
1483661958          0          0               0               0          0          0          0          0
1483661959          2          0             120               0          0          0          0          0
1483661960          0          0               0               0          0          0          0          0
1483661961          2          0             120               0          0          0          0          0
1483661962          1          0              60               0          0          0          0          0
1483661963          0          0               0               0          0          0          0          0
1483661964          2          0             120               0          0          0          0          0
1483661965          0          0               0               0          0          0          0          0
1483661967          1          0              60               0          0          0          0          0
1483661968          0          0               0               0          0          0          0          0
1483661969          3          0             180               0          0          0          0          0
1483661970          0          0               0               0          0          0          0          0
1483661971          1          0              60               0          0          0          0          0
1483661972          0          0               0               0          0          0          0          0
1483661973          0          0               0               0          0          0          0          0
1483661974          0          0               0               0          0          0          0          0
1483661976          0          0               0               0          0          0          0          0
1483661977          0          0               0               0          0          0          0          0
1483661978          1          0              60               0          0          0          0          0
1483661979          3          0             180               0          0          0          0          0
1483661980          0          0               0               0          0          0          0          0
1483661981          0          0               0               0          0          0          0          0
1483661982          0          0               0               0          0          0          0          0
1483661983          0          0               0               0          0          0          0          0
1483661985          2          0             120               0          0          0          0          0
1483661986          0          0               0               0          0          0          0          0
1483661987          0          0               0               0          0          0          0          0
1483661988          0          0               0               0          0          0          0          0
1483661989          0          0               0               0          0          0          0          0
1483661990          0          0               0               0          0          0          0          0
1483661991          0          0               0               0          0          0          0          0
1483661992          0          0               0               0          0          0          0          0
1483661993          1          0              60               0          0          0          0          0
1483661995          1          0              60               0          0          0          0          0
1483661996          1          0              60               0          0          0          0          0
1483661997          0          0               0               0          0          0          0          0
1483661998          0          0               0               0          0          0          0          0
1483661999          1          0              60               0          0          0          0          0
1483662000          0          0               0               0          0          0          0          0
1483662001          0          0               0               0          0          0          0          0
1483662002          0          0               0               0          0          0          0          0
1483662004          0          0               0               0          0          0          0          0
1483662005          5          0             300               0          0          0          0          0
1483662006          0          0               0               0          0          0          0          0
1483662007          0          0               0               0          0          0          0          0
1483662008          0          0               0               0          0          0          0          0
1483662009          0          0               0               0          0          0          0          0
1483662010          0          0               0               0          0          0          0          0
1483662011          0          0               0               0          0          0          0          0
1483662013          0          0               0               0          0          0          0          0
1483662014          0          0               0               0          0          0          0          0
1483662015          3          0             180               0          0          0          0          0
1483662016          0          0               0               0          0          0          0          0
1483662017          3          0             180               0          0          0          0          0
1483662018          0          0               0               0          0          0          0          0
1483662019          0          0               0               0          0          0          0          0
1483662020          1          0              60               0          0          0          0          0
1483662022          0          0               0               0          0          0          0          0
1483662023          0          0               0               0          0          0          0          0
1483662024          0          0               0               0          0          0          0          0
1483662025          5          0             300               0          0          0          0          0
1483662026          0          0               0               0          0          0          0          0
1483662027          1          0              60               0          0          0          0          0
1483662028          0          0               0               0          0          0          0          0
1483662029          0          0               0               0          0          0          0          0
1483662031          2          0             120               0          0          0          0          0
1483662032          0          0               0               0          0          0          0          0
1483662033          1          0              60               0          0          0          0          0
1483662034          1          0              60               0          0          0          0          0
1483662035          2          0             120               0          0          0          0          0
1483662036          0          0               0               0          0          0          0          0
1483662037          0          0               0               0          0          0          0          0
1483662038          2          0             120               0          0          0          0          0
1483662039          0          0               0               0          0          0          0          0
1483662041          1          0              60               0          0          0          0          0
1483662042          0          0               0               0          0          0          0          0
1483662043          0          0               0               0          0          0          0          0
1483662044          0          0               0               0          0          0          0          0
1483662045          0          0               0               0          0          0          0          0
1483662046          2          0             120               0          0          0          0          0
1483662047          2          0             120               0          0          0          0          0
1483662048          3          0             180               0          0          0          0          0
1483662050          0          0               0               0          0          0          0          0
1483662051          2          0             120               0          0          0          0          0
1483662052          0          0               0               0          0          0          0          0
1483662053          1          0              60               0          0          0          0          0
1483662054          2          0             120               0          0          0          0          0
1483662055          0          0               0               0          0          0          0          0
1483662056          1          0              60               0          0          0          0          0
1483662057          0          0               0               0          0          0          0          0
1483662059          3          0             180               0          0          0          0          0
1483662060          0          0               0               0          0          0          0          0
1483662061          0          0               0               0          0          0          0          0
1483662062          0          0               0               0          0          0          0          0
1483662063          2          0             120               0          0          0          0          0
1483662064          1          0              60               0          0          0          0          0
1483662065          0          0               0               0          0          0          0          0
1483662066          0          0               0               0          0          0          0          0
1483662067          1          0              60               0          0          0          0          0
1483662069          1          0              60               0          0          0          0          0
1483662070          0          0               0               0          0          0          0          0
1483662071          2          0             120               0          0          0          0          0
1483662072          0          0               0               0          0          0          0          0
1483662073          3          0             180               0          0          0          0          0
1483662074          0          0               0               0          0          0          0          0
1483662075          0          0               0               0          0          0          0          0
1483662076          2          0             120               0          0          0          0          0
1483662078          0          0               0               0          0          0          0          0
1483662079          2          0             120               0          0          0          0          0
1483662080          0          0               0               0          0          0          0          0
1483662081          3          0             180               0          0          0          0          0
1483662082          0          0               0               0          0          0          0          0
1483662083          0          0               0               0          0          0          0          0
1483662084          0          0               0               0          0          0          0          0
1483662085          0          0               0               0          0          0          0          0
1483662086          2          0             120               0          0          0          0          0
1483662087          0          0               0               0          0          0          0          0
1483662089          1          0              60               0          0          0          0          0
1483662090          0          0               0               0          0          0          0          0
1483662091          1          0              60               0          0          0          0          0
1483662092          0          0               0               0          0          0          0          0
1483662093          1          0              60               0          0          0          0          0
1483662094          1          0              60               0          0          0          0          0
1483662095          0          0               0               0          0          0          0          0
1483662096          2          0             120               0          0          0          0          0
1483662097          0          0               0               0          0          0          0          0
1483662098          1          0              60               0          0          0          0          0
1483662100          0          0               0               0          0          0          0          0
1483662101          2          0             120               0          0          0          0          0
1483662102          1          0              60               0          0          0          0          0
1483662103          1          0              60               0          0          0          0          0
1483662104          0          0               0               0          0          0          0          0
1483662105          4          0             240               0          0          0          0          0
1483662106          3          0             180               0          0          0          0          0
