      time tx_packets rx_packets        tx_bytes        rx_bytes  tx_errors tx_dropped rx_frame_errors rx_crc_errors
1483661899          1          0              60               0          0          0          0          0
1483661900          1          0              60               0          0          0          0          0
1483661901          2          0             120               0          0          0          0          0
1483661902          1          0              60               0          0          0          0          0
1483661903          0          0               0               0          0          0          0          0
1483661905          1          0              60               0          0          0          0          0
1483661906          0          0               0               0          0          0          0          0
1483661907          2          0             120               0          0          0          0          0
1483661908          0          0               0               0          0          0          0          0
1483661909          0          0               0               0          0          0          0          0
1483661910          1          0              60               0          0          0          0          0
1483661911          0          0               0               0          0          0          0          0
1483661912          1          0              60               0          0          0          0          0
1483661914          0          0               0               0          0          0          0          0
1483661915          4          0             240               0          0          0          0          0
1483661916          0          0               0               0          0          0          0          0
1483661917          2          0             120               0          0          0          0          0
1483661918          0          0               0               0          0          0          0          0
1483661919          0          0               0               0          0          0          0          0
1483661920          1          0              60               0          0          0          0          0
1483661921          0          0               0               0          0          0          0          0
1483661923          1          0              60               0          0          0          0          0
1483661924          0          0               0               0          0          0          0          0
1483661925          0          0               0               0          0          0          0          0
1483661926          0          0               0               0          0          0          0          0
1483661927          0          0               0               0          0          0          0          0
1483661928          0          0               0               0          0          0          0          0
1483661929          0          0               0               0          0          0          0          0
1483661930          2          0             120               0          0          0          0          0
1483661932          1          0              78               0          0          0          0          0
1483661933          3          0             180               0          0          0          0          0
1483661934          0          0               0               0          0          0          0          0
1483661935          0          0               0               0          0          0          0          0
1483661936          2          0             120               0          0          0          0          0
1483661937          0          0               0               0          0          0          0          0
1483661938          2          0             120               0          0          0          0          0
1483661940          0          0               0               0          0          0          0          0
1483661941          0          0               0               0          0          0          0          0
1483661942          0          0               0               0          0          0          0          0
1483661943          1          0              60               0          0          0          0          0
1483661944          0          0               0               0          0          0          0          0
1483661945          0          0               0               0          0          0          0          0
1483661946          1          0              60               0          0          0          0          0
1483661947          1          0              60               0          0          0          0          0
1483661949          3          0             180               0          0          0          0          0
1483661950          1          0              60               0          0          0          0          0
1483661951          0          0               0               0          0          0          0          0
1483661952          0          0               0               0          0          0          0          0
1483661953          1          0              60               0          0          0          0          0
1483661954          0          0               0               0          0          0          0          0
1483661955          0          0               0               0          0          0          0          0
1483661956          1          0              60               0          0          0          0          0
1483661958          0          0               0               0          0          0          0          0
1483661959          2          0             120               0          0          0          0          0
1483661960          0          0               0               0          0          0          0          0
1483661961          2          0             120               0          0          0          0          0
1483661962          1          0              60               0          0          0          0          0
1483661963          0          0               0               0          0          0          0          0
1483661964          2          0             120               0          0          0          0          0
1483661965          0          0               0               0          0          0          0          0
1483661967          1          0              60               0          0          0          0          0
1483661968          0          0               0               0          0          0          0          0
1483661969          3          0             180               0          0          0          0          0
1483661970          0          0               0               0          0          0          0          0
1483661971          1          0              60               0          0          0          0          0
1483661972          0          0               0               0          0          0          0          0
1483661973          0          0               0               0          0          0          0          0
1483661975          0          0               0               0          0          0          0          0
1483661976          0          0               0               0          0          0          0          0
1483661977          0          0               0               0          0          0          0          0
1483661978          1          0              60               0          0          0          0          0
1483661979          3          0             180               0          0          0          0          0
1483661980          0          0               0               0          0          0          0          0
1483661981          0          0               0               0          0          0          0          0
1483661982          0          0               0               0          0          0          0          0
1483661984          0          0               0               0          0          0          0          0
1483661985          2          0             120               0          0          0          0          0
1483661986          0          0               0               0          0          0          0          0
1483661987          0          0               0               0          0          0          0          0
1483661988          0          0               0               0          0          0          0          0
1483661989          0          0               0               0          0          0          0          0
1483661990          0          0               0               0          0          0          0          0
1483661991          0          0               0               0          0          0          0          0
1483661993          0          0               0               0          0          0          0          0
1483661994          1          0              60               0          0          0          0          0
1483661995          1          0              60               0          0          0          0          0
1483661996          1          0              60               0          0          0          0          0
1483661997          0          0               0               0          0          0          0          0
1483661998          0          0               0               0          0          0          0          0
1483661999          1          0              60               0          0          0          0          0
1483662000          0          0               0               0          0          0          0          0
1483662002          0          0               0               0          0          0          0          0
1483662003          0          0               0               0          0          0          0          0
1483662004          0          0               0               0          0          0          0          0
1483662005          5          0             300               0          0          0          0          0
1483662006          0          0               0               0          0          0          0          0
1483662007          0          0               0               0          0          0          0          0
1483662008          0          0               0               0          0          0          0          0
1483662009          0          0               0               0          0          0          0          0
1483662011          0          0               0               0          0          0          0          0
1483662012          0          0               0               0          0          0          0          0
1483662013          0          0               0               0          0          0          0          0
1483662014          0          0               0               0          0          0          0          0
1483662015          3          0             180               0          0          0          0          0
1483662016          2          0             120               0          0          0          0          0
1483662017          1          0              60               0          0          0          0          0
1483662018          0          0               0               0          0          0          0          0
1483662020          0          0               0               0          0          0          0          0
1483662021          1          0              60               0          0          0          0          0
1483662022          0          0               0               0          0          0          0          0
1483662023          0          0               0               0          0          0          0          0
1483662024          0          0               0               0          0          0          0          0
1483662025          5          0             300               0          0          0          0          0
1483662026          1          0              60               0          0          0          0          0
1483662027          0          0               0               0          0          0          0          0
1483662029          0          0               0               0          0          0          0          0
1483662030          2          0             120               0          0          0          0          0
1483662031          0          0               0               0          0          0          0          0
1483662032          1          0              60               0          0          0          0          0
1483662033          0          0               0               0          0          0          0          0
1483662034          2          0             120               0          0          0          0          0
1483662035          1          0              60               0          0          0          0          0
1483662036          0          0               0               0          0          0          0          0
1483662038          0          0               0               0          0          0          0          0
1483662039          2          0             120               0          0          0          0          0
1483662040          0          0               0               0          0          0          0          0
1483662041          1          0              60               0          0          0          0          0
1483662042          0          0               0               0          0          0          0          0
1483662043          0          0               0               0          0          0          0          0
1483662044          0          0               0               0          0          0          0          0
1483662045          2          0             120               0          0          0          0          0
1483662047          1          0              60               0          0          0          0          0
1483662048          2          0             120               0          0          0          0          0
1483662049          2          0             120               0          0          0          0          0
1483662050          0          0               0               0          0          0          0          0
1483662051          2          0             120               0          0          0          0          0
1483662052          1          0              60               0          0          0          0          0
1483662053          0          0               0               0          0          0          0          0
1483662054          2          0             120               0          0          0          0          0
1483662056          0          0               0               0          0          0          0          0
1483662057          1          0              60               0          0          0          0          0
1483662058          0          0               0               0          0          0          0          0
1483662059          3          0             180               0          0          0          0          0
1483662060          0          0               0               0          0          0          0          0
1483662061          0          0               0               0          0          0          0          0
1483662062          1          0              60               0          0          0          0          0
1483662063          1          0              60               0          0          0          0          0
1483662064          1          0              60               0          0          0          0          0
1483662066          0          0               0               0          0          0          0          0
1483662067          0          0               0               0          0          0          0          0
1483662068          1          0              60               0          0          0          0          0
1483662069          1          0              60               0          0          0          0          0
1483662070          0          0               0               0          0          0          0          0
1483662071          2          0             120               0          0          0          0          0
1483662072          2          0             120               0          0          0          0          0
1483662073          1          0              60               0          0          0          0          0
1483662074          0          0               0               0          0          0          0          0
1483662076          0          0               0               0          0          0          0          0
1483662077          2          0             120               0          0          0          0          0
1483662078          0          0               0               0          0          0          0          0
1483662079          2          0             120               0          0          0          0          0
1483662080          0          0               0               0          0          0          0          0
1483662081          3          0             180               0          0          0          0          0
1483662082          0          0               0               0          0          0          0          0
1483662083          0          0               0               0          0          0          0          0
1483662084          0          0               0               0          0          0          0          0
1483662086          0          0               0               0          0          0          0          0
1483662087          2          0             120               0          0          0          0          0
1483662088          0          0               0               0          0          0          0          0
1483662089          1          0              60               0          0          0          0          0
1483662090          0          0               0               0          0          0          0          0
1483662091          1          0              60               0          0          0          0          0
1483662092          0          0               0               0          0          0          0          0
1483662093          1          0              60               0          0          0          0          0
1483662094          1          0              60               0          0          0          0          0
1483662095          0          0               0               0          0          0          0          0
1483662097          2          0             120               0          0          0          0          0
1483662098          0          0               0               0          0          0          0          0
1483662099          1          0              60               0          0          0          0          0
1483662100          0          0               0               0          0          0          0          0
1483662101          2          0             120               0          0          0          0          0
1483662102          1          0              60               0          0          0          0          0
1483662103          1          0              60               0          0          0          0          0
1483662104          3          0             180               0          0          0          0          0
1483662106          1          0              60               0          0          0          0          0
