96 1 0 3.38007465464e-05 0.911164999008
96 1 1 3.4519910785e-05 0.929782152176
96 1 2 3.42282126824e-05 0.92361998558
96 1 3 3.6201386308e-05 0.97348690033
96 1 4 5.5091145743e-05 1.48844695091
96 1 5 3.58616382384e-05 0.964074134827
96 1 6 3.20805868825e-05 0.865511894226
96 1 7 3.28861025787e-05 0.885707139969
96 1 8 3.71933985578e-05 1.00015091896
96 1 9 3.21667470148e-05 0.866944789886
96 1 10 3.19217687133e-05 0.861179113388
96 1 11 3.40758722391e-05 0.918046951294
96 1 12 3.73745562263e-05 1.00685310364
96 1 13 3.40358852643e-05 0.916785001755
96 1 14 3.40652673545e-05 0.915848970413
96 1 15 3.46345328242e-05 0.93358707428
96 1 16 3.43302892524e-05 0.923919916153
96 1 17 3.19385506699e-05 0.861044168472
96 1 18 3.42489760262e-05 0.923231840134
96 1 19 3.30212601934e-05 0.889080047607
96 1 20 3.63082186767e-05 0.977679014206
96 1 21 3.29282396847e-05 0.886093139648
96 1 22 5.5213411681e-05 1.4906899929
96 1 23 3.43657481966e-05 0.929253101349
96 1 24 3.40545349197e-05 0.916915178299
96 1 25 3.23083823555e-05 0.868697166443
96 1 26 3.4102074686e-05 0.917721986771
96 1 27 3.39264563387e-05 0.913044929504
96 1 28 3.15885621447e-05 0.849344968796
96 1 29 3.33219141393e-05 0.896117925644
96 1 30 3.16605277664e-05 0.852849006653
96 1 31 5.3705741471e-05 1.44820189476
96 1 32 3.35085018003e-05 0.900958061218
96 1 33 3.33370561653e-05 0.898699998856
96 1 34 3.23644770932e-05 0.87154006958
96 1 35 3.19905546918e-05 0.860671043396
96 1 36 4.04454902941e-05 1.08835697174
96 1 37 3.51910250567e-05 0.946819067001
96 1 38 3.23361336258e-05 0.869188070297
96 1 39 5.57208244344e-05 1.50456690788
96 1 40 3.21571625314e-05 0.865225076675
96 1 41 3.2267456976e-05 0.867651939392
96 1 42 3.14557642078e-05 0.846228837967
96 1 43 3.16863293414e-05 0.854580163956
96 1 44 3.25173459586e-05 0.875201940536
96 1 45 3.51441230411e-05 0.946885824203
96 1 46 3.30028838598e-05 0.888360977173
96 1 47 3.42447213173e-05 0.922897100449
96 1 48 3.20991363199e-05 0.865857839584
96 1 49 3.16519454629e-05 0.853686094284
96 1 50 5.42816031061e-05 1.46430587769
96 1 51 3.45711221738e-05 0.932322978973
96 1 52 3.6174354785e-05 0.972931861877
96 1 53 3.44663306076e-05 0.928853988647
96 1 54 3.36932308732e-05 0.906445980072
96 1 55 3.51140120929e-05 0.945100069046
96 1 56 3.2653578639e-05 0.880852937698
96 1 57 3.27315300076e-05 0.880990028381
96 1 58 3.60382496548e-05 0.970301866531
96 1 59 3.59062990154e-05 0.967353820801
96 1 60 3.74677407281e-05 1.00866699219
96 1 61 3.29020099056e-05 0.886868000031
96 1 62 3.4692686586e-05 0.93710899353
96 1 63 3.18285751007e-05 0.857696056366
96 1 64 3.4616940013e-05 0.931032896042
96 1 65 3.43389444418e-05 0.924195051193
96 1 66 3.59703291952e-05 0.96790599823
96 1 67 3.58205033121e-05 0.963276147842
96 1 68 3.45499670689e-05 0.929553985596
96 1 69 3.36090204362e-05 0.906076908112
96 1 70 5.45073851087e-05 1.47042393684
96 1 71 3.28428812962e-05 0.884160041809
96 1 72 3.68666332723e-05 0.991095066071
96 1 73 3.43374685042e-05 0.924685001373
96 1 74 3.43960504701e-05 0.926429033279
96 1 75 5.815227667e-05 1.57128715515
96 1 76 3.30171148133e-05 0.890109062195
96 1 77 3.54341356595e-05 0.953201055527
96 1 78 3.55829775841e-05 0.957080841064
96 1 79 3.19156371949e-05 0.859991073608
96 1 80 3.58750674479e-05 0.964495897293
96 1 81 3.28998962173e-05 0.887053012848
96 1 82 3.49975496871e-05 0.943241119385
96 1 83 3.24947240269e-05 0.875706911087
96 1 84 4.0223243253e-05 1.08281898499
96 1 85 3.31667402603e-05 0.898216962814
96 1 86 5.47334950975e-05 1.47785902023
96 1 87 3.25297638777e-05 0.876033067703
96 1 88 3.48224597619e-05 0.93705201149
96 1 89 3.39251443942e-05 0.913827896118
96 1 90 3.50386937241e-05 0.943928003311
96 1 91 3.27733846811e-05 0.883183956146
96 1 92 3.60625115171e-05 0.970757007599
96 1 93 3.36011761014e-05 0.905366182327
96 1 94 3.57495763131e-05 0.961316108704
96 1 95 3.45770077026e-05 0.931199073792
