      time tx_packets rx_packets        tx_bytes        rx_bytes  tx_errors tx_dropped rx_frame_errors rx_crc_errors
1483656377          8          0             480               0          0          0          0          0
1483656378          1          0              60               0          0          0          0          0
1483656379          3          0             180               0          0          0          0          0
1483656380          1          0              60               0          0          0          0          0
1483656381          1          0              60               0          0          0          0          0
1483656382          1          0              60               0          0          0          0          0
1483656383          0          0               0               0          0          0          0          0
1483656385          1          0              60               0          0          0          0          0
1483656386          0          0               0               0          0          0          0          0
1483656387          2          0             120               0          0          0          0          0
1483656388          0          0               0               0          0          0          0          0
1483656389          2          0             120               0          0          0          0          0
1483656390          0          0               0               0          0          0          0          0
1483656391          0          0               0               0          0          0          0          0
1483656392          1          0              60               0          0          0          0          0
1483656393          0          0               0               0          0          0          0          0
1483656395          4          0             240               0          0          0          0          0
1483656396          2          0             120               0          0          0          0          0
1483656397          0          0               0               0          0          0          0          0
1483656398          0          0               0               0          0          0          0          0
1483656399          2          0             120               0          0          0          0          0
1483656400          0          0               0               0          0          0          0          0
1483656401          0          0               0               0          0          0          0          0
1483656402          4          0             258               0          0          0          0          0
1483656404          0          0               0               0          0          0          0          0
1483656405          0          0               0               0          0          0          0          0
1483656406          0          0               0               0          0          0          0          0
1483656407          0          0               0               0          0          0          0          0
1483656408          0          0               0               0          0          0          0          0
1483656409          2          0             120               0          0          0          0          0
1483656410          1          0              60               0          0          0          0          0
1483656411          1          0              60               0          0          0          0          0
1483656413          1          0              60               0          0          0          0          0
1483656414          0          0               0               0          0          0          0          0
1483656415          0          0               0               0          0          0          0          0
1483656416          1          0              60               0          0          0          0          0
1483656417          2          0             120               0          0          0          0          0
1483656418          1          0              60               0          0          0          0          0
1483656419          0          0               0               0          0          0          0          0
1483656421          1          0              78               0          0          0          0          0
1483656422          1          0              78               0          0          0          0          0
1483656423          0          0               0               0          0          0          0          0
1483656424          0          0               0               0          0          0          0          0
1483656425          1          0              60               0          0          0          0          0
1483656426          4          0             240               0          0          0          0          0
1483656427          1          0              60               0          0          0          0          0
1483656429          4          0             240               0          0          0          0          0
1483656430          0          0               0               0          0          0          0          0
1483656431          1          0              60               0          0          0          0          0
1483656432          0          0               0               0          0          0          0          0
1483656433          0          0               0               0          0          0          0          0
1483656434          0          0               0               0          0          0          0          0
1483656435          0          0               0               0          0          0          0          0
1483656436          0          0               0               0          0          0          0          0
1483656438          0          0               0               0          0          0          0          0
1483656439          1          0              60               0          0          0          0          0
1483656440          0          0               0               0          0          0          0          0
1483656441          0          0               0               0          0          0          0          0
1483656442          3          0             180               0          0          0          0          0
1483656443          0          0               0               0          0          0          0          0
1483656444          2          0             120               0          0          0          0          0
1483656446          1          0              60               0          0          0          0          0
1483656447          0          0               0               0          0          0          0          0
1483656448          0          0               0               0          0          0          0          0
1483656449          0          0               0               0          0          0          0          0
1483656450          0          0               0               0          0          0          0          0
1483656451          1          0              60               0          0          0          0          0
1483656452          1          0              60               0          0          0          0          0
1483656453          0          0               0               0          0          0          0          0
1483656455          1          0              60               0          0          0          0          0
1483656456          0          0               0               0          0          0          0          0
1483656457          0          0               0               0          0          0          0          0
1483656458          1          0              60               0          0          0          0          0
1483656459          1          0              60               0          0          0          0          0
1483656460          1          0              60               0          0          0          0          0
1483656461          1          0              60               0          0          0          0          0
1483656463          1          0              60               0          0          0          0          0
1483656464          0          0               0               0          0          0          0          0
1483656465          1          0              60               0          0          0          0          0
1483656466          1          0              60               0          0          0          0          0
1483656467          1          0              60               0          0          0          0          0
1483656468          3          0             180               0          0          0          0          0
1483656469          1          0              78               0          0          0          0          0
1483656471          2          0             156               0          0          0          0          0
1483656472          2          0             156               0          0          0          0          0
1483656473          0          0               0               0          0          0          0          0
1483656474          0          0               0               0          0          0          0          0
1483656475          1          0              60               0          0          0          0          0
1483656476          3          0             180               0          0          0          0          0
1483656477          3          0             180               0          0          0          0          0
1483656478          2          0             120               0          0          0          0          0
1483656480          0          0               0               0          0          0          0          0
1483656481          0          0               0               0          0          0          0          0
1483656482          0          0               0               0          0          0          0          0
1483656483          0          0               0               0          0          0          0          0
1483656484          0          0               0               0          0          0          0          0
1483656485          0          0               0               0          0          0          0          0
1483656486          9          0             540               0          0          0          0          0
1483656488          1          0              60               0          0          0          0          0
1483656489          3          0             198               0          0          0          0          0
1483656490          0          0               0               0          0          0          0          0
1483656491          0          0               0               0          0          0          0          0
1483656492          0          0               0               0          0          0          0          0
1483656493          0          0               0               0          0          0          0          0
1483656494          0          0               0               0          0          0          0          0
1483656496          1          0              60               0          0          0          0          0
1483656497          1          0              60               0          0          0          0          0
1483656498          0          0               0               0          0          0          0          0
1483656499          0          0               0               0          0          0          0          0
1483656500          1          0              78               0          0          0          0          0
1483656501          1          0              60               0          0          0          0          0
1483656502          1          0              60               0          0          0          0          0
1483656503          0          0               0               0          0          0          0          0
1483656505          3          0             180               0          0          0          0          0
1483656506          1          0              60               0          0          0          0          0
1483656507          2          0             120               0          0          0          0          0
1483656508          1          0              60               0          0          0          0          0
1483656509          1          0              60               0          0          0          0          0
1483656510          1          0              60               0          0          0          0          0
1483656511          0          0               0               0          0          0          0          0
1483656513          3          0             180               0          0          0          0          0
1483656514          0          0               0               0          0          0          0          0
1483656515          1          0              60               0          0          0          0          0
1483656516          0          0               0               0          0          0          0          0
1483656517          1          0              60               0          0          0          0          0
1483656518          0          0               0               0          0          0          0          0
1483656519          0          0               0               0          0          0          0          0
1483656521          1          0              60               0          0          0          0          0
1483656522          1          0              60               0          0          0          0          0
1483656523          0          0               0               0          0          0          0          0
1483656524          0          0               0               0          0          0          0          0
1483656525          0          0               0               0          0          0          0          0
1483656526          1          0              60               0          0          0          0          0
1483656527          0          0               0               0          0          0          0          0
1483656528          2          0             120               0          0          0          0          0
1483656530          0          0               0               0          0          0          0          0
1483656531          0          0               0               0          0          0          0          0
1483656532          0          0               0               0          0          0          0          0
1483656533          0          0               0               0          0          0          0          0
1483656534          0          0               0               0          0          0          0          0
1483656535          0          0               0               0          0          0          0          0
1483656536          0          0               0               0          0          0          0          0
1483656538          0          0               0               0          0          0          0          0
1483656539          0          0               0               0          0          0          0          0
1483656540          0          0               0               0          0          0          0          0
1483656541          0          0               0               0          0          0          0          0
1483656542          1          0              60               0          0          0          0          0
1483656543          0          0               0               0          0          0          0          0
1483656544          0          0               0               0          0          0          0          0
1483656546          0          0               0               0          0          0          0          0
1483656547          4          0             240               0          0          0          0          0
1483656548          0          0               0               0          0          0          0          0
1483656549          1          0              60               0          0          0          0          0
1483656550          3          0             216               0          0          0          0          0
1483656551          6          0             468               0          0          0          0          0
1483656552          3          0             234               0          0          0          0          0
1483656553          1          0              60               0          0          0          0          0
1483656555          3          0             198               0          0          0          0          0
1483656556          0          0               0               0          0          0          0          0
1483656557          9          0             540               0          0          0          0          0
1483656558          2          0             120               0          0          0          0          0
1483656559          3          0             180               0          0          0          0          0
1483656560          2          0             120               0          0          0          0          0
1483656561          0          0               0               0          0          0          0          0
1483656563          0          0               0               0          0          0          0          0
1483656564          1          0              60               0          0          0          0          0
1483656565          3          0             180               0          0          0          0          0
1483656566          0          0               0               0          0          0          0          0
1483656567          1          0              60               0          0          0          0          0
1483656568          2          0             120               0          0          0          0          0
1483656569          0          0               0               0          0          0          0          0
1483656570          1          0              60               0          0          0          0          0
1483656572          0          0               0               0          0          0          0          0
1483656573          1          0              60               0          0          0          0          0
1483656574          1          0              60               0          0          0          0          0
1483656575          2          0             120               0          0          0          0          0
1483656576          0          0               0               0          0          0          0          0
1483656577          0          0               0               0          0          0          0          0
1483656578          1          0              60               0          0          0          0          0
1483656580          0          0               0               0          0          0          0          0
1483656581          0          0               0               0          0          0          0          0
1483656582          0          0               0               0          0          0          0          0
1483656583          1          0              60               0          0          0          0          0
1483656584          0          0               0               0          0          0          0          0
1483656585          1          0              60               0          0          0          0          0
1483656586          1          0              60               0          0          0          0          0
1483656587          1          0              60               0          0          0          0          0
1483656589          1          0              60               0          0          0          0          0
1483656590          0          0               0               0          0          0          0          0
1483656591          0          0               0               0          0          0          0          0
1483656592          0          0               0               0          0          0          0          0
1483656593          0          0               0               0          0          0          0          0
1483656594          2          0             120               0          0          0          0          0
1483656595          0          0               0               0          0          0          0          0
1483656597          0          0               0               0          0          0          0          0
1483656598          0          0               0               0          0          0          0          0
1483656599          3          0             180               0          0          0          0          0
1483656600          0          0               0               0          0          0          0          0
1483656601          2          0             120               0          0          0          0          0
1483656602          0          0               0               0          0          0          0          0
1483656603          0          0               0               0          0          0          0          0
1483656604          2          0             120               0          0          0          0          0
1483656606          0          0               0               0          0          0          0          0
1483656607          0          0               0               0          0          0          0          0
1483656608          1          0              60               0          0          0          0          0
1483656609          1          0              60               0          0          0          0          0
1483656610          0          0               0               0          0          0          0          0
1483656611          0          0               0               0          0          0          0          0
1483656612          3          0             180               0          0          0          0          0
1483656614          0          0               0               0          0          0          0          0
1483656615          2          0             120               0          0          0          0          0
1483656616          0          0               0               0          0          0          0          0
1483656617          1          0              60               0          0          0          0          0
1483656618          0          0               0               0          0          0          0          0
1483656619          0          0               0               0          0          0          0          0
1483656620          5          0             300               0          0          0          0          0
1483656622          0          0               0               0          0          0          0          0
1483656623          1          0              60               0          0          0          0          0
1483656624          0          0               0               0          0          0          0          0
1483656625          2          0             120               0          0          0          0          0
1483656626          0          0               0               0          0          0          0          0
1483656627          2          0             120               0          0          0          0          0
1483656628          0          0               0               0          0          0          0          0
1483656629          0          0               0               0          0          0          0          0
1483656631          0          0               0               0          0          0          0          0
1483656632          1          0              60               0          0          0          0          0
1483656633          0          0               0               0          0          0          0          0
1483656634          0          0               0               0          0          0          0          0
1483656635          2          0             120               0          0          0          0          0
1483656636          1          0              60               0          0          0          0          0
1483656637          1          0              60               0          0          0          0          0
1483656639          0          0               0               0          0          0          0          0
1483656640          1          0              60               0          0          0          0          0
1483656641          1          0              60               0          0          0          0          0
1483656642          1          0              60               0          0          0          0          0
1483656643          1          0              60               0          0          0          0          0
1483656644          0          0               0               0          0          0          0          0
1483656645          0          0               0               0          0          0          0          0
1483656646          3          0             180               0          0          0          0          0
1483656648          1          0              60               0          0          0          0          0
1483656649          1          0              60               0          0          0          0          0
1483656650          3          0             180               0          0          0          0          0
1483656651          0          0               0               0          0          0          0          0
1483656652          2          0             120               0          0          0          0          0
1483656653          1          0              60               0          0          0          0          0
1483656654          2          0             120               0          0          0          0          0
1483656656          1          0              60               0          0          0          0          0
1483656657          3          0             180               0          0          0          0          0
1483656658          0          0               0               0          0          0          0          0
1483656659          6          0             360               0          0          0          0          0
1483656660          0          0               0               0          0          0          0          0
1483656661          0          0               0               0          0          0          0          0
1483656662          1          0              60               0          0          0          0          0
1483656664          0          0               0               0          0          0          0          0
1483656665          0          0               0               0          0          0          0          0
1483656666          0          0               0               0          0          0          0          0
1483656667          1          0              60               0          0          0          0          0
1483656668          0          0               0               0          0          0          0          0
1483656669          0          0               0               0          0          0          0          0
1483656670          2          0             120               0          0          0          0          0
1483656671          0          0               0               0          0          0          0          0
1483656673          1          0              60               0          0          0          0          0
1483656674          0          0               0               0          0          0          0          0
1483656675          0          0               0               0          0          0          0          0
1483656676          0          0               0               0          0          0          0          0
1483656677          2          0             120               0          0          0          0          0
1483656678          2          0             120               0          0          0          0          0
1483656679          0          0               0               0          0          0          0          0
1483656681          0          0               0               0          0          0          0          0
1483656682          0          0               0               0          0          0          0          0
1483656683          0          0               0               0          0          0          0          0
1483656684          1          0              78               0          0          0          0          0
1483656685          0          0               0               0          0          0          0          0
1483656686          2          0             120               0          0          0          0          0
1483656687          0          0               0               0          0          0          0          0
1483656689          2          0             120               0          0          0          0          0
1483656690          0          0               0               0          0          0          0          0
1483656691          1          0              60               0          0          0          0          0
1483656692          0          0               0               0          0          0          0          0
1483656693          0          0               0               0          0          0          0          0
1483656694          2          0             120               0          0          0          0          0
1483656695          0          0               0               0          0          0          0          0
1483656696          2          0             120               0          0          0          0          0
1483656698          0          0               0               0          0          0          0          0
1483656699          2          0             120               0          0          0          0          0
1483656700          1          0              78               0          0          0          0          0
1483656701          2          0             156               0          0          0          0          0
1483656702          4          0             258               0          0          0          0          0
1483656703          0          0               0               0          0          0          0          0
1483656704          0          0               0               0          0          0          0          0
1483656706          0          0               0               0          0          0          0          0
1483656707          3          0             180               0          0          0          0          0
1483656708          3          0             198               0          0          0          0          0
1483656709          0          0               0               0          0          0          0          0
1483656710          2          0             156               0          0          0          0          0
1483656711          1          0              60               0          0          0          0          0
1483656712          1          0              60               0          0          0          0          0
1483656713          0          0               0               0          0          0          0          0
1483656715          1          0              60               0          0          0          0          0
1483656716          1          0              60               0          0          0          0          0
1483656717          2          0             120               0          0          0          0          0
1483656718          0          0               0               0          0          0          0          0
1483656719          1          0              60               0          0          0          0          0
1483656720          2          0             120               0          0          0          0          0
1483656721          1          0              60               0          0          0          0          0
1483656723          1          0              78               0          0          0          0          0
1483656724          0          0               0               0          0          0          0          0
1483656725          1          0              60               0          0          0          0          0
1483656726          3          0             180               0          0          0          0          0
1483656727          2          0             120               0          0          0          0          0
1483656728          3          0             180               0          0          0          0          0
1483656729          0          0               0               0          0          0          0          0
1483656731          0          0               0               0          0          0          0          0
1483656732          0          0               0               0          0          0          0          0
1483656733          0          0               0               0          0          0          0          0
1483656734          0          0               0               0          0          0          0          0
1483656735          0          0               0               0          0          0          0          0
1483656736          0          0               0               0          0          0          0          0
1483656737          0          0               0               0          0          0          0          0
1483656738          0          0               0               0          0          0          0          0
1483656740          0          0               0               0          0          0          0          0
1483656741          1          0              60               0          0          0          0          0
1483656742          1          0              60               0          0          0          0          0
1483656743          3          0             180               0          0          0          0          0
1483656744          0          0             120               0          0          0          0          0
1483656745          2          0               0               0          0          0          0          0
1483656746          0          0               0               0          0          0          0          0
1483656748          0          0               0               0          0          0          0          0
1483656749          1          0              60               0          0          0          0          0
1483656750          0          0               0               0          0          0          0          0
1483656751          1          0              60               0          0          0          0          0
1483656752          0          0               0               0          0          0          0          0
1483656753          2          0             120               0          0          0          0          0
1483656754          1          0              60               0          0          0          0          0
1483656756          0          0               0               0          0          0          0          0
1483656757          1          0              60               0          0          0          0          0
1483656758          0          0               0               0          0          0          0          0
1483656759          2          0             120               0          0          0          0          0
1483656760          3          0             180               0          0          0          0          0
1483656761          0          0               0               0          0          0          0          0
1483656762          1          0              60               0          0          0          0          0
1483656763          0          0               0               0          0          0          0          0
1483656765          1          0              60               0          0          0          0          0
1483656766          0          0               0               0          0          0          0          0
1483656767          2          0             120               0          0          0          0          0
1483656768          1          0              60               0          0          0          0          0
1483656769          2          0             120               0          0          0          0          0
1483656770          0          0               0               0          0          0          0          0
1483656771          0          0               0               0          0          0          0          0
