 %time 1481755144
 %usr 2.32 0.00 0.00 0.00 0.00 0.00 0.00 0.00 0.00 4.04 33.66 0.00 0.00 0.00 0.00 0.00 0.00
 %sys 2.25 2.00 1.00 0.99 0.00 1.00 1.00 0.00 0.00 5.05 22.77 1.01 0.00 0.00 0.00 0.00 0.00
 %idle 93.24 98.00 99.00 99.01 100.00 99.00 99.00 100.00 100.00 86.87 12.87 98.99 100.00 100.00 100.00 100.00 100.00
 %time 1481755145
 %usr 3.75 0.00 0.00 0.00 0.00 0.00 0.00 0.00 0.00 0.00 60.61 0.00 0.00 0.00 0.00 0.00 0.00
 %sys 3.25 2.00 1.00 0.00 1.00 0.00 1.00 1.00 0.00 3.96 39.39 1.98 0.00 0.00 0.00 0.00 1.00
 %idle 92.99 98.00 99.00 100.00 99.00 100.00 99.00 99.00 100.00 96.04 0.00 98.02 100.00 100.00 100.00 100.00 99.00
 %time 1481755149
 %usr 3.63 0.00 0.00 0.00 0.99 0.00 0.00 0.00 0.00 0.00 57.00 0.00 0.00 0.00 0.00 0.00 0.00
 %sys 2.88 1.00 1.01 1.00 0.00 0.00 1.00 0.00 0.00 1.02 37.00 1.01 1.98 0.00 0.00 0.00 0.00
 %idle 93.12 99.00 98.99 99.00 99.01 100.00 99.00 100.00 100.00 98.98 0.00 98.99 98.02 100.00 100.00 100.00 100.00
 %time 1481755150
 %usr 3.13 0.00 0.00 0.00 0.00 0.00 0.00 0.00 0.00 13.00 37.00 0.00 0.00 0.00 0.00 0.00 0.00
 %sys 2.63 1.01 0.00 0.00 0.00 0.00 1.00 2.00 0.00 9.00 25.00 2.02 1.00 1.00 0.00 0.00 1.00
 %idle 93.18 98.99 100.00 100.00 100.00 100.00 99.00 98.00 100.00 77.00 21.00 97.98 99.00 99.00 100.00 100.00 99.00
 %time 1481755151
 %usr 3.70 0.00 0.00 0.00 0.00 0.00 0.00 0.00 0.00 59.41 0.00 0.00 0.00 0.00 0.00 0.00 0.00
 %sys 2.89 0.00 1.00 1.01 0.00 0.00 1.00 1.00 0.00 38.61 2.00 1.00 0.00 0.00 0.00 0.00 0.00
 %idle 93.28 100.00 99.00 98.99 100.00 100.00 99.00 99.00 100.00 0.00 98.00 99.00 100.00 100.00 100.00 100.00 100.00
 %time 1481755153
 %usr 3.75 0.00 0.00 0.00 0.00 0.00 0.00 0.00 0.00 60.00 0.00 0.00 0.00 0.00 0.00 0.00 0.00
 %sys 3.19 1.00 0.00 2.00 0.00 0.00 1.01 1.00 0.00 40.00 2.02 0.00 1.01 0.00 1.01 0.00 1.00
 %idle 93.05 99.00 100.00 98.00 100.00 100.00 98.99 99.00 100.00 0.00 97.98 100.00 98.99 100.00 98.99 100.00 99.00
 %time 1481755154
 %usr 3.75 0.00 0.00 0.00 0.00 0.00 0.00 0.00 0.00 59.60 0.00 0.00 0.00 0.00 0.00 0.00 0.00
 %sys 3.19 2.00 0.00 0.00 0.00 0.00 1.00 1.00 0.00 40.40 3.00 0.00 1.00 0.00 2.00 0.00 1.00
 %idle 93.05 98.00 100.00 100.00 100.00 100.00 99.00 99.00 100.00 0.00 97.00 100.00 99.00 100.00 98.00 100.00 99.00
 %time 1481755155
 %usr 3.69 0.00 0.00 0.00 0.00 0.00 0.00 0.00 0.00 59.41 0.00 0.00 0.00 0.00 0.00 0.00 0.00
 %sys 3.26 3.96 0.00 0.00 0.00 0.00 1.01 1.00 0.00 40.59 2.97 0.00 0.99 0.00 1.98 0.00 0.00
 %idle 93.05 96.04 100.00 100.00 100.00 100.00 98.99 99.00 100.00 0.00 97.03 100.00 99.01 100.00 98.02 100.00 100.00
 %time 1481755156
 %usr 3.63 0.00 0.00 0.00 0.00 0.00 0.00 0.00 0.00 58.42 0.00 0.00 0.00 0.00 0.00 0.00 0.00
 %sys 3.32 2.00 0.99 1.00 0.99 0.00 1.00 1.00 0.00 41.58 3.00 1.00 0.99 0.00 1.01 0.00 1.00
 %idle 93.05 98.00 99.01 99.00 99.01 100.00 99.00 99.00 100.00 0.00 97.00 99.00 99.01 100.00 98.99 100.00 99.00
 %time 1481755159
 %usr 1.00 0.00 0.00 0.00 0.00 0.00 0.00 0.00 0.00 16.83 0.00 0.00 0.00 0.00 0.00 0.00 0.00
 %sys 0.94 1.00 0.00 0.99 0.00 0.00 1.00 0.99 0.00 11.88 1.00 0.00 0.00 0.00 0.00 0.00 0.00
 %idle 93.56 99.00 100.00 99.01 100.00 100.00 99.00 99.01 100.00 0.00 99.00 100.00 100.00 100.00 100.00 100.00 100.00
 %time 1481755160
 %usr 2.31 0.00 0.00 0.00 0.00 0.00 0.00 0.00 0.00 0.00 0.00 37.37 0.00 0.00 0.00 0.00 0.00
 %sys 1.94 1.00 1.00 0.99 0.00 0.00 0.00 0.00 0.00 1.00 1.98 23.23 0.00 0.00 0.00 2.00 0.00
 %idle 93.25 99.00 99.00 99.01 100.00 100.00 100.00 100.00 100.00 99.00 98.02 0.00 100.00 100.00 100.00 98.00 100.00
 %time 1481755161
 %usr 3.76 0.00 0.00 0.00 0.00 0.00 0.00 0.00 0.00 0.00 0.00 60.00 0.00 0.00 0.00 0.00 0.00
 %sys 3.13 1.01 0.00 0.99 0.00 0.00 0.00 0.00 0.00 2.00 1.98 40.00 1.01 0.00 0.00 1.01 1.00
 %idle 93.11 98.99 100.00 99.01 100.00 100.00 100.00 100.00 100.00 98.00 98.02 0.00 98.99 100.00 100.00 98.99 99.00
 %time 1481755162
 %usr 3.38 0.00 0.00 0.00 0.00 0.00 0.00 0.00 0.00 0.00 0.00 53.47 0.00 0.00 0.00 0.00 0.00
 %sys 2.82 1.98 0.00 0.00 0.00 0.99 1.00 1.00 0.00 1.00 2.00 35.64 0.99 0.00 1.01 0.00 0.00
 %idle 93.12 98.02 100.00 100.00 100.00 99.01 99.00 99.00 100.00 99.00 98.00 0.00 99.01 100.00 98.99 100.00 100.00
 %time 1481755163
 %usr 2.57 0.00 0.00 0.00 0.00 0.00 0.00 0.00 0.00 0.00 0.00 41.58 0.00 0.00 0.00 0.00 0.00
 %sys 2.19 0.00 0.00 0.00 0.00 0.00 1.00 1.00 0.00 1.01 1.01 27.72 0.00 0.00 1.00 0.00 1.00
 %idle 93.30 100.00 100.00 100.00 100.00 100.00 99.00 99.00 100.00 98.99 98.99 0.00 100.00 100.00 99.00 100.00 99.00
 %time 1481755164
 %usr 3.13 0.00 0.00 0.00 0.00 0.00 0.00 0.00 0.00 0.00 0.00 49.00 0.00 0.00 0.00 0.00 0.00
 %sys 2.63 1.00 0.00 1.00 0.00 0.99 1.00 1.00 0.00 1.00 1.00 33.00 1.00 0.00 1.00 0.00 0.00
 %idle 93.05 99.00 100.00 99.00 100.00 99.01 99.00 99.00 100.00 99.00 99.00 0.00 99.00 100.00 99.00 100.00 97.98
 %time 1481755166
 %usr 3.44 0.00 0.00 0.00 0.00 0.00 0.00 0.00 0.00 22.77 0.00 32.67 0.00 0.00 0.00 0.00 0.00
 %sys 2.82 1.00 0.00 0.00 0.00 0.00 1.00 1.01 0.00 15.84 2.00 21.78 1.00 0.00 0.99 0.00 0.00
 %idle 93.17 99.00 100.00 100.00 100.00 100.00 99.00 98.99 100.00 61.39 98.00 36.63 99.00 100.00 99.01 100.00 100.00
 %time 1481755167
 %usr 3.32 0.00 0.00 0.00 0.00 0.00 0.00 0.00 0.00 52.48 0.00 0.00 0.00 0.00 0.00 0.00 0.00
 %sys 2.94 1.01 1.00 1.01 0.00 0.99 1.00 1.00 0.00 35.64 2.00 1.01 2.00 0.00 0.00 0.00 1.00
 %idle 93.05 98.99 99.00 98.99 100.00 99.01 99.00 99.00 100.00 0.00 98.00 98.99 98.00 100.00 100.00 100.00 99.00
 %time 1481755168
 %usr 2.82 0.00 0.00 0.00 0.00 0.00 0.00 0.00 0.00 45.00 0.00 0.00 0.00 0.00 0.00 0.00 0.00
 %sys 2.32 1.00 1.00 0.00 1.00 0.00 0.00 1.00 0.00 29.00 1.01 0.00 1.00 0.00 1.00 0.00 1.00
 %idle 93.24 99.00 99.00 100.00 99.00 100.00 100.00 99.00 100.00 0.00 98.99 100.00 99.00 100.00 99.00 100.00 99.00
 %time 1481755169
 %usr 3.06 0.00 0.00 0.00 0.00 0.00 0.00 0.00 0.00 50.00 0.00 0.00 0.00 0.00 0.00 0.00 0.00
 %sys 2.88 2.97 0.00 0.00 0.00 0.00 1.00 1.00 0.00 33.00 1.01 2.00 1.00 0.00 1.00 0.00 1.00
 %idle 93.00 97.03 100.00 100.00 100.00 100.00 99.00 99.00 100.00 0.00 98.99 98.00 99.00 100.00 99.00 100.00 99.00
 %time 1481755170
 %usr 3.32 0.00 0.00 0.00 0.00 0.00 0.00 0.00 0.00 53.00 0.00 0.00 0.00 0.00 0.00 0.00 0.00
 %sys 3.01 2.02 1.01 1.01 0.99 0.00 0.00 0.00 0.00 37.00 1.00 1.01 0.00 0.00 1.00 0.00 1.00
 %idle 93.05 97.98 98.99 98.99 99.01 100.00 100.00 100.00 100.00 0.00 99.00 98.99 100.00 100.00 99.00 100.00 99.00
 %time 1481755171
 %usr 3.69 0.00 0.00 0.00 0.00 0.00 0.00 0.00 0.00 57.43 0.00 0.00 0.00 0.00 0.00 0.00 0.00
 %sys 3.13 2.00 1.01 1.00 1.98 0.99 1.00 0.00 0.99 37.62 1.00 2.02 0.99 0.00 0.00 0.00 1.00
 %idle 92.93 98.00 98.99 99.00 98.02 99.01 99.00 100.00 99.01 0.00 99.00 97.98 99.01 100.00 100.00 100.00 99.00
 %time 1481755172
 %usr 3.00 0.00 0.00 0.00 0.00 0.00 0.00 0.00 0.00 48.00 0.00 0.00 0.00 0.00 0.00 0.00 0.00
 %sys 2.57 1.00 0.00 1.00 1.98 1.00 0.00 1.00 0.00 32.00 1.01 0.00 1.01 1.00 0.00 0.99 0.00
 %idle 93.18 99.00 100.00 99.00 98.02 99.00 100.00 99.00 100.00 0.00 98.99 100.00 98.99 99.00 100.00 99.01 100.00
 %time 1481755174
 %usr 3.19 0.00 0.00 0.00 0.00 0.00 0.00 0.00 0.00 31.31 19.00 0.00 0.00 0.00 0.00 0.00 0.00
 %sys 2.94 2.00 1.00 1.98 0.99 1.00 0.00 1.00 0.00 22.22 14.00 2.00 1.00 0.00 0.00 0.00 0.00
 %idle 92.94 98.00 99.00 98.02 99.01 99.00 100.00 99.00 100.00 32.32 67.00 98.00 99.00 100.00 100.00 100.00 100.00
 %time 1481755175
 %usr 2.69 0.00 0.00 0.00 0.00 0.00 0.00 0.00 0.00 0.00 0.00 42.42 0.00 0.00 0.00 0.00 0.00
 %sys 2.44 1.00 0.00 0.00 0.00 1.00 0.00 0.99 0.99 1.01 2.00 30.30 1.00 0.00 1.00 0.00 0.99
 %idle 93.18 99.00 100.00 100.00 100.00 99.00 100.00 99.01 99.01 98.99 98.00 0.00 99.00 100.00 99.00 100.00 99.01
 %time 1481755176
 %usr 3.19 0.00 0.00 0.00 0.00 0.00 0.00 0.00 0.00 0.00 0.00 51.00 0.00 0.00 0.00 0.00 0.00
 %sys 2.76 1.00 1.00 1.01 0.00 0.00 1.00 1.00 0.00 1.00 2.00 36.00 0.99 0.00 1.00 0.00 0.00
 %idle 93.17 99.00 99.00 98.99 100.00 100.00 99.00 99.00 100.00 99.00 98.00 0.00 99.01 100.00 99.00 100.00 100.00
 %time 1481755177
 %usr 3.00 0.00 0.00 0.00 0.00 0.00 0.00 0.00 0.00 47.00 0.00 0.00 0.00 0.00 0.00 0.00 0.00
 %sys 3.44 0.00 2.00 2.00 0.00 0.00 1.00 1.00 0.00 45.00 2.00 1.00 0.99 0.00 1.00 0.00 1.00
 %idle 93.06 100.00 98.00 98.00 100.00 100.00 99.00 99.00 100.00 0.00 98.00 99.00 99.01 100.00 99.00 100.00 99.00
 %time 1481755178
 %usr 2.50 0.00 0.00 0.00 0.00 0.00 0.00 0.00 0.00 40.59 0.00 0.00 0.00 0.00 0.00 0.00 0.00
 %sys 4.26 1.00 0.99 0.99 0.00 0.99 0.00 1.00 1.00 59.41 1.00 0.00 1.01 0.99 0.00 0.00 0.00
 %idle 93.24 99.00 99.01 99.01 100.00 99.01 100.00 99.00 99.00 0.00 99.00 100.00 98.99 99.01 100.00 100.00 100.00
 %time 1481755179
 %usr 2.25 0.00 0.00 0.00 0.00 0.00 0.00 0.00 0.00 35.35 0.00 0.00 0.00 0.00 0.00 0.00 0.00
 %sys 3.69 0.00 1.01 1.00 0.00 0.00 0.00 0.00 0.00 51.52 2.00 0.00 1.00 0.00 0.00 0.00 0.99
 %idle 93.12 100.00 98.99 99.00 100.00 100.00 100.00 100.00 100.00 0.00 98.00 98.00 99.00 100.00 100.00 100.00 99.01
 %time 1481755181
 %usr 2.31 0.00 0.00 0.00 0.00 0.00 0.00 0.00 0.00 6.06 32.00 0.00 0.00 0.00 0.00 0.00 0.00
 %sys 3.88 1.01 1.98 0.00 0.00 0.00 0.99 0.00 0.00 8.08 46.00 1.00 0.00 0.00 0.00 0.00 0.00
 %idle 93.19 98.99 98.02 100.00 100.00 100.00 99.01 100.00 100.00 84.85 14.00 99.00 100.00 100.00 100.00 100.00 100.00
 %time 1481755185
 %usr 2.57 0.00 0.00 0.00 0.00 0.00 0.00 0.00 0.00 0.00 41.00 0.00 0.00 0.00 0.00 0.00 0.00
 %sys 4.19 1.01 1.98 0.00 0.00 0.00 1.00 0.00 0.00 1.98 59.00 1.00 0.00 0.00 0.00 0.00 0.00
 %idle 93.24 98.99 98.02 100.00 100.00 100.00 99.00 100.00 100.00 98.02 0.00 99.00 100.00 100.00 100.00 100.00 100.00
 %time 1481755187
 %usr 2.44 0.00 0.00 0.00 0.00 0.00 0.00 0.00 0.00 0.00 39.00 0.00 0.00 0.00 0.00 0.00 0.00
 %sys 4.00 2.00 0.00 0.99 0.00 0.00 1.00 0.00 0.99 1.00 54.00 0.00 1.00 0.00 0.00 0.00 1.00
 %idle 93.19 98.00 100.00 99.01 100.00 100.00 99.00 100.00 99.01 99.00 0.00 100.00 99.00 100.00 100.00 100.00 99.00
 %time 1481755188
 %usr 2.38 0.00 0.00 0.00 0.00 0.00 0.00 0.00 0.00 0.00 39.00 0.00 0.00 0.00 0.00 0.00 0.00
 %sys 4.19 3.00 1.00 2.00 0.00 0.00 1.00 1.00 0.00 2.00 55.00 0.00 0.00 0.00 0.00 0.00 1.00
 %idle 92.99 97.00 99.00 98.00 100.00 100.00 99.00 99.00 100.00 98.00 0.00 100.00 100.00 100.00 100.00 100.00 99.00
 %time 1481755189
 %usr 2.25 0.00 0.00 0.00 0.00 0.00 0.00 0.00 0.00 0.00 35.35 0.00 0.00 0.00 0.00 0.00 0.00
 %sys 3.69 1.98 1.98 0.00 0.00 0.00 0.00 0.99 0.00 1.00 51.52 0.99 0.00 0.00 0.00 0.00 0.00
 %idle 93.25 98.02 98.02 100.00 100.00 100.00 100.00 99.01 100.00 99.00 0.00 99.01 100.00 100.00 100.00 100.00 100.00
 %time 1481755190
 %usr 2.57 0.00 0.00 0.00 0.00 0.00 0.00 0.00 0.00 0.00 40.00 0.00 0.00 0.00 0.00 0.00 0.00
 %sys 4.07 1.01 1.01 0.00 1.00 1.00 0.00 0.00 0.99 1.00 58.00 1.00 1.00 0.00 0.00 0.00 1.00
 %idle 93.24 98.99 98.99 100.00 99.00 99.00 100.00 100.00 99.01 99.00 0.00 99.00 99.00 100.00 100.00 100.00 99.00
 %time 1481755192
 %usr 0.25 0.00 0.00 0.00 0.00 0.00 0.00 0.00 0.00 0.00 3.00 0.00 0.00 0.00 0.00 0.00 0.00
 %sys 0.31 0.00 0.00 0.00 0.00 0.00 0.00 0.00 0.99 0.00 4.00 0.00 0.00 0.00 0.00 0.00 0.00
 %idle 93.63 100.00 100.00 100.00 100.00 100.00 100.00 100.00 99.01 100.00 0.00 100.00 100.00 100.00 100.00 100.00 100.00
 %time 1481755193
 %usr 0.69 0.00 0.00 0.00 0.00 0.00 0.00 0.00 0.00 0.00 11.00 0.00 0.00 0.00 0.00 0.00 0.00
 %sys 1.19 0.00 0.00 1.00 0.00 0.00 0.00 1.00 0.00 0.00 15.00 0.00 0.00 0.00 0.00 0.00 0.00
 %idle 93.56 100.00 100.00 99.00 100.00 100.00 100.00 99.00 100.00 100.00 0.00 100.00 100.00 100.00 100.00 100.00 100.00
 %time 1481755194
 %usr 0.19 0.00 0.00 0.00 0.00 0.00 0.00 0.00 0.00 3.00 0.00 0.00 0.00 0.00 0.00 0.00 0.00
 %sys 0.37 0.00 0.00 0.00 0.00 0.00 0.00 0.00 0.00 4.00 0.00 0.99 0.00 0.99 0.00 0.00 0.00
 %idle 93.63 100.00 100.00 100.00 100.00 100.00 100.00 100.00 100.00 0.00 100.00 99.01 100.00 99.01 100.00 100.00 100.00
 %time 1481755195
 %usr 1.94 0.00 0.00 0.00 0.00 0.00 0.00 0.00 0.00 31.31 0.00 0.00 0.00 0.00 0.00 0.00 0.00
 %sys 3.07 0.00 0.00 1.00 0.00 0.00 0.00 0.00 1.00 43.43 1.00 1.98 1.00 0.00 0.00 0.00 0.00
 %idle 93.43 100.00 100.00 99.00 100.00 100.00 100.00 100.00 99.00 0.00 99.00 98.02 99.00 100.00 100.00 100.00 100.00
 %time 1481755197
 %usr 2.38 0.00 0.00 0.00 0.00 0.00 0.00 0.00 0.00 38.38 0.00 0.00 0.00 0.00 0.00 0.00 0.00
 %sys 3.75 0.99 2.00 0.00 0.00 0.00 0.99 0.00 0.00 52.53 1.00 0.99 1.00 0.00 0.99 0.00 0.00
 %idle 93.30 99.01 98.00 100.00 100.00 100.00 99.01 100.00 100.00 0.00 99.00 99.01 99.00 100.00 99.01 100.00 100.00
 %time 1481755198
 %usr 2.57 0.00 0.00 0.00 0.00 0.00 0.00 0.00 0.00 40.00 0.00 0.00 0.00 0.00 0.00 0.00 0.00
 %sys 4.07 1.00 1.00 0.00 1.00 1.00 0.00 0.00 0.99 57.00 1.00 1.00 0.00 0.00 0.00 0.99 0.00
 %idle 93.24 99.00 99.00 100.00 99.00 99.00 100.00 100.00 99.01 0.00 99.00 99.00 100.00 100.00 100.00 99.01 100.00
 %time 1481755199
 %usr 2.32 0.00 0.00 0.00 0.00 0.00 0.00 0.00 0.00 37.00 0.00 0.00 0.00 0.00 0.00 0.00 0.00
 %sys 3.75 2.00 1.00 0.99 0.00 1.00 0.00 0.00 0.00 53.00 1.00 0.00 1.00 0.00 0.00 0.00 1.00
 %idle 93.30 98.00 99.00 99.01 100.00 99.00 100.00 100.00 100.00 0.00 99.00 100.00 99.00 100.00 100.00 100.00 99.00
 %time 1481755200
 %usr 2.63 0.00 0.00 0.00 0.00 0.00 0.00 0.00 0.00 41.00 0.00 0.00 0.00 0.00 0.00 0.00 0.00
 %sys 4.19 1.00 0.00 0.00 0.00 1.00 0.00 0.00 1.98 59.00 1.98 0.99 0.00 0.00 1.00 0.00 1.00
 %idle 93.18 99.00 100.00 100.00 100.00 99.00 100.00 100.00 98.02 0.00 98.02 99.01 100.00 100.00 99.00 100.00 99.00
 %time 1481755201
 %usr 2.82 0.00 0.00 0.00 1.01 0.00 0.00 1.00 0.00 41.00 0.00 1.00 0.00 0.00 0.00 0.00 0.00
 %sys 4.14 1.00 0.00 0.00 0.00 0.00 0.00 1.00 0.00 59.00 1.00 1.00 0.00 0.00 1.00 0.00 1.00
 %idle 91.16 97.00 90.00 100.00 91.92 100.00 100.00 98.00 100.00 0.00 97.00 87.00 100.00 100.00 99.00 100.00 99.00
 %time 1481755202
 %usr 2.31 0.00 0.00 0.00 0.00 0.00 0.00 0.00 0.00 35.00 0.00 0.00 2.00 0.00 0.00 0.00 0.00
 %sys 3.62 0.00 0.00 0.00 0.00 0.00 0.00 0.00 0.00 48.00 1.00 2.00 3.00 0.00 0.00 0.00 0.99
 %idle 92.69 100.00 100.00 100.00 97.98 100.00 100.00 100.00 100.00 0.00 99.00 98.00 93.00 100.00 100.00 100.00 99.01
 %time 1481755203
 %usr 2.44 0.00 0.00 0.00 0.00 0.00 0.00 0.00 0.00 39.00 0.00 0.00 0.00 0.00 0.00 0.00 0.00
 %sys 3.81 1.00 1.00 0.00 0.00 0.00 0.00 0.00 0.99 53.00 1.00 0.00 0.00 0.00 1.00 0.00 0.00
 %idle 93.25 99.00 99.00 100.00 100.00 100.00 100.00 100.00 99.01 0.00 99.00 100.00 100.00 100.00 99.00 100.00 100.00
 %time 1481755205
 %usr 2.38 0.00 0.00 0.00 0.00 0.00 0.00 0.00 0.00 39.00 0.00 0.00 0.00 0.00 0.00 0.00 0.00
 %sys 4.00 0.00 0.00 0.00 0.00 1.00 1.00 0.00 0.00 55.00 2.00 1.98 1.01 0.00 0.00 0.00 0.99
 %idle 93.25 100.00 100.00 100.00 100.00 99.00 99.00 100.00 100.00 0.00 98.00 98.02 98.99 100.00 100.00 100.00 99.01
 %time 1481755206
 %usr 2.56 0.00 0.00 0.00 0.00 0.00 0.00 0.00 0.00 41.58 0.00 0.00 0.00 0.00 0.00 0.00 0.00
 %sys 4.19 1.01 0.99 0.00 0.00 0.00 1.00 0.00 1.98 58.42 2.00 0.00 2.00 0.00 0.00 0.00 1.00
 %idle 93.25 98.99 99.01 100.00 100.00 100.00 99.00 100.00 98.02 0.00 98.00 100.00 98.00 100.00 100.00 100.00 99.00
 %time 1481755208
 %usr 2.25 0.00 0.00 0.00 0.00 0.00 0.00 0.00 0.00 36.00 0.00 0.00 0.00 0.00 0.00 0.00 0.00
 %sys 3.56 0.00 0.00 0.00 0.00 0.00 0.00 0.00 0.00 49.00 2.00 0.99 2.00 0.00 0.00 0.00 1.00
 %idle 93.07 100.00 100.00 100.00 100.00 100.00 100.00 100.00 100.00 0.00 98.00 96.04 98.00 100.00 100.00 100.00 99.00
 %time 1481755209
 %usr 2.50 0.00 0.00 0.00 0.00 0.00 0.00 0.00 0.00 39.60 0.00 0.00 0.00 0.00 0.00 0.00 0.00
 %sys 4.07 1.00 0.00 0.00 0.00 0.00 0.00 0.00 1.00 58.42 2.00 1.00 0.99 0.00 0.00 0.99 0.00
 %idle 93.36 99.00 100.00 100.00 100.00 100.00 100.00 100.00 99.00 0.00 98.00 99.00 99.01 100.00 100.00 99.01 100.00
 %time 1481755210
 %usr 2.57 0.00 0.00 0.00 0.00 0.00 0.00 0.00 0.00 41.00 0.00 0.00 0.00 0.00 0.00 0.00 0.00
 %sys 4.07 1.01 1.00 0.00 0.00 0.00 0.00 0.00 1.00 59.00 1.00 0.99 1.00 0.00 0.00 0.00 1.00
 %idle 93.36 98.99 99.00 100.00 100.00 100.00 100.00 100.00 99.00 0.00 99.00 99.01 99.00 100.00 100.00 100.00 99.00
 %time 1481755212
 %usr 2.56 0.00 0.00 0.00 0.00 0.00 0.00 0.00 0.00 41.00 0.00 0.00 0.00 0.00 0.00 0.00 0.00
 %sys 4.19 2.00 1.00 1.00 0.00 0.00 0.00 1.00 1.00 59.00 1.98 0.00 1.00 0.00 1.00 0.00 1.00
 %idle 93.25 98.00 99.00 99.00 100.00 100.00 100.00 99.00 99.00 0.00 98.02 100.00 99.00 100.00 99.00 100.00 99.00
 %time 1481755213
 %usr 2.57 0.00 0.00 0.00 0.00 0.00 0.00 0.00 0.00 40.59 0.00 0.00 0.00 0.00 0.00 0.00 0.00
 %sys 4.44 2.00 2.00 1.00 0.00 1.00 0.00 0.00 0.00 59.41 1.00 1.00 1.00 0.00 0.00 0.00 0.99
 %idle 92.99 98.00 98.00 99.00 100.00 99.00 100.00 100.00 100.00 0.00 99.00 99.00 99.00 100.00 100.00 100.00 99.01
 %time 1481755214
 %usr 2.50 0.00 0.00 0.00 0.00 0.00 0.00 0.00 0.00 39.60 0.00 0.00 0.00 0.00 0.00 0.00 0.00
 %sys 4.12 1.01 1.00 0.00 0.00 1.00 1.00 0.99 1.00 57.43 1.00 1.00 1.00 0.00 0.00 0.00 0.00
 %idle 93.12 98.99 99.00 100.00 100.00 99.00 99.00 99.01 99.00 0.00 99.00 99.00 99.00 100.00 100.00 100.00 100.00
 %time 1481755215
 %usr 2.57 0.00 0.00 0.00 0.00 0.00 0.00 0.00 0.00 41.00 0.00 0.00 0.00 0.00 0.00 0.00 0.00
 %sys 4.19 1.01 0.00 1.00 0.00 0.00 1.00 0.00 1.00 58.00 1.98 1.00 1.00 0.99 0.00 0.00 1.00
 %idle 93.24 98.99 100.00 99.00 100.00 100.00 99.00 100.00 99.00 0.00 98.02 99.00 99.00 99.01 100.00 100.00 99.00
 %time 1481755218
 %usr 2.56 0.00 0.00 0.00 0.00 0.00 0.00 0.00 0.00 41.00 0.00 0.00 0.00 0.00 0.00 0.00 0.00
 %sys 4.38 1.00 3.00 0.99 1.00 0.00 1.00 0.00 1.00 59.00 1.00 2.00 0.00 0.00 0.00 0.00 0.99
 %idle 93.06 99.00 97.00 99.01 99.00 100.00 99.00 100.00 99.00 0.00 99.00 98.00 100.00 100.00 100.00 100.00 99.01
 %time 1481755219
 %usr 2.44 0.00 0.00 0.00 0.00 0.00 0.00 0.00 0.00 39.00 0.00 0.00 0.00 0.00 0.00 0.00 0.00
 %sys 4.06 1.98 0.00 0.00 1.00 0.00 0.00 1.00 0.99 57.00 1.00 1.00 0.00 0.00 0.00 0.00 0.00
 %idle 93.25 98.02 100.00 100.00 99.00 100.00 100.00 99.00 99.01 0.00 99.00 99.00 100.00 100.00 100.00 100.00 100.00
 %time 1481755220
 %usr 2.62 0.00 0.00 0.00 0.00 0.00 0.00 0.00 0.00 41.41 0.00 0.00 0.00 0.00 0.00 0.00 0.00
 %sys 4.12 1.00 0.00 0.00 1.00 0.00 0.00 1.00 1.00 58.59 0.00 0.00 1.00 0.00 1.00 0.00 1.00
 %idle 93.19 99.00 100.00 100.00 99.00 100.00 100.00 99.00 99.00 0.00 100.00 100.00 99.00 100.00 99.00 100.00 99.00
 %time 1481755221
 %usr 2.63 0.00 0.00 0.00 0.00 0.00 0.00 0.00 0.00 41.58 0.00 0.00 0.00 0.00 0.00 0.00 0.00
 %sys 4.19 0.99 0.00 1.00 1.00 0.99 0.00 0.00 0.00 58.42 1.98 1.00 1.00 0.99 0.00 0.00 0.99
 %idle 93.18 99.01 100.00 99.00 99.00 99.01 100.00 100.00 100.00 0.00 98.02 99.00 99.00 99.01 100.00 100.00 99.01
 %time 1481755222
 %usr 2.62 0.00 0.00 0.00 0.00 0.00 0.00 0.00 0.00 42.00 0.00 0.00 0.00 0.00 0.00 0.00 0.00
 %sys 4.19 1.00 1.01 0.99 0.00 0.00 0.00 0.00 0.99 58.00 1.00 0.99 1.01 0.00 0.00 0.00 0.00
 %idle 93.19 99.00 98.99 99.01 100.00 100.00 100.00 100.00 99.01 0.00 99.00 99.01 98.99 100.00 100.00 100.00 100.00
 %time 1481755225
 %usr 2.38 0.00 0.00 0.00 0.00 0.00 0.00 0.00 0.00 38.00 0.00 0.00 0.00 0.00 0.00 0.00 0.00
 %sys 3.88 1.00 0.00 1.00 0.00 0.00 0.00 0.00 0.99 55.00 1.01 0.00 1.98 0.00 0.00 0.00 1.00
 %idle 93.24 99.00 100.00 99.00 100.00 100.00 100.00 100.00 99.01 0.00 98.99 100.00 98.02 100.00 100.00 100.00 99.00
 %time 1481755227
 %usr 0.00 0.00 0.98 0.00 0.00 0.00 0.00 0.00 0.00 0.00 0.00 0.00 0.00 0.00 0.00 0.00 0.00
 %sys 0.06 0.00 0.98 0.00 0.00 0.00 0.00 0.00 0.00 0.00 0.00 0.00 0.00 0.00 0.00 0.00 0.00
 %idle 93.69 100.00 98.04 100.00 100.00 100.00 100.00 100.00 100.00 0.00 100.00 100.00 100.00 100.00 100.00 100.00 100.00
 %time 1481755228
 %usr 1.69 0.00 0.00 0.00 0.00 0.00 0.00 0.00 0.00 27.00 0.00 0.00 0.00 0.00 0.00 0.00 0.00
 %sys 2.69 1.00 1.00 0.99 0.00 0.00 0.00 0.99 0.99 37.00 0.99 0.99 0.00 0.00 0.00 0.00 0.00
 %idle 93.37 99.00 99.00 99.01 100.00 100.00 100.00 99.01 99.01 0.00 99.01 99.01 100.00 100.00 100.00 100.00 100.00
 %time 1481755229
 %usr 0.19 0.00 0.00 0.00 0.00 0.00 0.00 0.00 0.00 3.00 0.00 0.00 0.00 0.00 0.00 0.00 0.00
 %sys 0.44 1.00 0.00 0.00 0.00 0.00 0.00 0.00 0.00 4.00 0.00 0.00 0.00 0.00 0.00 0.00 0.00
 %idle 93.63 99.00 100.00 100.00 100.00 100.00 100.00 100.00 100.00 0.00 100.00 100.00 100.00 100.00 100.00 100.00 100.00
 %time 1481755230
 %usr 0.94 0.00 0.00 0.00 0.00 0.00 0.00 0.00 0.00 15.84 0.00 0.00 0.00 0.00 0.00 0.00 0.00
 %sys 1.75 1.00 0.99 0.00 0.00 0.00 0.00 0.00 0.00 22.77 0.99 0.99 1.00 1.00 0.00 0.00 1.00
 %idle 93.44 99.00 99.01 100.00 100.00 100.00 100.00 100.00 100.00 0.00 99.01 99.01 99.00 99.00 100.00 100.00 99.00
 %time 1481755231
 %usr 2.44 0.00 0.00 0.00 0.00 0.00 0.00 0.00 0.00 38.61 0.00 0.00 0.00 0.00 0.00 0.00 0.00
 %sys 3.94 1.00 1.01 0.00 0.00 0.00 1.00 0.00 1.98 54.46 1.00 1.98 0.00 0.00 0.00 0.00 0.00
 %idle 93.19 99.00 98.99 100.00 100.00 100.00 99.00 100.00 98.02 0.00 99.00 98.02 100.00 100.00 100.00 100.00 100.00
 %time 1481755232
 %usr 2.31 0.00 0.00 0.00 0.00 0.00 0.00 0.00 0.00 37.00 0.00 0.00 0.00 0.00 0.00 0.00 0.00
 %sys 3.88 1.00 1.00 0.00 0.00 0.00 1.00 1.00 0.00 53.00 1.98 1.01 0.00 0.99 0.00 0.00 1.00
 %idle 93.25 99.00 99.00 100.00 100.00 100.00 99.00 99.00 100.00 0.00 98.02 98.99 100.00 99.01 100.00 100.00 99.00
 %time 1481755234
 %usr 2.57 0.00 0.00 0.00 0.00 0.00 0.00 0.00 0.00 41.00 0.00 0.00 0.00 0.00 0.00 0.00 0.00
 %sys 4.13 1.01 0.99 0.00 0.00 0.00 1.00 1.00 0.00 58.00 1.00 1.98 1.00 0.00 0.00 0.00 0.00
 %idle 93.24 98.99 99.01 100.00 100.00 100.00 99.00 99.00 100.00 0.00 99.00 98.02 99.00 100.00 100.00 100.00 100.00
 %time 1481755235
 %usr 2.44 0.00 0.00 0.00 0.00 0.00 0.00 0.00 0.00 38.78 0.00 0.00 0.00 0.00 0.00 0.00 0.00
 %sys 3.82 1.00 1.01 0.00 0.00 0.00 0.00 0.00 1.00 55.10 1.01 1.01 1.00 0.00 0.00 0.00 1.00
 %idle 93.30 99.00 98.99 100.00 100.00 100.00 100.00 100.00 99.00 0.00 98.99 98.99 99.00 100.00 100.00 100.00 99.00
 %time 1481755236
 %usr 2.44 0.00 0.00 0.00 0.00 0.00 0.00 0.00 0.00 39.22 0.00 0.00 0.00 0.00 0.00 0.00 0.00
 %sys 3.94 1.00 1.00 0.00 0.00 0.00 0.00 0.00 1.00 54.90 1.98 1.01 1.00 0.00 0.00 0.00 0.00
 %idle 93.30 99.00 99.00 100.00 100.00 100.00 100.00 100.00 99.00 0.00 98.02 98.99 99.00 100.00 100.00 100.00 100.00
 %time 1481755237
 %usr 2.57 0.00 0.00 0.00 0.00 0.00 0.00 0.00 0.00 42.00 0.00 0.00 0.00 0.00 0.00 0.00 0.00
 %sys 4.07 1.00 1.00 0.99 0.00 0.00 0.00 0.00 0.00 58.00 2.00 1.00 1.98 0.00 0.00 0.00 0.99
 %idle 93.30 99.00 99.00 99.01 100.00 100.00 100.00 100.00 100.00 0.00 98.00 99.00 98.02 100.00 100.00 100.00 99.01
 %time 1481755238
 %usr 2.56 0.00 0.00 0.00 0.00 0.00 0.00 0.00 0.00 41.18 0.00 0.00 0.00 0.00 0.00 0.00 0.00
 %sys 4.44 1.00 1.00 0.99 0.99 1.00 1.00 0.00 1.00 57.84 2.97 1.00 1.00 1.00 1.00 0.99 1.00
 %idle 93.00 99.00 99.00 99.01 99.01 99.00 99.00 100.00 99.00 0.00 97.03 99.00 99.00 99.00 99.00 99.01 99.00
 %time 1481755239
 %usr 2.63 0.00 0.00 0.00 0.00 0.00 0.00 0.00 0.00 0.00 0.00 41.41 0.00 0.00 0.00 0.00 0.00
 %sys 4.19 0.00 0.00 0.00 0.00 0.00 1.00 0.00 1.00 2.00 1.00 58.59 0.99 0.00 0.00 0.00 0.00
 %idle 93.18 100.00 100.00 100.00 100.00 100.00 99.00 100.00 99.00 98.00 99.00 0.00 99.01 100.00 100.00 100.00 100.00
 %time 1481755240
 %usr 2.63 0.00 0.00 0.00 0.00 0.00 0.00 0.00 0.00 0.00 0.00 41.58 0.00 0.00 0.00 0.00 0.00
 %sys 4.13 0.99 0.00 0.00 0.99 0.00 0.00 0.00 0.99 0.00 2.00 58.42 1.98 0.00 0.00 0.00 0.99
 %idle 93.25 99.01 100.00 100.00 99.01 100.00 100.00 100.00 99.01 100.00 98.00 0.00 98.02 100.00 100.00 100.00 99.01
 %time 1481755241
 %usr 2.50 0.00 0.00 0.00 0.00 0.00 0.00 0.00 0.00 0.00 0.00 40.00 0.00 0.00 0.00 0.00 0.00
 %sys 4.12 0.00 0.00 0.00 0.00 1.00 1.00 0.99 0.00 2.00 1.98 57.00 1.00 1.00 0.00 0.00 1.00
 %idle 93.19 100.00 100.00 100.00 100.00 99.00 99.00 99.01 100.00 98.00 98.02 0.00 99.00 99.00 100.00 100.00 99.00
 %time 1481755243
 %usr 2.12 0.00 0.00 0.00 0.00 0.00 0.00 0.00 0.00 0.00 0.00 33.00 0.00 0.00 0.00 0.00 0.00
 %sys 3.50 1.00 0.00 0.00 0.00 0.00 0.00 0.99 0.00 1.00 1.00 48.00 1.98 0.00 0.00 0.00 0.00
 %idle 93.19 99.00 100.00 100.00 100.00 100.00 100.00 99.01 100.00 99.00 99.00 0.00 98.02 100.00 100.00 100.00 100.00
 %time 1481755244
 %usr 2.63 0.00 0.00 0.00 0.00 0.00 0.00 0.00 0.00 0.00 0.00 41.41 0.00 0.00 0.00 0.00 0.00
 %sys 4.13 0.00 0.99 1.00 0.00 0.00 0.00 0.00 1.00 1.00 2.00 58.59 0.00 0.00 1.00 0.00 0.99
 %idle 93.12 100.00 99.01 99.00 100.00 100.00 100.00 100.00 99.00 97.00 98.00 0.00 100.00 100.00 99.00 100.00 99.01
 %time 1481755246
 %usr 2.57 0.00 0.00 0.00 0.00 0.00 0.00 0.00 0.00 0.00 0.00 41.00 0.00 0.00 0.00 0.00 0.00
 %sys 4.13 0.00 0.00 0.00 0.00 0.00 0.99 0.00 1.00 1.98 1.00 59.00 0.00 0.00 1.00 0.00 1.00
 %idle 93.30 100.00 100.00 100.00 100.00 100.00 99.01 100.00 99.00 98.02 99.00 0.00 100.00 100.00 99.00 100.00 99.00
 %time 1481755247
 %usr 2.63 0.00 0.00 0.00 0.00 0.00 0.00 0.00 0.00 0.00 0.00 42.00 0.00 0.00 0.00 0.00 0.00
 %sys 4.19 1.00 0.99 0.00 0.00 1.00 0.00 1.00 0.00 2.00 1.00 58.00 1.98 0.00 0.00 1.00 0.00
 %idle 93.18 99.00 99.01 100.00 100.00 99.00 100.00 99.00 100.00 98.00 99.00 0.00 98.02 100.00 100.00 99.00 100.00
 %time 1481755248
 %usr 2.38 0.00 0.00 0.00 0.00 0.00 0.00 0.00 0.00 13.86 0.00 24.75 0.00 0.00 0.00 0.00 0.00
 %sys 3.88 0.99 0.00 0.99 0.00 0.00 1.00 0.00 0.00 21.78 1.00 35.64 1.00 0.99 0.00 0.00 1.00
 %idle 93.30 99.01 100.00 99.01 100.00 100.00 99.00 100.00 100.00 64.36 99.00 32.67 99.00 99.01 100.00 100.00 99.00
 %time 1481755249
 %usr 2.38 0.00 0.00 0.00 0.00 0.00 0.00 0.00 0.00 34.65 3.00 0.00 0.00 0.00 0.00 0.00 0.00
 %sys 3.88 1.00 0.00 0.00 1.00 0.00 0.99 0.99 1.00 48.51 6.00 1.00 1.00 0.00 0.00 1.00 1.00
 %idle 93.25 99.00 100.00 100.00 99.00 100.00 99.01 99.01 99.00 7.92 91.00 99.00 99.00 100.00 100.00 99.00 99.00
 %time 1481755250
 %usr 2.19 0.00 0.00 0.00 0.00 0.00 0.00 0.00 0.00 0.00 35.64 0.00 0.00 0.00 0.00 0.00 0.00
 %sys 3.75 1.00 1.00 0.00 0.00 0.00 1.00 0.00 1.00 2.00 50.50 1.00 0.00 0.00 0.99 0.00 0.00
 %idle 93.19 99.00 99.00 100.00 100.00 100.00 99.00 100.00 99.00 98.00 0.00 99.00 100.00 100.00 99.01 100.00 100.00
 %time 1481755251
 %usr 2.56 0.00 0.00 0.00 0.00 0.00 0.00 0.00 0.00 0.00 41.00 0.00 0.00 0.00 0.00 0.00 0.00
 %sys 4.19 1.00 1.00 0.00 0.00 0.00 0.00 0.00 0.00 1.98 58.00 2.00 1.00 0.00 1.00 0.00 0.00
 %idle 93.12 99.00 99.00 100.00 100.00 100.00 100.00 100.00 100.00 98.02 0.00 98.00 99.00 100.00 99.00 100.00 100.00
 %time 1481755255
 %usr 2.31 0.00 0.00 0.00 0.00 0.00 0.00 0.00 0.00 0.00 38.00 0.00 0.00 0.00 0.00 0.00 0.00
 %sys 3.94 2.00 0.00 0.00 0.99 0.00 0.00 0.00 1.00 1.00 52.00 1.01 0.99 0.00 1.00 0.99 0.00
 %idle 93.18 98.00 100.00 100.00 99.01 100.00 100.00 100.00 99.00 99.00 0.00 98.99 99.01 100.00 99.00 99.01 100.00
 %time 1481755256
 %usr 2.62 0.00 0.00 0.00 0.00 0.00 0.00 0.00 0.00 0.00 42.00 0.00 0.00 0.00 0.00 0.00 0.00
 %sys 4.25 1.98 1.00 0.00 1.00 0.00 0.00 0.00 1.00 1.00 58.00 1.00 0.99 0.99 0.00 0.00 1.00
 %idle 93.12 98.02 99.00 100.00 99.00 100.00 100.00 100.00 99.00 99.00 0.00 99.00 99.01 99.01 100.00 100.00 99.00
 %time 1481755257
 %usr 2.57 0.00 0.00 0.00 0.00 0.00 0.00 0.00 0.00 0.00 41.41 0.00 0.00 0.00 0.00 0.00 0.00
 %sys 4.19 1.98 0.00 0.99 0.00 0.00 1.00 1.00 0.00 1.00 58.59 1.00 1.00 0.00 0.00 0.00 0.99
 %idle 93.24 98.02 100.00 99.01 100.00 100.00 99.00 99.00 100.00 99.00 0.00 99.00 99.00 100.00 100.00 100.00 99.01
 %time 1481755259
 %usr 2.57 0.00 0.00 0.00 0.00 0.00 0.00 0.00 0.00 0.00 41.58 0.00 0.00 0.00 0.00 0.00 0.00
 %sys 4.19 2.00 0.00 0.00 0.00 0.00 0.00 0.00 1.00 1.01 58.42 1.00 2.00 0.00 0.00 0.00 0.00
 %idle 93.24 98.00 100.00 100.00 100.00 100.00 100.00 100.00 99.00 98.99 0.00 99.00 98.00 100.00 100.00 100.00 100.00
 %time 1481755260
 %usr 2.44 0.00 0.00 0.00 0.00 0.00 0.00 0.00 0.00 0.00 38.00 0.00 0.00 0.00 0.00 0.00 0.00
 %sys 3.87 1.00 0.00 0.00 0.00 0.00 0.00 0.99 0.00 1.00 54.00 1.00 0.00 1.00 0.00 0.00 0.99
 %idle 93.19 99.00 100.00 100.00 100.00 100.00 100.00 99.01 100.00 99.00 0.00 99.00 100.00 99.00 100.00 100.00 99.01
 %time 1481755262
 %usr 0.25 0.00 0.00 0.00 0.00 0.00 0.00 0.00 0.00 0.00 0.00 0.00 4.04 0.00 0.00 0.00 0.00
 %sys 0.56 1.00 0.99 0.00 0.00 0.00 0.99 0.00 0.00 0.00 0.00 0.00 7.07 0.00 0.00 0.00 0.00
 %idle 93.68 99.00 99.01 100.00 100.00 100.00 99.01 100.00 100.00 100.00 100.00 100.00 0.00 100.00 100.00 100.00 100.00
 %time 1481755263
 %usr 0.50 0.00 0.00 0.00 0.00 0.00 0.00 0.00 0.00 0.00 8.08 0.00 0.00 0.00 0.00 0.00 0.00
 %sys 1.00 1.00 0.00 0.00 0.00 0.00 0.00 0.00 0.00 0.00 11.11 1.00 0.00 0.00 0.99 0.99 0.00
 %idle 93.43 99.00 100.00 100.00 100.00 100.00 100.00 100.00 100.00 100.00 73.74 99.00 26.26 100.00 99.01 99.01 100.00
 %time 1481755264
 %usr 0.37 0.00 0.00 0.00 0.00 0.00 0.00 0.00 0.00 0.00 5.00 0.00 0.00 0.00 0.00 0.00 0.00
 %sys 0.62 0.99 0.00 0.00 0.00 0.00 0.00 1.00 0.00 0.00 7.00 0.99 0.00 0.00 0.00 0.00 0.00
 %idle 93.51 99.01 100.00 100.00 100.00 100.00 100.00 99.00 100.00 100.00 0.00 99.01 100.00 100.00 100.00 100.00 100.00
 %time 1481755265
 %usr 0.12 0.00 0.00 0.00 0.00 0.00 0.00 0.00 0.00 0.00 2.97 0.00 0.00 0.00 0.00 0.00 0.00
 %sys 0.44 1.00 0.00 0.00 0.00 0.00 0.00 0.00 0.00 1.00 4.95 0.00 0.00 0.99 0.00 0.00 0.00
 %idle 93.63 99.00 100.00 100.00 100.00 100.00 100.00 100.00 100.00 99.00 0.00 100.00 100.00 99.01 100.00 100.00 100.00
 %time 1481755266
 %usr 2.25 0.00 0.00 0.00 0.00 0.00 0.00 0.00 0.00 0.00 36.36 0.00 0.00 0.00 0.00 0.00 0.00
 %sys 3.94 1.98 0.99 0.00 0.00 1.00 0.00 1.00 0.00 1.01 53.54 1.00 1.00 0.00 0.00 1.00 0.99
 %idle 93.19 98.02 99.01 100.00 100.00 99.00 100.00 99.00 100.00 98.99 0.00 99.00 99.00 100.00 100.00 99.00 99.01
 %time 1481755267
 %usr 2.31 0.00 0.00 0.00 0.00 0.00 0.00 0.00 0.00 0.00 36.63 0.00 0.00 0.00 0.00 0.00 0.00
 %sys 3.94 1.00 1.98 1.00 0.00 0.00 1.98 0.00 0.00 1.98 52.48 1.98 0.00 0.00 0.00 0.00 0.00
 %idle 93.12 99.00 98.02 99.00 100.00 100.00 98.02 100.00 100.00 98.02 0.00 98.02 100.00 100.00 100.00 100.00 100.00
 %time 1481755269
 %usr 2.31 0.00 0.00 0.00 0.00 0.00 0.00 0.00 0.00 0.00 36.00 0.00 0.00 0.00 0.00 0.00 0.00
 %sys 3.75 1.00 0.00 0.00 0.00 0.00 0.00 0.00 0.00 0.00 52.00 1.00 0.00 0.00 0.00 1.00 0.99
 %idle 93.19 99.00 100.00 100.00 100.00 100.00 100.00 100.00 100.00 100.00 0.00 99.00 100.00 100.00 100.00 99.00 99.01
 %time 1481755270
 %usr 2.63 0.00 0.00 0.00 0.00 0.00 0.00 0.00 0.00 0.00 41.41 0.00 0.00 0.00 0.00 0.00 0.00
 %sys 4.13 1.00 0.00 0.99 0.00 0.00 0.00 0.00 1.00 1.00 58.59 0.00 1.00 0.00 0.00 1.00 0.00
 %idle 93.24 99.00 100.00 99.01 100.00 100.00 100.00 100.00 99.00 99.00 0.00 100.00 99.00 100.00 100.00 99.00 100.00
 %time 1481755271
 %usr 2.50 0.00 0.99 0.00 0.00 0.00 0.00 0.00 0.00 0.00 39.39 0.00 0.00 0.00 0.00 0.00 0.00
 %sys 4.18 1.00 0.99 0.00 0.00 1.00 1.00 1.98 1.00 2.00 56.57 0.99 1.00 0.00 0.00 0.99 1.00
 %idle 93.07 99.00 98.02 100.00 100.00 99.00 99.00 98.02 99.00 98.00 0.00 99.01 99.00 100.00 100.00 99.01 99.00
 %time 1481755272
 %usr 2.56 0.00 0.00 0.00 0.00 0.00 0.00 0.00 0.00 0.00 40.40 0.00 0.00 0.00 0.00 0.00 0.00
 %sys 4.31 1.00 0.00 0.00 0.00 0.00 0.00 1.00 0.00 2.00 59.60 1.00 1.98 0.00 0.00 0.99 0.00
 %idle 93.12 99.00 100.00 100.00 100.00 100.00 100.00 99.00 100.00 98.00 0.00 99.00 98.02 100.00 100.00 99.01 100.00
 %time 1481755274
 %usr 2.50 0.00 0.00 0.00 0.00 0.00 0.00 0.00 0.00 40.40 0.00 0.00 0.00 0.00 0.00 0.00 0.00
 %sys 4.13 1.00 1.00 0.00 1.00 1.00 0.00 0.00 1.00 57.58 1.01 1.98 0.00 0.00 0.00 0.00 0.99
 %idle 93.18 99.00 99.00 100.00 99.00 99.00 100.00 100.00 99.00 0.00 98.99 98.02 100.00 100.00 100.00 100.00 99.01
 %time 1481755275
 %usr 2.44 0.00 0.00 0.00 0.00 0.00 0.00 0.00 0.00 38.00 0.00 0.00 0.00 0.00 0.00 0.00 0.00
 %sys 3.88 0.00 0.00 0.00 0.00 1.00 0.00 0.99 1.00 55.00 1.01 1.00 1.98 0.00 0.00 0.00 0.00
 %idle 93.25 100.00 100.00 100.00 100.00 99.00 100.00 99.01 99.00 0.00 98.99 99.00 98.02 100.00 100.00 100.00 100.00
 %time 1481755276
 %usr 2.38 0.00 0.00 0.00 0.00 0.00 0.00 0.00 0.00 37.37 0.00 0.00 0.00 0.00 0.00 0.00 0.00
 %sys 3.81 1.00 0.00 1.00 0.00 0.00 0.00 0.00 0.00 53.54 2.97 0.00 1.00 0.00 0.00 0.99 1.00
 %idle 93.25 99.00 100.00 99.00 100.00 100.00 100.00 100.00 100.00 0.00 97.03 100.00 99.00 100.00 100.00 99.01 99.00
 %time 1481755278
 %usr 2.57 0.00 0.00 0.00 0.00 0.00 0.00 0.00 0.00 41.00 0.00 0.00 0.00 0.00 0.00 0.00 0.00
 %sys 4.19 1.00 0.00 0.00 0.00 0.00 1.00 0.00 0.00 59.00 2.00 2.00 1.00 0.00 0.00 0.00 1.00
 %idle 93.24 99.00 100.00 100.00 100.00 100.00 99.00 100.00 100.00 0.00 98.00 98.00 99.00 100.00 100.00 100.00 99.00
 %time 1481755279
 %usr 2.50 0.00 0.00 0.00 0.00 0.00 0.00 0.00 0.00 40.00 0.00 0.00 0.00 0.00 0.00 0.00 0.00
 %sys 4.13 2.00 0.00 0.99 0.00 0.00 1.00 0.00 0.00 59.00 1.01 2.00 0.00 0.00 0.00 1.01 0.00
 %idle 93.30 98.00 100.00 99.01 100.00 100.00 99.00 100.00 100.00 0.00 98.99 98.00 100.00 100.00 100.00 98.99 100.00
 %time 1481755280
 %usr 2.57 0.00 0.00 0.00 0.00 0.00 0.00 0.00 0.00 41.00 0.00 0.00 0.00 0.00 0.00 0.00 0.00
 %sys 4.07 0.00 0.00 0.00 0.00 0.00 0.00 1.00 0.00 59.00 1.00 1.00 1.00 0.00 0.00 1.00 0.00
 %idle 93.36 100.00 100.00 100.00 100.00 100.00 100.00 99.00 100.00 0.00 99.00 99.00 99.00 100.00 100.00 99.00 100.00
 %time 1481755281
 %usr 2.56 0.00 0.00 0.00 0.00 0.00 0.00 0.00 0.00 41.00 0.00 0.00 0.00 0.00 0.00 0.00 0.00
 %sys 4.25 1.00 1.01 0.00 0.00 0.00 1.00 1.00 0.00 59.00 2.00 3.00 0.00 0.00 0.00 0.00 1.00
 %idle 93.18 99.00 98.99 100.00 100.00 100.00 99.00 99.00 100.00 0.00 98.00 97.00 100.00 100.00 100.00 100.00 99.00
 %time 1481755283
 %usr 2.56 0.00 0.00 0.00 0.00 0.00 0.00 0.00 0.00 40.59 0.00 0.00 0.00 0.00 0.00 0.00 0.00
 %sys 4.25 1.00 1.00 0.00 0.00 0.00 0.00 0.00 0.00 59.41 1.98 0.00 1.00 0.00 0.00 2.00 0.00
 %idle 93.19 99.00 99.00 100.00 100.00 100.00 100.00 100.00 100.00 0.00 98.02 100.00 99.00 100.00 100.00 98.00 100.00
 %time 1481755284
 %usr 2.50 0.00 0.00 0.00 0.00 0.00 0.00 0.00 0.00 39.60 0.00 0.00 0.00 0.00 0.00 0.00 0.00
 %sys 4.07 0.00 0.00 0.99 0.00 0.99 0.00 0.00 0.00 57.43 1.98 0.00 1.98 0.00 0.00 1.00 0.99
 %idle 93.25 100.00 100.00 99.01 100.00 99.01 100.00 100.00 100.00 0.00 98.02 100.00 98.02 100.00 100.00 99.00 99.01
 %time 1481755285
 %usr 2.57 0.00 0.00 1.00 0.00 0.00 0.00 0.00 0.00 41.58 0.00 0.00 0.00 0.00 0.00 0.00 0.00
 %sys 4.13 0.99 0.00 0.00 0.00 0.00 0.00 1.00 0.00 58.42 1.00 1.00 0.00 0.00 0.00 1.00 0.00
 %idle 93.30 99.01 100.00 99.00 100.00 100.00 100.00 99.00 100.00 0.00 99.00 99.00 100.00 100.00 100.00 99.00 100.00
 %time 1481755286
 %usr 2.44 0.00 0.00 0.00 0.00 0.00 0.00 0.00 0.00 38.38 0.00 0.00 0.00 0.00 0.00 0.00 0.00
 %sys 4.07 1.00 0.00 0.00 0.00 0.00 1.00 0.00 0.00 57.58 1.98 1.00 0.00 0.00 1.00 1.01 0.99
 %idle 93.24 99.00 100.00 100.00 100.00 100.00 99.00 100.00 100.00 0.00 98.02 99.00 100.00 100.00 99.00 98.99 99.01
 %time 1481755287
 %usr 2.57 0.00 0.00 0.00 0.00 0.00 0.00 0.00 0.00 41.41 0.00 0.00 0.00 0.00 0.00 0.00 0.00
 %sys 4.38 1.00 0.99 0.00 1.00 0.00 1.00 1.00 0.00 58.59 2.02 1.00 1.00 0.00 1.00 2.02 0.00
 %idle 93.05 99.00 99.01 100.00 99.00 100.00 99.00 99.00 100.00 0.00 97.98 99.00 99.00 100.00 99.00 97.98 100.00
 %time 1481755288
 %usr 2.38 0.00 0.00 0.00 0.00 0.00 0.00 0.00 0.00 38.00 0.00 0.00 0.00 0.00 0.00 0.00 0.00
 %sys 4.00 2.00 1.01 1.00 0.99 0.99 0.00 0.00 1.00 55.00 0.00 0.99 1.00 0.00 0.00 0.00 1.00
 %idle 93.18 98.00 98.99 99.00 99.01 99.01 100.00 100.00 99.00 0.00 100.00 99.01 99.00 100.00 100.00 100.00 99.00
 %time 1481755289
 %usr 2.50 0.00 0.00 0.00 0.00 0.00 0.00 0.00 0.00 40.40 0.00 0.00 0.00 0.00 0.00 0.00 0.00
 %sys 4.07 1.01 0.00 0.99 1.01 0.00 0.00 0.00 0.00 57.58 1.01 0.00 0.99 0.00 0.99 0.00 0.99
 %idle 93.25 98.99 100.00 99.01 98.99 100.00 100.00 100.00 100.00 0.00 98.99 100.00 99.01 100.00 99.01 100.00 99.01
 %time 1481755291
 %usr 2.44 0.00 0.00 0.00 0.00 0.00 0.00 0.00 0.00 38.38 0.00 0.00 0.00 0.00 0.00 0.00 0.00
 %sys 4.25 2.00 1.00 1.00 1.00 0.00 1.00 0.00 0.00 57.58 2.00 0.00 0.00 0.00 1.00 0.99 0.00
 %idle 93.07 98.00 99.00 99.00 99.00 100.00 99.00 100.00 100.00 0.00 98.00 100.00 100.00 100.00 99.00 99.01 100.00
 %time 1481755292
 %usr 2.38 0.00 0.00 0.00 0.00 0.00 0.00 0.00 0.00 38.38 0.00 0.00 0.00 0.99 0.00 0.00 0.00
 %sys 4.12 1.02 1.00 0.00 0.00 0.00 1.00 0.00 0.00 56.57 1.00 0.00 0.00 0.99 0.00 0.00 1.00
 %idle 93.19 98.98 99.00 100.00 100.00 100.00 99.00 100.00 100.00 0.00 99.00 100.00 100.00 98.02 100.00 100.00 99.00
 %time 1481755293
 %usr 2.25 0.00 0.00 0.00 0.00 0.00 0.00 0.00 0.00 35.00 0.00 0.00 0.00 0.00 0.00 0.00 0.00
 %sys 3.81 1.01 1.00 0.00 1.98 0.00 0.00 0.00 0.99 54.00 1.98 1.00 0.00 0.00 0.00 0.00 1.00
 %idle 93.25 98.99 99.00 100.00 98.02 100.00 100.00 100.00 99.01 0.00 98.02 99.00 100.00 100.00 100.00 100.00 99.00
 %time 1481755294
 %usr 2.50 0.00 0.00 0.00 0.00 0.00 0.00 0.00 0.00 39.00 0.00 0.00 0.00 0.00 0.00 0.00 0.00
 %sys 4.01 1.01 1.00 1.98 1.00 0.00 0.00 0.00 0.00 57.00 1.00 2.00 0.00 0.00 0.00 0.00 0.00
 %idle 93.24 98.99 99.00 98.02 99.00 100.00 100.00 100.00 100.00 0.00 99.00 98.00 100.00 100.00 100.00 100.00 100.00
 %time 1481755295
 %usr 2.50 0.00 0.00 0.00 0.00 0.00 0.00 0.00 0.00 0.00 0.00 0.00 40.00 0.00 0.00 0.00 0.00
 %sys 4.19 2.00 2.00 1.00 0.00 0.00 1.00 0.00 0.00 1.00 0.99 0.00 58.00 0.00 0.00 0.00 0.00
 %idle 93.18 98.00 98.00 99.00 100.00 100.00 99.00 100.00 100.00 99.00 99.01 100.00 0.00 100.00 100.00 100.00 100.00
 %time 1481755296
 %usr 1.00 0.00 0.00 0.00 0.00 0.00 0.00 0.00 0.00 0.00 0.00 0.00 16.83 0.00 0.00 0.00 0.00
 %sys 1.75 1.00 1.00 0.00 0.00 0.00 0.00 0.00 0.00 0.00 0.00 0.00 24.75 0.00 0.00 0.00 0.00
 %idle 93.56 99.00 99.00 100.00 100.00 100.00 100.00 100.00 100.00 100.00 100.00 100.00 0.00 100.00 100.00 100.00 100.00
 %time 1481755297
 %usr 0.19 0.00 0.00 0.00 0.00 0.00 0.00 0.00 0.00 0.00 0.00 0.00 3.00 0.00 0.00 0.00 0.00
 %sys 0.37 0.00 0.00 0.00 0.00 0.00 0.00 0.00 0.00 0.00 0.00 0.00 4.00 0.00 0.00 0.00 0.99
 %idle 93.63 100.00 100.00 100.00 100.00 100.00 100.00 100.00 100.00 100.00 100.00 100.00 0.00 100.00 100.00 100.00 99.01
 %time 1481755299
 %usr 0.19 0.00 0.00 0.00 0.00 0.00 0.00 0.00 0.00 0.00 0.00 0.00 3.00 0.00 0.00 0.00 0.00
 %sys 0.37 0.99 0.00 0.00 0.00 0.00 0.00 0.00 0.00 0.00 0.00 0.99 4.00 0.00 0.00 0.00 0.00
 %idle 93.63 99.01 100.00 100.00 100.00 100.00 100.00 100.00 100.00 100.00 100.00 99.01 0.00 100.00 100.00 100.00 100.00
 %time 1481755300
 %usr 1.19 0.00 0.00 0.00 0.00 0.00 0.00 0.00 0.00 0.00 0.00 0.00 18.18 0.00 0.00 0.00 0.00
 %sys 2.12 1.00 1.00 1.00 0.00 0.00 0.00 0.00 0.99 0.00 0.00 0.99 27.27 0.00 0.00 0.00 0.00
 %idle 93.32 99.00 99.00 99.00 100.00 100.00 100.00 100.00 99.01 100.00 100.00 99.01 0.00 100.00 100.00 100.00 100.00
 %time 1481755302
 %usr 2.25 0.00 0.00 0.00 0.00 0.00 0.00 0.00 0.00 0.00 0.00 0.00 35.35 0.00 0.00 0.00 0.00
 %sys 3.81 2.00 2.02 1.98 0.00 0.99 0.00 0.00 1.00 1.00 0.99 0.00 51.52 0.00 0.00 0.99 1.00
 %idle 93.12 98.00 97.98 98.02 100.00 99.01 100.00 100.00 99.00 99.00 99.01 100.00 0.00 100.00 100.00 99.01 99.00
 %time 1481755305
 %usr 2.44 0.00 0.00 0.00 0.00 0.00 0.00 0.00 0.00 0.00 0.00 0.00 39.60 0.00 0.00 0.00 0.00
 %sys 4.07 2.00 1.01 0.99 1.00 0.00 0.00 0.00 0.00 0.99 1.00 0.00 56.44 0.00 0.00 0.00 0.00
 %idle 93.25 98.00 98.99 99.01 99.00 100.00 100.00 100.00 100.00 99.01 99.00 100.00 0.00 100.00 100.00 100.00 100.00
 %time 1481755306
 %usr 2.06 0.00 0.00 0.00 0.00 0.00 0.00 0.00 0.00 0.00 0.00 0.00 32.00 0.00 0.00 0.00 0.00
 %sys 3.38 0.99 1.98 1.00 0.00 0.00 1.00 0.00 0.00 1.01 0.00 1.00 47.00 0.00 0.00 1.00 0.00
 %idle 93.18 99.01 98.02 99.00 100.00 100.00 99.00 100.00 100.00 97.98 100.00 99.00 0.00 100.00 100.00 99.00 100.00
 %time 1481755307
 %usr 2.19 0.00 0.00 0.00 0.00 0.00 0.00 0.00 0.00 35.64 0.00 0.00 0.00 0.00 0.00 0.00 0.00
 %sys 3.75 3.00 1.00 0.00 0.00 0.99 1.00 0.00 0.00 51.49 1.00 0.00 0.00 0.00 0.00 0.00 0.00
 %idle 93.18 97.00 99.00 100.00 100.00 99.01 99.00 100.00 100.00 0.00 99.00 100.00 100.00 100.00 100.00 100.00 100.00
 %time 1481755309
 %usr 2.63 0.00 0.00 0.00 0.00 0.00 0.00 0.00 0.00 0.00 41.00 0.00 0.00 0.00 0.00 0.00 0.00
 %sys 4.13 1.01 1.01 0.00 0.99 1.00 1.00 0.00 0.00 0.00 59.00 0.00 1.00 0.00 0.00 1.00 0.99
 %idle 93.24 98.99 98.99 100.00 99.01 99.00 99.00 100.00 100.00 100.00 0.00 100.00 99.00 100.00 100.00 99.00 99.01
 %time 1481755310
 %usr 2.31 0.00 0.00 0.00 0.00 0.00 0.00 0.00 0.00 0.00 36.00 0.00 0.00 0.00 0.00 0.00 0.00
 %sys 3.81 2.00 0.00 1.00 1.00 0.00 1.00 0.00 0.00 1.00 53.00 1.00 0.00 0.00 0.00 1.00 0.00
 %idle 93.18 98.00 100.00 99.00 99.00 100.00 99.00 100.00 100.00 99.00 0.00 99.00 100.00 100.00 100.00 99.00 100.00
 %time 1481755311
 %usr 2.57 0.00 0.00 0.00 0.00 0.00 0.00 0.00 0.00 41.00 0.00 0.00 0.00 0.00 0.00 0.00 0.00
 %sys 4.07 1.00 0.00 1.01 0.00 0.00 0.00 1.00 0.00 59.00 1.00 0.99 1.00 0.00 0.00 0.99 0.00
 %idle 93.36 99.00 100.00 98.99 100.00 100.00 100.00 99.00 100.00 0.00 99.00 99.01 99.00 100.00 100.00 99.01 100.00
 %time 1481755314
 %usr 2.32 0.00 0.00 0.00 0.00 0.00 0.00 0.00 0.00 36.63 0.00 0.00 0.00 0.00 0.00 0.00 0.00
 %sys 3.63 1.00 1.00 0.00 0.00 0.00 1.00 0.00 0.99 51.49 1.00 1.00 0.99 0.00 0.00 0.00 1.00
 %idle 93.30 99.00 99.00 100.00 100.00 100.00 99.00 100.00 99.01 0.00 99.00 99.00 99.01 100.00 100.00 100.00 99.00
 %time 1481755315
 %usr 2.50 0.00 0.00 0.00 0.00 0.00 0.00 0.00 0.00 40.00 0.00 0.00 0.00 0.00 0.00 0.00 0.00
 %sys 4.19 1.01 0.00 0.99 1.00 0.00 1.00 0.99 0.00 59.00 1.00 0.00 1.00 0.00 1.00 0.00 0.00
 %idle 93.24 98.99 100.00 99.01 99.00 100.00 99.00 99.01 100.00 0.00 99.00 100.00 99.00 100.00 99.00 100.00 100.00
 %time 1481755316
 %usr 2.44 0.00 0.00 0.00 0.00 0.00 0.00 0.00 0.00 39.39 0.00 0.00 0.00 0.00 0.00 0.00 0.00
 %sys 4.38 1.98 0.99 0.99 0.00 0.00 1.00 0.00 1.00 58.59 1.00 1.01 1.00 0.00 0.00 0.00 0.99
 %idle 93.06 98.02 99.01 99.01 100.00 100.00 99.00 100.00 99.00 0.00 99.00 98.99 99.00 100.00 100.00 100.00 98.02
 %time 1481755317
 %usr 2.63 0.00 0.00 0.00 0.00 0.00 0.00 0.00 0.00 42.00 0.00 0.00 0.00 0.00 0.00 0.00 0.00
 %sys 4.07 1.01 1.00 1.00 0.00 0.00 1.00 0.00 1.00 58.00 1.01 0.99 0.00 0.00 1.00 0.00 0.00
 %idle 93.30 98.99 99.00 99.00 100.00 100.00 99.00 100.00 99.00 0.00 98.99 99.01 100.00 100.00 99.00 100.00 100.00
 %time 1481755318
 %usr 2.57 0.00 0.00 0.00 0.00 0.00 0.00 0.00 0.00 40.40 0.00 0.00 0.00 0.00 0.00 0.00 0.00
 %sys 4.26 1.00 1.00 0.00 0.00 0.00 1.00 0.00 1.00 59.60 1.00 0.00 2.00 0.00 0.00 0.00 1.00
 %idle 93.18 99.00 99.00 100.00 100.00 100.00 99.00 100.00 99.00 0.00 99.00 100.00 98.00 100.00 100.00 100.00 99.00
 %time 1481755320
 %usr 2.50 0.00 0.00 0.00 0.00 0.00 0.00 0.00 0.00 41.00 0.00 0.00 0.00 0.00 0.00 0.00 0.00
 %sys 4.26 1.00 1.00 0.99 1.00 0.00 1.00 0.00 0.00 59.00 1.00 0.00 1.98 0.00 0.00 0.00 0.00
 %idle 93.24 99.00 99.00 99.01 99.00 100.00 99.00 100.00 100.00 0.00 99.00 100.00 98.02 100.00 100.00 100.00 100.00
 %time 1481755321
 %usr 2.44 0.00 0.00 0.00 0.00 0.00 0.00 0.00 0.00 38.61 0.00 0.00 0.00 0.00 0.00 0.00 0.00
 %sys 4.13 1.01 1.00 0.99 0.00 0.00 1.00 0.00 1.00 57.43 2.00 2.00 0.00 0.00 0.00 0.00 0.99
 %idle 93.18 98.99 99.00 99.01 100.00 100.00 99.00 100.00 99.00 0.00 98.00 98.00 100.00 100.00 100.00 100.00 99.01
 %time 1481755322
 %usr 2.63 0.00 0.00 0.00 0.00 0.00 0.00 0.00 0.00 42.00 0.00 0.00 0.00 0.00 0.00 0.00 0.00
 %sys 4.25 2.00 0.99 1.00 1.01 0.00 1.00 0.00 1.00 58.00 2.97 0.00 1.00 0.00 0.00 0.00 0.00
 %idle 93.12 98.00 99.01 99.00 98.99 100.00 99.00 100.00 99.00 0.00 97.03 100.00 99.00 100.00 100.00 100.00 100.00
 %time 1481755323
 %usr 2.51 0.00 0.00 0.00 0.00 0.00 0.00 0.00 0.00 40.40 0.00 0.00 0.00 0.00 0.00 0.00 0.00
 %sys 4.07 2.00 0.00 2.02 0.99 0.00 0.00 0.00 0.00 57.58 1.01 1.00 1.00 0.00 0.00 0.00 1.00
 %idle 93.30 98.00 100.00 97.98 99.01 100.00 100.00 100.00 100.00 0.00 98.99 99.00 99.00 100.00 100.00 100.00 99.00
 %time 1481755324
 %usr 2.57 0.00 0.00 0.00 0.00 0.00 0.00 0.00 0.00 40.59 0.00 0.00 0.00 0.00 0.00 0.00 0.00
 %sys 4.26 1.00 1.00 0.00 0.00 0.00 1.00 1.00 0.00 59.41 1.00 1.00 1.00 0.00 0.00 0.00 0.00
 %idle 93.18 99.00 99.00 100.00 100.00 100.00 99.00 99.00 100.00 0.00 99.00 99.00 99.00 100.00 100.00 100.00 100.00
 %time 1481755325
 %usr 2.38 0.00 0.00 0.00 0.00 0.00 0.00 0.00 0.00 37.62 0.00 0.00 0.00 0.00 0.00 0.00 0.00
 %sys 3.88 1.00 1.00 1.00 0.00 0.99 0.99 0.00 0.00 52.48 2.00 1.00 1.01 0.00 0.00 0.00 1.00
 %idle 93.19 99.00 99.00 99.00 100.00 99.01 99.01 100.00 100.00 0.00 98.00 99.00 98.99 100.00 100.00 100.00 99.00
 %time 1481755326
 %usr 2.44 0.00 0.00 0.00 0.00 0.00 0.00 0.00 0.00 39.39 0.00 0.00 0.00 0.00 0.00 0.00 0.00
 %sys 4.07 1.00 1.01 0.00 0.00 0.00 0.00 1.00 1.00 57.58 2.00 1.01 0.00 0.00 0.00 0.00 0.00
 %idle 93.24 99.00 98.99 100.00 100.00 100.00 100.00 99.00 99.00 0.00 98.00 98.99 100.00 100.00 100.00 100.00 100.00
 %time 1481755328
 %usr 2.57 0.00 0.00 0.00 0.00 0.00 0.00 0.00 0.00 40.40 0.00 0.00 0.00 0.00 0.00 0.00 0.00
 %sys 4.19 1.00 1.01 0.99 0.99 0.99 0.00 1.00 1.00 58.59 2.02 1.00 1.98 0.00 0.00 0.00 1.00
 %idle 93.18 99.00 98.99 99.01 99.01 99.01 100.00 99.00 99.00 0.00 97.98 99.00 98.02 100.00 100.00 100.00 99.00
 %time 1481755329
 %usr 2.31 0.00 0.00 0.00 0.00 0.00 0.00 0.00 0.00 3.00 33.66 0.00 0.00 0.00 0.00 0.00 0.00
 %sys 3.94 1.00 1.00 1.00 1.00 0.00 0.00 0.00 0.00 6.00 49.50 0.99 1.00 0.00 0.00 0.00 0.00
 %idle 93.19 99.00 99.00 99.00 99.00 100.00 100.00 100.00 100.00 83.00 15.84 99.01 99.00 100.00 100.00 100.00 100.00
 %time 1481755330
 %usr 2.25 0.00 0.00 0.00 0.00 0.00 0.00 0.00 0.00 35.00 0.00 0.00 0.00 0.00 0.00 0.00 0.00
 %sys 3.50 0.00 1.98 0.99 0.00 0.00 0.00 0.00 0.00 48.00 1.01 1.00 2.00 0.00 0.00 0.00 0.00
 %idle 93.24 100.00 98.02 99.01 100.00 100.00 100.00 100.00 100.00 0.00 98.99 99.00 98.00 100.00 100.00 100.00 100.00
 %time 1481755331
 %usr 2.13 0.00 0.00 0.00 0.00 0.00 0.00 0.00 0.00 34.34 0.00 0.00 0.00 0.00 0.00 0.00 0.00
 %sys 3.38 1.00 0.00 1.00 1.00 0.00 0.00 0.00 0.99 46.46 1.01 0.99 1.98 0.00 0.00 0.00 0.00
 %idle 93.25 99.00 100.00 99.00 99.00 100.00 100.00 100.00 99.01 0.00 98.99 99.01 98.02 100.00 100.00 100.00 100.00
 %time 1481755332
 %usr 0.19 0.00 0.00 0.00 0.00 0.00 0.00 0.00 0.00 0.00 2.02 0.00 0.00 0.00 0.00 0.00 0.00
 %sys 0.31 0.99 0.00 0.99 0.00 0.00 0.00 0.00 0.00 0.00 4.04 0.00 0.00 0.00 0.00 0.00 0.99
 %idle 93.69 99.01 100.00 99.01 100.00 100.00 100.00 100.00 100.00 84.00 15.15 100.00 100.00 100.00 100.00 100.00 99.01
 %time 1481755333
 %usr 0.56 0.00 0.00 0.00 0.00 0.00 0.00 0.00 0.00 0.00 9.00 0.00 0.00 0.00 0.00 0.00 0.00
 %sys 0.94 0.99 0.00 1.00 0.00 0.00 0.00 0.00 0.00 0.00 13.00 0.00 0.99 0.00 0.00 0.00 0.00
 %idle 93.57 99.01 100.00 99.00 100.00 100.00 100.00 100.00 100.00 100.00 0.00 100.00 99.01 100.00 100.00 100.00 100.00
 %time 1481755334
 %usr 0.38 0.00 0.00 0.00 0.00 0.00 0.00 0.00 0.00 0.00 5.00 0.00 0.00 0.00 0.00 0.00 0.00
 %sys 0.62 0.00 0.00 0.00 0.00 0.99 0.99 0.00 0.00 0.00 8.00 0.00 1.00 0.00 0.00 0.00 0.00
 %idle 93.62 100.00 100.00 100.00 100.00 99.01 99.01 100.00 100.00 100.00 0.00 100.00 99.00 100.00 100.00 100.00 100.00
 %time 1481755335
 %usr 0.81 0.00 0.00 0.00 0.00 0.00 0.00 0.00 0.00 0.00 12.87 0.00 0.00 0.00 0.00 0.00 0.00
 %sys 1.31 1.00 0.00 0.00 0.00 0.00 0.00 0.00 0.99 0.00 17.82 0.00 0.00 0.00 0.00 0.00 0.00
 %idle 93.56 99.00 100.00 100.00 100.00 100.00 100.00 100.00 99.01 100.00 0.00 100.00 100.00 100.00 100.00 100.00 100.00
 %time 1481755337
 %usr 2.06 0.00 0.00 0.00 0.00 0.00 0.00 0.00 0.00 33.00 0.00 0.00 0.00 0.00 0.00 0.00 0.00
 %sys 3.63 1.01 1.00 1.00 0.00 1.00 1.00 0.00 0.00 48.00 1.01 1.00 1.00 0.00 0.00 0.00 1.00
 %idle 93.12 98.99 99.00 99.00 100.00 99.00 99.00 100.00 100.00 0.00 98.99 99.00 99.00 100.00 100.00 100.00 99.00
 %time 1481755339
 %usr 2.12 0.00 0.00 0.00 0.00 0.00 0.00 0.00 0.00 4.00 29.70 0.00 0.00 0.00 0.00 0.00 0.00
 %sys 3.62 1.00 1.00 0.99 0.00 0.99 0.00 0.00 0.99 6.00 44.55 1.00 0.99 0.00 0.00 0.00 0.99
 %idle 93.19 99.00 99.00 99.01 100.00 99.01 100.00 100.00 99.01 79.00 19.80 99.00 99.01 100.00 100.00 100.00 99.01
 %time 1481755340
 %usr 2.44 0.00 0.00 0.00 0.00 0.00 0.00 0.00 0.00 0.00 39.60 0.00 0.00 0.00 0.00 0.00 0.00
 %sys 4.13 1.01 1.00 0.00 0.99 1.00 0.00 0.00 0.99 1.01 57.43 1.00 1.00 0.00 0.00 0.00 0.00
 %idle 93.24 98.99 99.00 100.00 99.01 99.00 100.00 100.00 99.01 98.99 0.00 99.00 99.00 100.00 100.00 100.00 100.00
 %time 1481755343
 %usr 2.00 0.00 0.00 0.00 0.00 0.00 0.00 0.00 0.00 0.00 32.00 0.00 0.00 0.00 0.00 0.00 0.00
 %sys 3.38 1.00 0.00 0.99 0.99 0.00 0.00 0.00 0.00 1.00 47.00 1.98 0.00 0.00 0.00 0.00 0.99
 %idle 93.30 99.00 100.00 99.01 99.01 100.00 100.00 100.00 100.00 99.00 0.00 98.02 100.00 100.00 100.00 100.00 99.01
 %time 1481755344
 %usr 2.50 0.00 0.00 0.00 0.00 0.00 0.00 0.00 0.00 0.00 39.00 0.00 0.00 0.00 0.00 0.00 0.00
 %sys 4.13 2.00 2.00 0.00 0.99 0.00 1.00 0.00 0.00 1.01 58.00 1.00 1.00 0.00 0.00 0.00 0.00
 %idle 93.18 98.00 98.00 100.00 99.01 100.00 99.00 100.00 100.00 98.99 0.00 99.00 99.00 100.00 100.00 100.00 100.00
 %time 1481755346
 %usr 2.44 0.00 0.00 0.00 0.00 0.00 0.00 0.00 0.00 0.00 38.00 0.00 0.00 0.00 0.00 0.00 0.00
 %sys 4.07 1.01 0.00 0.00 0.00 0.00 0.99 1.00 0.99 2.00 58.00 1.00 0.00 0.00 0.00 0.00 1.00
 %idle 93.24 98.99 100.00 100.00 100.00 100.00 99.01 99.00 99.01 98.00 0.00 99.00 100.00 100.00 100.00 100.00 99.00
 %time 1481755348
 %usr 2.57 0.00 0.00 0.00 0.00 0.00 0.00 0.00 0.00 0.00 40.59 0.00 0.00 0.00 0.00 0.00 0.00
 %sys 4.19 1.00 1.00 0.99 0.00 0.00 0.99 0.00 0.00 1.01 59.41 0.00 2.00 0.00 0.00 0.00 1.00
 %idle 93.24 99.00 99.00 99.01 100.00 100.00 99.01 100.00 100.00 98.99 0.00 100.00 98.00 100.00 100.00 100.00 99.00
 %time 1481755349
 %usr 2.50 0.00 0.00 0.00 0.00 0.00 0.00 0.00 0.00 0.00 40.40 0.00 0.00 0.00 0.00 0.00 0.00
 %sys 4.32 1.00 0.00 1.00 0.00 0.00 0.99 1.00 0.00 2.00 59.60 2.00 0.00 0.99 0.00 1.00 0.00
 %idle 93.18 99.00 100.00 99.00 100.00 100.00 99.01 99.00 100.00 98.00 0.00 98.00 100.00 99.01 100.00 99.00 100.00
 %time 1481755351
 %usr 2.50 0.00 0.00 0.00 0.00 0.00 0.00 0.00 0.00 0.00 40.00 0.00 0.00 0.00 0.00 0.00 0.00
 %sys 4.26 2.00 0.00 0.00 0.00 0.00 0.99 1.00 0.00 1.00 60.00 0.00 0.99 0.00 0.00 0.00 0.00
 %idle 93.24 98.00 100.00 100.00 100.00 100.00 99.01 99.00 100.00 99.00 0.00 100.00 99.01 100.00 100.00 100.00 100.00
 %time 1481755352
 %usr 2.51 0.00 0.00 0.00 0.00 0.00 0.00 0.00 0.00 0.00 41.00 0.00 0.00 0.00 0.00 0.00 0.00
 %sys 4.14 1.00 1.00 0.00 0.00 0.00 1.00 0.00 0.00 2.00 59.00 1.01 0.00 0.00 0.00 1.00 0.99
 %idle 93.35 99.00 99.00 100.00 100.00 100.00 99.00 100.00 100.00 98.00 0.00 98.99 100.00 100.00 100.00 99.00 99.01
 %time 1481755353
 %usr 2.19 0.00 0.00 0.00 0.00 0.00 0.00 0.00 0.00 0.00 35.35 0.00 0.00 0.00 0.00 0.00 0.00
 %sys 3.69 1.00 1.00 1.00 0.00 0.99 1.00 1.00 0.00 1.98 51.52 1.00 1.00 0.00 0.00 0.00 0.00
 %idle 93.30 99.00 99.00 99.00 100.00 99.01 99.00 99.00 100.00 98.02 0.00 99.00 99.00 100.00 100.00 100.00 100.00
 %time 1481755354
 %usr 2.38 0.00 0.00 0.00 0.00 0.00 0.00 0.00 0.00 0.00 37.62 0.00 0.00 0.00 0.00 0.00 0.00
 %sys 3.94 2.00 1.98 0.00 0.00 0.00 0.00 0.00 0.00 1.00 53.47 1.01 0.00 0.00 0.00 1.98 1.00
 %idle 93.12 98.00 98.02 100.00 100.00 100.00 100.00 100.00 100.00 99.00 0.00 98.99 100.00 100.00 100.00 98.02 99.00
 %time 1481755356
 %usr 2.44 0.00 0.00 0.00 0.00 0.00 0.00 0.00 0.00 0.00 38.00 0.00 0.00 0.00 0.00 0.00 0.00
 %sys 4.00 2.97 1.01 0.00 0.00 0.00 0.00 1.00 0.00 1.01 56.00 1.00 0.00 0.00 0.00 1.00 0.00
 %idle 93.18 97.03 98.99 100.00 100.00 100.00 100.00 99.00 100.00 98.99 0.00 99.00 100.00 100.00 100.00 99.00 100.00
 %time 1481755357
 %usr 2.25 0.00 0.00 0.00 0.00 0.00 0.00 0.00 0.00 19.39 17.00 0.00 0.00 0.00 0.00 0.00 0.00
 %sys 3.69 1.01 0.00 1.00 0.00 0.00 1.00 0.00 0.99 27.55 24.00 2.00 1.01 0.00 0.00 0.00 0.99
 %idle 93.25 98.99 100.00 99.00 100.00 100.00 99.00 100.00 99.01 39.80 59.00 98.00 98.99 100.00 100.00 100.00 99.01
 %time 1481755358
 %usr 2.44 0.00 0.00 0.00 0.00 0.00 0.00 0.00 0.00 0.00 39.39 0.00 0.00 0.00 0.00 0.00 0.00
 %sys 4.20 1.98 1.00 0.00 1.00 1.00 0.00 1.00 0.00 2.00 57.58 1.00 1.00 0.00 0.00 0.00 0.00
 %idle 93.17 98.02 99.00 100.00 99.00 99.00 100.00 99.00 100.00 98.00 0.00 99.00 99.00 100.00 100.00 100.00 100.00
 %time 1481755359
 %usr 2.44 0.00 0.00 0.00 0.00 0.00 0.00 0.00 0.00 0.00 38.78 0.00 0.00 0.00 0.00 0.00 0.00
 %sys 4.07 2.00 1.00 0.00 0.00 0.00 0.00 0.00 0.00 2.97 57.14 1.00 1.98 0.99 0.00 0.00 1.00
 %idle 93.18 98.00 99.00 100.00 100.00 100.00 100.00 100.00 100.00 97.03 0.00 99.00 98.02 99.01 100.00 100.00 99.00
 %time 1481755360
 %usr 2.57 0.00 0.00 0.00 0.00 0.00 0.00 0.00 0.00 0.00 40.00 0.00 0.00 0.00 0.00 0.00 0.00
 %sys 4.13 1.00 0.00 1.00 0.00 0.00 0.00 0.00 0.00 2.00 59.00 0.00 1.00 0.00 0.00 0.00 0.00
 %idle 93.30 99.00 100.00 99.00 100.00 100.00 100.00 100.00 100.00 98.00 0.00 100.00 99.00 100.00 100.00 100.00 100.00
 %time 1481755361
 %usr 2.25 0.00 0.00 0.00 0.00 0.00 0.00 0.00 0.00 0.00 36.00 0.00 0.00 0.00 0.00 0.00 0.00
 %sys 3.82 1.00 2.00 0.00 0.00 0.00 0.00 0.00 0.00 1.01 53.00 0.00 0.00 0.00 0.00 0.00 0.99
 %idle 93.30 99.00 98.00 100.00 100.00 100.00 100.00 100.00 100.00 98.99 0.00 100.00 100.00 100.00 100.00 100.00 99.01
 %time 1481755362
 %usr 2.57 0.00 0.00 0.00 0.00 0.00 0.00 0.00 0.00 0.00 41.41 0.00 0.00 0.00 0.00 0.00 0.00
 %sys 4.32 1.01 1.00 1.00 0.99 0.00 0.00 0.00 1.00 1.00 58.59 1.00 2.00 0.99 1.00 0.99 1.00
 %idle 93.05 98.99 99.00 99.00 99.01 100.00 100.00 100.00 99.00 99.00 0.00 99.00 98.00 99.01 99.00 99.01 99.00
 %time 1481755364
 %usr 2.19 0.00 0.00 0.00 0.00 0.00 0.00 0.00 0.00 0.00 0.00 35.35 0.00 0.00 0.00 0.00 0.00
 %sys 3.63 1.00 0.00 1.00 0.00 0.00 0.00 1.00 0.00 1.98 1.98 50.51 1.00 0.00 0.00 0.00 0.00
 %idle 93.25 99.00 100.00 99.00 100.00 100.00 100.00 99.00 100.00 98.02 98.02 0.00 99.00 100.00 100.00 100.00 100.00
 %time 1481755365
 %usr 2.00 0.00 0.00 0.00 0.00 0.00 0.00 0.00 0.00 0.00 0.00 32.00 0.00 0.00 0.00 0.00 0.00
 %sys 3.56 1.00 0.99 0.99 0.00 0.00 0.99 0.00 0.00 1.98 0.00 49.00 1.00 0.00 0.00 0.00 1.00
 %idle 93.25 99.00 99.01 99.01 100.00 100.00 99.01 100.00 100.00 98.02 100.00 0.00 99.00 100.00 100.00 100.00 99.00
 %time 1481755366
 %usr 2.50 0.00 0.00 0.00 0.00 0.00 0.00 0.00 0.00 0.00 0.00 40.00 0.00 0.00 0.00 0.00 0.00
 %sys 4.26 0.00 1.00 1.00 0.00 0.00 1.00 0.00 0.99 2.02 0.00 59.00 1.01 0.00 0.00 0.00 1.00
 %idle 93.11 100.00 99.00 99.00 100.00 100.00 99.00 100.00 99.01 95.96 100.00 0.00 98.99 100.00 100.00 100.00 99.00
 %time 1481755367
 %usr 0.25 0.00 0.00 0.00 0.00 0.00 0.00 0.00 0.00 0.00 0.00 4.00 0.00 0.00 0.00 0.00 0.00
 %sys 0.44 0.00 0.00 0.00 0.00 0.00 0.00 0.00 0.00 0.00 0.00 5.00 0.99 0.00 0.00 0.00 0.00
 %idle 93.63 100.00 100.00 100.00 100.00 100.00 100.00 100.00 100.00 100.00 100.00 0.00 99.01 100.00 100.00 100.00 100.00
 %time 1481755368
 %usr 0.06 0.00 0.00 0.00 0.00 0.00 0.00 0.00 0.00 0.00 0.00 1.00 0.00 0.00 0.00 0.00 0.00
 %sys 0.12 0.00 0.99 0.00 0.00 0.00 0.00 0.00 0.00 0.00 0.00 1.00 0.00 0.00 0.00 0.00 0.00
 %idle 93.69 100.00 99.01 100.00 100.00 100.00 100.00 100.00 100.00 100.00 100.00 0.00 100.00 100.00 100.00 100.00 100.00
 %time 1481755369
 %usr 0.44 0.00 0.00 0.00 0.00 0.00 0.00 0.00 0.00 0.00 0.00 6.93 0.00 0.00 0.00 0.00 0.00
 %sys 0.69 0.00 0.00 0.00 0.00 0.00 0.00 0.00 0.00 0.00 0.00 9.90 0.00 0.00 0.00 0.00 0.00
 %idle 93.62 100.00 100.00 100.00 100.00 100.00 100.00 100.00 100.00 100.00 100.00 0.00 100.00 100.00 100.00 100.00 100.00
 %time 1481755370
 %usr 0.19 0.00 0.00 0.00 0.00 0.00 0.00 0.00 0.00 0.00 0.00 3.00 0.00 0.00 0.00 0.00 0.00
 %sys 0.31 1.00 0.99 0.00 0.00 0.00 0.99 0.00 0.00 0.00 0.00 4.00 0.00 0.00 0.00 0.00 0.00
 %idle 93.69 99.00 99.01 100.00 100.00 100.00 99.01 100.00 100.00 100.00 100.00 0.00 100.00 100.00 100.00 100.00 100.00
 %time 1481755371
 %usr 1.94 0.00 0.00 0.00 0.00 0.00 0.00 0.00 0.00 0.00 0.00 30.69 0.00 0.00 0.00 0.00 0.00
 %sys 3.31 1.00 0.99 0.99 0.00 1.00 0.00 0.99 0.00 2.00 0.00 45.54 1.00 0.00 0.00 0.00 1.00
 %idle 93.25 99.00 99.01 99.01 100.00 99.00 100.00 99.01 100.00 98.00 100.00 0.00 99.00 100.00 100.00 100.00 99.00
 %time 1481755373
 %usr 2.07 0.00 0.00 0.00 0.00 0.00 0.00 0.00 0.00 0.00 0.00 32.67 0.00 0.00 0.00 0.00 0.00
 %sys 3.57 1.00 0.00 0.00 0.00 0.99 1.00 0.00 0.99 1.00 0.00 49.50 1.01 0.00 0.00 0.00 0.00
 %idle 93.30 99.00 100.00 100.00 100.00 99.01 99.00 100.00 99.01 99.00 100.00 0.00 98.99 100.00 100.00 100.00 100.00
 %time 1481755374
 %usr 2.13 0.00 0.00 0.00 0.00 0.00 0.00 0.00 0.00 0.00 0.00 35.00 0.00 0.00 0.00 0.00 0.00
 %sys 3.75 1.01 0.99 0.00 0.99 1.00 0.00 0.00 0.00 2.00 0.00 52.00 0.00 0.99 0.00 0.00 0.99
 %idle 93.24 98.99 99.01 100.00 99.01 99.00 100.00 100.00 100.00 98.00 100.00 0.00 100.00 99.01 100.00 100.00 99.01
 %time 1481755375
 %usr 2.31 0.00 0.00 0.00 0.00 0.00 0.00 0.00 0.00 0.00 0.00 37.00 0.00 0.00 0.00 0.00 0.00
 %sys 4.00 1.01 1.01 0.00 0.00 0.00 0.00 1.00 0.99 1.98 0.00 55.00 0.00 0.00 1.00 0.00 1.00
 %idle 93.19 98.99 98.99 100.00 100.00 100.00 100.00 99.00 99.01 98.02 100.00 0.00 100.00 100.00 99.00 100.00 99.00
 %time 1481755376
 %usr 2.38 0.00 0.00 0.00 0.00 0.00 0.00 0.00 0.00 0.00 0.00 38.00 0.00 0.00 0.00 0.00 0.00
 %sys 3.94 0.99 0.00 1.00 0.99 0.00 0.00 1.00 0.00 2.00 1.00 55.00 1.00 0.00 1.00 0.00 0.00
 %idle 93.25 99.01 100.00 99.00 99.01 100.00 100.00 99.00 100.00 98.00 99.00 0.00 99.00 100.00 99.00 100.00 100.00
 %time 1481755377
 %usr 1.56 0.00 0.00 0.00 0.00 0.00 0.00 0.00 0.00 1.00 0.00 25.00 0.00 0.00 0.00 0.00 0.00
 %sys 1.44 1.00 1.00 0.00 0.00 0.00 1.98 1.00 0.00 1.00 0.99 17.00 0.00 0.00 0.00 0.00 0.00
 %idle 96.00 99.00 99.00 100.00 100.00 100.00 98.02 99.00 100.00 96.00 98.02 45.00 100.00 100.00 100.00 100.00 100.00
 %time 1481755378
 %usr 0.50 0.00 0.00 0.00 3.03 0.00 0.00 0.00 0.00 1.96 1.00 2.97 0.00 0.00 0.00 0.00 0.00
 %sys 0.31 0.00 1.00 0.00 1.01 0.00 0.00 0.00 0.00 0.98 1.00 0.99 0.00 0.00 0.00 0.99 0.00
 %idle 97.44 100.00 98.00 100.00 74.75 100.00 100.00 100.00 100.00 93.14 98.00 96.04 100.00 100.00 100.00 99.01 100.00
 %time 1481755379
 %usr 3.69 3.03 16.00 3.03 0.99 0.00 0.00 0.00 0.00 20.00 8.16 8.00 0.00 0.00 0.00 0.00 0.00
 %sys 3.13 2.02 18.00 2.02 0.99 0.00 1.00 0.00 0.00 4.00 17.35 4.00 0.00 0.00 0.00 0.00 0.00
 %idle 91.48 94.95 63.00 94.95 94.06 100.00 99.00 100.00 100.00 63.00 71.43 84.00 100.00 100.00 100.00 100.00 100.00
