1483741138          0          0          0          0
1483741139          0          0          0          0
1483741140          0          0          0          0
1483741141          0          0          0          0
1483741142          0          0          0          0
1483741143          0          0          0          0
1483741145          0          0          0          0
1483741146          0          0          0          0
1483741147          0          0          0          0
1483741148          0          0          0          0
1483741149          0          0          0          0
1483741150          0          0          0          0
1483741151          0          0          0          0
1483741152          0          0          0          0
1483741154          0          0          0          0
1483741155          0          0          0          0
1483741156          0          0          0          0
1483741157          0          0          0          0
1483741158          0          0          0          0
1483741159          0          0          0          0
1483741160          0          0          0          0
1483741161          0          0          0          0
1483741163          0          0          0          0
1483741164          0          0          0          0
1483741165          0          0          0          0
1483741166          0          0          0          0
1483741167          0          0          0          0
1483741168          0          0          0          0
1483741169          0          0          0          0
1483741170          0          0          0          0
1483741172          0          0          0          0
1483741173          0          0          0          0
1483741174          0          0          0          0
1483741175          0          0          0          0
1483741176          0          0          0          0
1483741177          0          0          0          0
1483741178          0          0          0          0
1483741180          0          0          0          0
1483741181          0          0          0          0
1483741182          0          0          0          0
1483741183          0          0          0          0
1483741184          0          0          0          0
1483741185          0          0          0          0
1483741186          0          0          0          0
1483741187          0          0          0          0
1483741189          0          0          0          0
1483741190          0          0          0          0
1483741191          0          0          0          0
1483741192          0          0          0          0
1483741193          0          0          0          0
1483741194          0          0          0          0
1483741195          0          0          0          0
1483741197          0          0          0          0
1483741198          0          0          0          0
1483741199          0          0          0          0
1483741200          0          0          0          0
1483741201          0          0          0          0
1483741202          0          0          0          0
1483741203          0          0          0          0
1483741205          0          0          0          0
1483741206          0          0          0          0
1483741207          0          0          0          0
1483741208          0          0          0          0
1483741209          0          0          0          0
1483741210          0          0          0          0
1483741211          0          0          0          0
1483741212          0          0          0          0
1483741214          0          0          0          0
1483741215          0          0          0          0
1483741216          0          0          0          0
1483741217          0          0          0          0
1483741218          0          0          0          0
1483741219          0          0          0          0
1483741220          0          0          0          0
1483741222          0          0          0          0
1483741223          0          0          0          0
1483741224          0          0          0          0
1483741225          0          0          0          0
1483741226          0          0          0          0
1483741227          0          0          0          0
1483741228          0          0          0          0
1483741230          0          0          0          0
1483741231          0          0          0          0
1483741232          0          0          0          0
1483741233          0          0          0          0
1483741234          0          0          0          0
1483741235          0          0          0          0
1483741236          0          0          0          0
1483741238          0          0          0          0
1483741239          0          0          0          0
1483741240          0          0          0          0
1483741241          0          0          0          0
1483741242          0          0          0          0
1483741243          0          0          0          0
1483741245          0          0          0          0
1483741246          0          0          0          0
1483741247          0          0          0          0
1483741248          0          0          0          0
1483741249          0          0          0          0
1483741250          0          0          0          0
1483741251          0          0          0          0
1483741252          0          0          0          0
1483741253          0          0          0          0
1483741255          0          0          0          0
1483741256          0          0          0          0
1483741257          0          0          0          0
1483741258          0          0          0          0
1483741259          0          0          0          0
1483741260          0          0          0          0
1483741261          0          0          0          0
1483741262          0          0          0          0
