      time tx_packets rx_packets        tx_bytes        rx_bytes  tx_errors tx_dropped rx_frame_errors rx_crc_errors
1481764392          1          0              60               0          0          0          0          0
1481764393          0          0               0               0          0          0          0          0
1481764394          0          0               0               0          0          0          0          0
1481764395          0          0               0               0          0          0          0          0
1481764396          0          0               0               0          0          0          0          0
1481764397          0          0               0               0          0          0          0          0
1481764398          0          0               0               0          0          0          0          0
1481764399          1          0              60               0          0          0          0          0
1481764401          0          0               0               0          0          0          0          0
1481764402          0          0               0               0          0          0          0          0
1481764403          0          0               0               0          0          0          0          0
1481764404          0          0               0               0          0          0          0          0
1481764405          0          0               0               0          0          0          0          0
1481764406          1          0              60               0          0          0          0          0
1481764408          2          0             120               0          0          0          0          0
1481764409          1          0              60               0          0          0          0          0
1481764410          0          0               0               0          0          0          0          0
1481764412          1          0              60               0          0          0          0          0
1481764413          1          0              60               0          0          0          0          0
1481764414          0          0               0               0          0          0          0          0
1481764415          0          0               0               0          0          0          0          0
1481764416          0          0               0               0          0          0          0          0
1481764418          1          0              60               0          0          0          0          0
1481764419          0          0               0               0          0          0          0          0
1481764420          0          0               0               0          0          0          0          0
1481764421          1          0              60               0          0          0          0          0
1481764422          0          0               0               0          0          0          0          0
1481764424          0          0               0               0          0          0          0          0
1481764425          1          0              60               0          0          0          0          0
1481764426          0          0               0               0          0          0          0          0
1481764427          1          0              78               0          0          0          0          0
1481764428          4          0             312               0          0          0          0          0
1481764430          8          0             606               0          0          0          0          0
1481764431          2          0             156               0          0          0          0          0
1481764432          0          0               0               0          0          0          0          0
1481764433          0          0               0               0          0          0          0          0
1481764434          3          0             180               0          0          0          0          0
1481764435          5          0             300               0          0          0          0          0
1481764436          7          0             420               0          0          0          0          0
1481764437          2          0             120               0          0          0          0          0
1481764439          0          0               0               0          0          0          0          0
1481764440          1          0              60               0          0          0          0          0
1481764441          0          0               0               0          0          0          0          0
1481764442          1          0              60               0          0          0          0          0
1481764443          0          0               0               0          0          0          0          0
1481764444          0          0               0               0          0          0          0          0
1481764445          0          0               0               0          0          0          0          0
1481764446          0          0               0               0          0          0          0          0
1481764448          1          0              60               0          0          0          0          0
1481764449          1          0              60               0          0          0          0          0
1481764450          0          0               0               0          0          0          0          0
1481764451          1          0              60               0          0          0          0          0
1481764452          0          0               0               0          0          0          0          0
1481764453          1          0              60               0          0          0          0          0
1481764454          0          0               0               0          0          0          0          0
1481764455          0          0               0               0          0          0          0          0
1481764457          0          0               0               0          0          0          0          0
1481764458          0          0               0               0          0          0          0          0
1481764459          0          0               0               0          0          0          0          0
1481764460          1          0              60               0          0          0          0          0
1481764461          2          0             120               0          0          0          0          0
1481764463          0          0               0               0          0          0          0          0
1481764464          0          0               0               0          0          0          0          0
1481764465          2          0             120               0          0          0          0          0
1481764466          0          0               0               0          0          0          0          0
1481764467          1          0              60               0          0          0          0          0
1481764468          0          0               0               0          0          0          0          0
1481764469         15          0             900               0          0          0          0          0
1481764472          0          0               0               0          0          0          0          0
1481764473          0          0               0               0          0          0          0          0
1481764474          0          0               0               0          0          0          0          0
1481764475          2          0             120               0          0          0          0          0
1481764476          0          0               0               0          0          0          0          0
1481764477          1          0              60               0          0          0          0          0
1481764479          0          0               0               0          0          0          0          0
1481764480          0          0               0               0          0          0          0          0
1481764481          0          0               0               0          0          0          0          0
1481764482          0          0               0               0          0          0          0          0
1481764483          0          0               0               0          0          0          0          0
1481764484          0          0               0               0          0          0          0          0
1481764486          1          0              60               0          0          0          0          0
1481764488          1          0              60               0          0          0          0          0
1481764489          0          0               0               0          0          0          0          0
1481764490          0          0               0               0          0          0          0          0
1481764491          1          0              60               0          0          0          0          0
1481764492          1          0              60               0          0          0          0          0
1481764496          0          0               0               0          0          0          0          0
1481764497          1          0              60               0          0          0          0          0
1481764498          0          0               0               0          0          0          0          0
1481764499          0          0               0               0          0          0          0          0
1481764500          0          0               0               0          0          0          0          0
1481764501          0          0               0               0          0          0          0          0
1481764503          0          0               0               0          0          0          0          0
1481764504          1          0              60               0          0          0          0          0
1481764505          1          0              60               0          0          0          0          0
1481764506          0          0               0               0          0          0          0          0
1481764507          0          0               0               0          0          0          0          0
1481764508          1          0              78               0          0          0          0          0
1481764509          1          0              60               0          0          0          0          0
1481764510          1          0              60               0          0          0          0          0
1481764512          0          0               0               0          0          0          0          0
1481764513          1          0              78               0          0          0          0          0
1481764514          0          0               0               0          0          0          0          0
1481764515          2          0             120               0          0          0          0          0
1481764516          0          0               0               0          0          0          0          0
1481764517          3          0             216               0          0          0          0          0
1481764518          5          0             390               0          0          0          0          0
1481764520          6          0             432               0          0          0          0          0
1481764521          3          0             216               0          0          0          0          0
1481764522          0          0               0               0          0          0          0          0
1481764523          2          0             120               0          0          0          0          0
1481764524          1          0              60               0          0          0          0          0
1481764525          7          0             480               0          0          0          0          0
1481764526          4          0             180               0          0          0          0          0
1481764527          1          0              60               0          0          0          0          0
1481764529          0          0               0               0          0          0          0          0
1481764530          0          0               0               0          0          0          0          0
1481764531          1          0              60               0          0          0          0          0
1481764533          0          0               0               0          0          0          0          0
1481764534          0          0               0               0          0          0          0          0
1481764535          0          0               0               0          0          0          0          0
1481764536          1          0              60               0          0          0          0          0
1481764537          0          0               0               0          0          0          0          0
1481764538          0          0               0               0          0          0          0          0
1481764539          0          0               0               0          0          0          0          0
1481764540          0          0               0               0          0          0          0          0
1481764542          1          0              60               0          0          0          0          0
1481764543          1          0              60               0          0          0          0          0
1481764544          0          0               0               0          0          0          0          0
1481764545          0          0               0               0          0          0          0          0
1481764546          0          0               0               0          0          0          0          0
1481764547          1          0              60               0          0          0          0          0
1481764548          0          0               0               0          0          0          0          0
1481764549          0          0               0               0          0          0          0          0
1481764551          0          0               0               0          0          0          0          0
1481764552          0          0               0               0          0          0          0          0
1481764553          0          0               0               0          0          0          0          0
1481764554          0          0               0               0          0          0          0          0
1481764555          0          0               0               0          0          0          0          0
1481764556          0          0               0               0          0          0          0          0
1481764557          0          0               0               0          0          0          0          0
1481764558          0          0               0               0          0          0          0          0
1481764560          1          0              60               0          0          0          0          0
1481764561          0          0               0               0          0          0          0          0
1481764562          0          0               0               0          0          0          0          0
1481764565          0          0               0               0          0          0          0          0
1481764566          0          0               0               0          0          0          0          0
1481764567          0          0               0               0          0          0          0          0
1481764568          0          0               0               0          0          0          0          0
1481764569          0          0               0               0          0          0          0          0
1481764570          0          0               0               0          0          0          0          0
1481764571          1          0              60               0          0          0          0          0
1481764573          0          0               0               0          0          0          0          0
1481764574          0          0               0               0          0          0          0          0
1481764575          1          0              60               0          0          0          0          0
1481764576          0          0               0               0          0          0          0          0
1481764577          0          0               0               0          0          0          0          0
1481764578          0          0               0               0          0          0          0          0
1481764579          1          0              60               0          0          0          0          0
1481764581          0          0               0               0          0          0          0          0
1481764582          0          0               0               0          0          0          0          0
1481764583          0          0               0               0          0          0          0          0
1481764584          0          0               0               0          0          0          0          0
1481764585          8          0             480               0          0          0          0          0
1481764586          0          0               0               0          0          0          0          0
1481764587          1          0              60               0          0          0          0          0
1481764589          0          0               0               0          0          0          0          0
1481764590          0          0               0               0          0          0          0          0
1481764592          1          0              60               0          0          0          0          0
1481764593          0          0               0               0          0          0          0          0
1481764594          0          0               0               0          0          0          0          0
1481764595          2          0             120               0          0          0          0          0
1481764596          0          0               0               0          0          0          0          0
1481764600          2          0             120               0          0          0          0          0
1481764601          0          0               0               0          0          0          0          0
1481764602          0          0               0               0          0          0          0          0
1481764603          0          0               0               0          0          0          0          0
1481764604          0          0               0               0          0          0          0          0
1481764605          0          0               0               0          0          0          0          0
1481764606          0          0               0               0          0          0          0          0
1481764608          0          0               0               0          0          0          0          0
1481764609          0          0               0               0          0          0          0          0
1481764610          0          0               0               0          0          0          0          0
1481764611          2          0             120               0          0          0          0          0
1481764612          0          0               0               0          0          0          0          0
1481764613          0          0               0               0          0          0          0          0
1481764614          0          0               0               0          0          0          0          0
1481764615          1          0              60               0          0          0          0          0
1481764617          0          0               0               0          0          0          0          0
1481764618          1          0              60               0          0          0          0          0
1481764619          0          0               0               0          0          0          0          0
1481764620          0          0               0               0          0          0          0          0
1481764621          0          0               0               0          0          0          0          0
1481764622          0          0               0               0          0          0          0          0
1481764623          1          0              60               0          0          0          0          0
1481764625          0          0               0               0          0          0          0          0
1481764626          0          0               0               0          0          0          0          0
1481764627          0          0               0               0          0          0          0          0
1481764628          0          0               0               0          0          0          0          0
1481764629          0          0               0               0          0          0          0          0
1481764630          0          0               0               0          0          0          0          0
1481764631          0          0               0               0          0          0          0          0
1481764633          0          0               0               0          0          0          0          0
1481764637          9          0             684               0          0          0          0          0
1481764638          0          0               0               0          0          0          0          0
1481764639          0          0               0               0          0          0          0          0
1481764640          2          0             120               0          0          0          0          0
1481764641          4          0             240               0          0          0          0          0
1481764643          1          0              60               0          0          0          0          0
1481764644          1          0              60               0          0          0          0          0
1481764645          0          0               0               0          0          0          0          0
1481764646          0          0               0               0          0          0          0          0
