 %time 1481824309
 %usr 0.00 0.00 0.00 0.00 0.00 0.00 0.00 0.00 0.00 0.00 0.00 0.00 0.00 0.00 0.00 0.00 0.00
 %sys 0.00 0.00 0.00 0.00 0.00 0.00 0.00 0.00 0.00 0.00 0.00 0.00 0.00 0.00 0.00 0.00 0.00
 %idle 100.00 100.00 100.00 100.00 100.00 100.00 100.00 100.00 100.00 100.00 100.00 100.00 100.00 100.00 100.00 100.00 100.00
 %time 1481824310
 %usr 0.00 0.00 0.00 0.00 0.00 0.00 0.00 0.00 0.00 0.00 0.00 0.00 0.00 0.00 0.00 0.00 0.00
 %sys 0.06 0.00 0.00 0.00 0.00 0.00 0.00 0.00 0.00 0.00 0.00 0.00 0.00 0.00 0.00 0.00 0.00
 %idle 99.94 100.00 100.00 100.00 100.00 100.00 100.00 100.00 100.00 100.00 100.00 100.00 100.00 100.00 100.00 100.00 100.00
 %time 1481824311
 %usr 0.00 0.00 0.00 0.00 0.00 0.00 0.00 0.00 0.00 0.00 0.00 0.00 0.00 0.00 0.00 0.00 0.00
 %sys 0.06 0.00 0.00 0.00 0.00 0.00 0.00 0.00 0.00 0.00 0.00 0.00 0.00 0.00 0.00 0.00 0.00
 %idle 99.94 100.00 100.00 100.00 100.00 100.00 100.00 100.00 100.00 100.00 100.00 100.00 100.00 100.00 100.00 100.00 100.00
 %time 1481824312
 %usr 0.00 0.00 0.00 0.00 0.00 0.00 0.00 0.00 0.00 0.00 0.00 0.00 0.00 0.00 0.00 0.00 0.00
 %sys 0.00 0.00 0.00 0.00 0.00 0.00 0.00 0.00 0.00 0.00 0.00 0.00 0.99 0.00 0.00 0.00 0.00
 %idle 100.00 100.00 100.00 100.00 100.00 100.00 100.00 100.00 100.00 100.00 100.00 100.00 99.01 100.00 100.00 100.00 100.00
 %time 1481824313
 %usr 0.00 0.00 0.00 0.00 0.00 0.00 0.00 0.00 0.00 0.00 0.00 0.00 0.00 0.00 0.00 0.00 0.00
 %sys 0.00 0.00 0.00 0.00 0.00 0.00 0.00 0.00 0.00 0.00 0.00 0.00 0.00 0.00 0.00 0.00 0.00
 %idle 99.38 100.00 100.00 100.00 93.00 100.00 100.00 100.00 100.00 98.00 100.00 100.00 100.00 100.00 100.00 100.00 100.00
 %time 1481824315
 %usr 0.00 0.00 0.00 0.00 0.00 0.00 0.00 0.00 0.00 0.00 0.00 0.00 0.00 0.00 0.00 0.00 0.00
 %sys 0.06 0.00 0.99 0.00 0.00 0.00 0.00 0.00 0.00 0.00 0.99 0.00 0.00 0.00 0.00 0.00 0.00
 %idle 99.94 100.00 99.01 100.00 100.00 100.00 100.00 100.00 100.00 100.00 99.01 100.00 100.00 100.00 100.00 100.00 100.00
 %time 1481824316
 %usr 0.00 0.00 0.00 0.00 0.00 0.00 0.00 0.00 0.00 0.00 0.00 0.00 0.00 0.00 0.00 0.00 0.00
 %sys 0.00 0.00 0.00 0.00 0.00 0.00 0.00 0.00 0.00 0.00 0.00 0.00 0.00 0.00 0.00 0.00 0.00
 %idle 100.00 100.00 100.00 100.00 100.00 100.00 100.00 100.00 100.00 100.00 100.00 100.00 100.00 100.00 100.00 100.00 100.00
 %time 1481824317
 %usr 0.00 0.00 0.00 0.00 0.00 0.00 0.00 0.00 0.00 0.00 0.00 0.00 0.00 0.00 0.00 0.00 0.00
 %sys 0.00 0.00 0.00 0.00 0.00 0.00 0.00 0.00 0.00 0.00 0.00 0.00 0.00 0.00 0.99 0.00 0.00
 %idle 100.00 100.00 100.00 100.00 100.00 100.00 100.00 100.00 100.00 100.00 100.00 100.00 100.00 100.00 99.01 100.00 100.00
 %time 1481824318
 %usr 0.00 0.00 0.00 0.00 0.00 0.00 0.00 0.00 0.00 0.00 0.00 0.00 0.00 0.00 0.00 0.00 0.00
 %sys 0.00 0.00 0.00 0.00 0.00 0.00 0.00 0.00 0.00 0.00 0.00 0.00 0.00 0.00 0.00 0.00 0.00
 %idle 100.00 100.00 100.00 100.00 100.00 100.00 100.00 100.00 100.00 100.00 100.00 100.00 100.00 100.00 100.00 100.00 100.00
 %time 1481824319
 %usr 0.00 0.00 0.00 0.00 0.00 0.00 0.00 0.00 0.00 0.00 0.00 0.00 0.00 0.00 0.00 0.00 0.00
 %sys 0.06 0.00 0.00 0.00 0.00 0.00 0.00 0.00 0.00 0.00 0.00 0.00 0.00 0.00 0.00 0.00 0.00
 %idle 99.94 100.00 100.00 100.00 100.00 100.00 100.00 100.00 100.00 100.00 100.00 100.00 100.00 100.00 100.00 100.00 100.00
 %time 1481824321
 %usr 0.00 0.00 0.00 0.00 0.00 0.00 0.00 0.00 0.00 0.00 0.00 0.00 0.00 0.00 0.00 0.00 0.00
 %sys 0.00 0.00 0.00 0.00 0.00 0.00 0.00 0.00 0.99 0.00 0.00 0.00 0.00 0.00 0.00 0.00 0.00
 %idle 100.00 100.00 100.00 100.00 100.00 100.00 100.00 100.00 99.01 100.00 100.00 100.00 100.00 100.00 100.00 100.00 100.00
 %time 1481824322
 %usr 0.00 0.00 0.00 0.00 0.00 0.00 0.00 0.00 0.00 0.00 0.00 0.00 0.00 0.00 0.00 0.00 0.00
 %sys 0.00 0.00 0.00 0.00 0.00 0.00 0.00 0.00 0.00 0.00 0.99 0.00 0.00 0.00 0.00 0.00 0.00
 %idle 100.00 100.00 100.00 100.00 100.00 100.00 100.00 100.00 100.00 100.00 99.01 100.00 100.00 100.00 100.00 100.00 100.00
 %time 1481824323
 %usr 0.00 0.00 0.00 0.00 0.00 0.00 0.00 0.00 0.00 0.00 0.00 0.00 0.00 0.00 0.00 0.00 0.00
 %sys 0.00 0.00 0.00 0.00 0.00 0.00 0.00 0.00 0.00 0.00 0.00 0.00 0.00 0.00 0.00 0.00 0.00
 %idle 100.00 100.00 100.00 100.00 100.00 100.00 100.00 100.00 100.00 100.00 100.00 100.00 100.00 100.00 100.00 100.00 100.00
 %time 1481824324
 %usr 0.00 0.00 0.00 0.00 0.00 0.00 0.00 0.00 0.00 0.00 0.00 0.00 0.00 0.00 0.00 0.00 0.00
 %sys 0.06 0.00 0.00 0.00 0.00 0.00 0.00 0.00 0.00 0.00 0.00 0.00 0.00 0.00 0.99 0.00 0.00
 %idle 99.94 100.00 100.00 100.00 100.00 100.00 100.00 100.00 100.00 100.00 100.00 100.00 100.00 100.00 99.01 100.00 100.00
 %time 1481824325
 %usr 0.06 0.00 0.00 0.00 0.00 0.00 0.00 0.00 0.00 0.00 0.00 0.00 0.00 0.00 0.00 0.00 0.00
 %sys 0.19 0.00 0.00 0.00 0.00 0.00 0.00 0.00 0.00 0.00 0.00 0.00 0.00 0.00 1.01 0.00 0.00
 %idle 99.75 100.00 100.00 100.00 100.00 100.00 100.00 100.00 100.00 100.00 100.00 100.00 100.00 100.00 98.99 100.00 100.00
 %time 1481824326
 %usr 0.00 0.00 0.00 0.00 0.00 0.00 0.00 0.00 0.00 0.00 0.00 0.00 0.00 0.00 0.00 0.00 0.00
 %sys 0.00 0.00 0.00 0.00 0.00 0.00 0.00 0.00 0.00 0.00 0.00 0.00 0.00 0.00 0.99 0.00 0.00
 %idle 100.00 100.00 100.00 100.00 100.00 100.00 100.00 100.00 100.00 100.00 100.00 100.00 100.00 100.00 99.01 100.00 100.00
 %time 1481824327
 %usr 0.00 0.00 0.00 0.00 0.00 0.00 0.00 0.00 0.00 0.00 0.00 0.00 0.00 0.00 0.00 0.00 0.00
 %sys 0.00 0.00 0.00 0.00 0.00 0.00 0.00 0.00 0.00 0.00 0.00 0.00 0.00 0.00 0.00 0.00 0.00
 %idle 100.00 100.00 100.00 100.00 100.00 100.00 100.00 100.00 100.00 100.00 100.00 100.00 100.00 100.00 100.00 100.00 100.00
 %time 1481824328
 %usr 0.00 0.00 0.00 0.00 0.00 0.00 0.00 0.00 0.00 0.00 0.00 0.00 0.00 0.00 0.00 0.00 0.00
 %sys 0.00 0.00 0.00 0.00 0.00 0.00 0.00 0.00 0.00 0.00 0.00 0.00 0.00 0.00 0.00 0.00 0.00
 %idle 100.00 100.00 100.00 100.00 100.00 100.00 100.00 100.00 100.00 100.00 100.00 100.00 100.00 100.00 100.00 100.00 100.00
 %time 1481824329
 %usr 0.00 0.00 0.00 0.00 0.00 0.00 0.00 0.00 0.00 0.00 0.00 0.00 0.00 0.00 0.00 0.00 0.00
 %sys 0.12 0.00 0.00 0.00 0.00 0.00 0.00 0.00 0.00 0.99 0.00 0.00 0.99 0.00 1.98 0.00 0.00
 %idle 99.88 100.00 100.00 100.00 100.00 100.00 100.00 100.00 100.00 99.01 100.00 100.00 99.01 100.00 98.02 100.00 100.00
 %time 1481824331
 %usr 0.00 0.00 0.00 0.00 0.00 0.00 0.00 0.00 0.00 0.00 0.00 0.00 0.00 0.00 0.00 0.00 0.00
 %sys 0.06 0.00 0.00 0.00 0.00 0.00 0.00 0.00 0.00 0.00 0.00 0.00 0.00 0.00 0.00 0.00 0.00
 %idle 99.94 100.00 100.00 100.00 100.00 100.00 100.00 100.00 100.00 100.00 100.00 100.00 100.00 100.00 100.00 100.00 100.00
 %time 1481824332
 %usr 0.00 0.00 0.00 0.00 0.00 0.00 0.00 0.00 0.00 0.00 0.00 0.00 0.00 0.00 0.00 0.00 0.00
 %sys 0.00 0.00 0.00 0.00 0.00 0.00 0.00 0.00 0.00 0.00 0.00 0.00 0.00 0.00 0.00 0.00 0.00
 %idle 100.00 100.00 100.00 100.00 100.00 100.00 100.00 100.00 100.00 100.00 100.00 100.00 100.00 100.00 100.00 100.00 100.00
 %time 1481824333
 %usr 0.00 0.00 0.00 0.00 0.00 0.00 0.00 0.00 0.00 0.00 0.00 0.00 0.00 0.00 0.00 0.00 0.00
 %sys 0.00 0.00 0.00 0.00 0.00 0.00 0.00 0.00 0.00 0.00 0.00 0.00 0.00 0.00 0.00 0.00 0.00
 %idle 100.00 100.00 100.00 100.00 100.00 100.00 100.00 100.00 100.00 100.00 100.00 100.00 100.00 100.00 100.00 100.00 100.00
 %time 1481824334
 %usr 0.00 0.00 0.00 0.00 0.00 0.00 0.00 0.00 0.00 0.00 0.00 0.00 0.00 0.00 0.00 0.00 0.00
 %sys 0.00 0.00 0.00 0.99 0.00 0.00 0.00 0.00 0.00 0.00 0.00 0.00 0.00 0.00 0.99 0.00 0.00
 %idle 100.00 100.00 100.00 99.01 100.00 100.00 100.00 100.00 100.00 100.00 100.00 100.00 100.00 100.00 99.01 100.00 100.00
 %time 1481824335
 %usr 0.00 0.00 0.00 0.00 0.00 0.00 0.00 0.00 0.00 0.00 0.00 0.00 0.00 0.00 0.00 0.00 0.00
 %sys 0.06 0.00 0.00 0.00 0.00 0.00 0.00 0.00 0.00 0.00 0.00 0.00 0.99 0.00 0.00 0.00 0.00
 %idle 99.94 100.00 100.00 100.00 100.00 100.00 100.00 100.00 100.00 100.00 100.00 100.00 99.01 100.00 100.00 100.00 100.00
 %time 1481824336
 %usr 0.00 0.00 0.00 0.00 0.00 0.00 0.00 0.00 0.00 0.00 0.00 0.00 0.00 0.00 0.00 0.00 0.00
 %sys 0.00 0.00 0.00 0.00 0.00 0.00 0.00 0.00 0.00 0.00 0.00 0.00 0.00 0.99 0.00 0.00 0.00
 %idle 100.00 100.00 100.00 100.00 100.00 100.00 100.00 100.00 100.00 100.00 100.00 100.00 100.00 99.01 100.00 100.00 100.00
 %time 1481824337
 %usr 1.44 9.90 4.95 0.00 0.00 0.00 0.00 0.00 0.00 2.00 6.00 0.00 0.00 0.00 0.00 0.00 0.00
 %sys 0.44 0.99 1.98 0.99 0.00 0.00 0.00 0.00 0.00 1.00 2.00 0.00 0.00 0.00 0.99 0.00 0.00
 %idle 93.68 82.18 92.08 98.02 72.73 100.00 100.00 100.00 100.00 61.00 92.00 100.00 100.00 100.00 99.01 100.00 100.00
 %time 1481824338
 %usr 0.19 1.00 0.00 0.00 2.00 0.00 0.00 0.00 0.00 0.00 0.99 0.00 0.00 0.00 0.00 0.00 0.00
 %sys 0.50 1.00 1.00 0.00 1.00 0.00 0.00 0.00 0.00 4.00 0.99 0.00 0.00 0.00 0.00 0.00 0.00
 %idle 93.82 88.00 99.00 100.00 22.00 100.00 100.00 100.00 100.00 95.00 96.04 100.00 100.00 100.00 100.00 100.00 100.00
 %time 1481824339
 %usr 0.00 0.00 0.00 0.00 0.00 0.00 0.00 0.00 0.00 0.00 0.00 0.00 0.00 0.00 0.00 0.00 0.00
 %sys 0.12 0.00 0.00 0.00 0.00 0.00 0.00 0.00 0.00 0.99 0.00 0.00 0.00 0.00 0.00 0.00 0.00
 %idle 99.88 100.00 100.00 100.00 100.00 100.00 100.00 100.00 100.00 99.01 100.00 100.00 100.00 100.00 100.00 100.00 100.00
 %time 1481824341
 %usr 0.00 0.00 0.00 0.00 0.00 0.00 0.00 0.00 0.00 0.00 0.00 0.00 0.00 0.00 0.00 0.00 0.00
 %sys 0.31 0.99 1.00 1.00 0.00 0.00 0.99 0.00 1.00 1.96 0.00 1.00 0.00 0.00 0.00 0.00 0.00
 %idle 99.69 99.01 99.00 99.00 100.00 100.00 99.01 100.00 99.00 98.04 100.00 99.00 100.00 100.00 100.00 100.00 100.00
 %time 1481824342
 %usr 2.31 0.00 0.00 0.00 0.00 0.00 0.00 0.00 0.00 19.19 16.16 0.99 0.00 0.00 0.00 0.00 0.00
 %sys 2.00 0.00 1.00 0.00 0.00 0.99 0.00 0.00 0.00 14.14 10.10 1.98 0.00 1.00 0.00 0.00 2.00
 %idle 93.06 100.00 99.00 100.00 100.00 99.01 100.00 100.00 100.00 47.47 54.55 94.06 100.00 99.00 100.00 100.00 98.00
 %time 1481824343
 %usr 3.06 0.00 0.00 0.00 0.00 0.00 0.00 0.00 0.00 28.00 19.80 0.00 0.00 0.00 0.00 0.00 0.00
 %sys 0.81 1.00 0.00 0.00 0.00 0.00 0.00 0.00 0.99 7.00 1.98 0.00 0.99 0.00 0.00 0.00 0.00
 %idle 86.95 99.00 100.00 100.00 95.96 100.00 100.00 100.00 99.01 0.00 0.00 100.00 99.01 100.00 100.00 100.00 100.00
 %time 1481824344
 %usr 0.44 0.00 0.00 0.00 0.00 0.00 0.00 0.00 0.00 6.06 0.00 0.00 0.00 0.00 0.00 0.00 0.00
 %sys 0.62 0.99 0.00 0.00 0.00 0.00 0.00 0.00 0.00 5.05 1.00 0.00 0.99 0.00 1.00 0.00 0.99
 %idle 87.26 99.01 100.00 100.00 100.00 100.00 100.00 100.00 100.00 0.00 0.00 100.00 99.01 100.00 99.00 100.00 99.01
 %time 1481824345
 %usr 0.50 0.00 0.99 0.00 0.00 0.00 0.00 0.00 0.00 4.95 1.98 0.00 0.00 0.00 0.00 0.00 0.00
 %sys 0.37 0.00 0.99 0.99 0.00 0.00 0.00 0.00 0.00 3.96 1.98 0.00 0.00 0.00 0.00 0.00 0.00
 %idle 87.33 100.00 98.02 99.01 100.00 100.00 100.00 100.00 100.00 0.00 0.00 100.00 100.00 100.00 100.00 100.00 100.00
 %time 1481824346
 %usr 0.44 0.00 0.00 0.00 0.00 0.00 0.00 0.00 0.00 5.00 1.00 0.00 0.00 0.00 0.00 0.00 0.00
 %sys 0.37 0.00 0.00 0.00 0.00 0.00 1.00 0.99 0.00 3.00 1.00 0.99 0.00 0.99 0.00 0.00 0.00
 %idle 87.38 100.00 100.00 100.00 100.00 100.00 99.00 99.01 100.00 0.00 0.00 99.01 100.00 99.01 100.00 100.00 100.00
 %time 1481824347
 %usr 0.37 0.00 0.00 0.00 0.00 0.00 0.00 0.00 0.00 5.94 0.99 0.00 0.00 0.00 0.00 0.00 0.00
 %sys 0.44 0.00 0.00 0.00 0.00 0.00 0.00 0.00 0.00 2.97 0.99 0.00 0.00 0.00 1.00 0.00 0.00
 %idle 87.33 100.00 100.00 100.00 100.00 100.00 100.00 100.00 100.00 0.00 0.00 100.00 100.00 100.00 99.00 100.00 100.00
 %time 1481824348
 %usr 0.44 0.00 0.00 0.00 0.00 0.00 0.00 0.00 0.00 5.00 1.00 0.00 0.00 0.00 0.00 0.00 0.00
 %sys 0.37 0.00 1.00 0.00 0.00 0.00 0.00 0.00 0.00 4.00 0.00 0.00 0.99 0.00 0.00 0.00 0.00
 %idle 87.32 100.00 99.00 100.00 100.00 100.00 100.00 100.00 100.00 0.00 0.00 100.00 99.01 100.00 100.00 100.00 100.00
 %time 1481824350
 %usr 0.38 0.00 0.00 0.00 0.00 0.00 0.00 0.00 0.00 6.00 0.99 0.00 0.00 0.00 0.00 0.00 0.00
 %sys 0.38 0.99 0.00 0.00 0.00 0.00 0.00 0.00 0.00 3.00 0.99 0.00 0.00 0.00 1.00 0.00 0.00
 %idle 87.43 99.01 100.00 100.00 100.00 100.00 100.00 100.00 100.00 0.00 0.00 100.00 100.00 100.00 99.00 100.00 100.00
 %time 1481824351
 %usr 0.31 0.00 0.00 0.00 0.00 0.00 0.00 0.00 0.00 5.00 1.01 0.00 0.00 0.00 0.00 0.00 0.00
 %sys 0.44 0.00 0.00 0.00 0.00 0.00 0.00 0.00 0.00 4.00 0.00 0.00 0.00 0.00 1.98 0.00 0.00
 %idle 87.38 100.00 100.00 100.00 100.00 100.00 100.00 100.00 100.00 0.00 0.00 100.00 100.00 100.00 98.02 100.00 100.00
 %time 1481824352
 %usr 0.50 0.00 0.00 0.00 0.00 0.00 0.00 0.00 0.00 8.00 1.00 0.00 0.00 0.00 0.00 0.00 0.00
 %sys 0.56 0.00 0.00 0.00 0.00 0.00 0.00 0.00 0.00 5.00 1.00 0.99 0.99 0.00 1.00 0.00 0.99
 %idle 87.31 100.00 100.00 100.00 100.00 100.00 100.00 100.00 100.00 0.00 0.00 99.01 99.01 100.00 99.00 100.00 99.01
 %time 1481824353
 %usr 0.44 0.00 0.00 0.00 0.00 0.00 0.00 0.00 0.00 7.07 0.00 0.00 0.00 0.00 0.00 0.00 0.00
 %sys 0.38 0.99 0.00 0.00 0.00 0.00 0.00 0.00 0.00 4.04 0.00 0.00 0.99 0.99 0.00 0.00 0.00
 %idle 87.38 99.01 100.00 100.00 100.00 100.00 100.00 100.00 100.00 0.00 0.00 100.00 99.01 99.01 100.00 100.00 100.00
 %time 1481824354
 %usr 0.44 0.00 0.00 0.00 0.00 0.00 0.00 0.00 0.00 7.00 0.00 0.00 0.00 0.00 0.00 0.00 0.00
 %sys 0.37 0.00 0.00 0.00 0.00 0.00 0.00 0.00 0.00 4.00 0.00 0.99 0.99 0.00 1.00 0.00 0.99
 %idle 87.38 100.00 100.00 100.00 100.00 100.00 100.00 100.00 100.00 0.00 0.00 99.01 99.01 100.00 99.00 100.00 99.01
 %time 1481824356
 %usr 0.44 0.00 0.00 0.00 0.00 0.00 0.00 0.00 0.00 7.07 0.00 0.00 0.00 0.00 0.00 0.00 0.00
 %sys 0.31 0.00 0.00 0.00 0.00 0.00 0.00 0.00 0.00 4.04 0.00 0.00 0.00 0.00 0.99 0.00 0.00
 %idle 87.49 100.00 100.00 100.00 100.00 100.00 100.00 100.00 100.00 0.00 0.00 100.00 100.00 100.00 99.01 100.00 100.00
 %time 1481824357
 %usr 0.56 0.00 0.00 0.00 0.00 0.00 0.00 0.00 0.00 9.09 0.00 0.00 0.00 0.00 0.00 0.00 0.00
 %sys 0.56 0.00 0.00 0.00 0.00 0.00 0.00 0.00 0.00 5.05 0.00 0.00 0.00 0.99 0.00 0.00 0.00
 %idle 87.33 100.00 100.00 100.00 100.00 100.00 100.00 100.00 100.00 0.00 0.00 100.00 100.00 99.01 100.00 100.00 100.00
 %time 1481824358
 %usr 0.38 0.00 0.00 0.00 0.00 0.00 0.00 0.00 0.00 6.00 0.00 0.00 0.00 0.00 0.00 0.00 0.00
 %sys 0.31 0.00 0.00 0.00 0.00 0.00 0.00 0.00 0.00 4.00 1.00 0.00 0.99 0.00 0.00 0.00 0.00
 %idle 87.44 100.00 100.00 100.00 100.00 100.00 100.00 100.00 100.00 0.00 0.00 100.00 99.01 100.00 100.00 100.00 100.00
 %time 1481824359
 %usr 0.44 0.00 0.00 0.00 0.00 0.00 0.00 0.00 0.00 6.93 0.00 0.00 0.00 0.00 0.00 0.00 0.00
 %sys 0.44 0.00 0.00 0.00 0.00 0.00 0.00 0.00 0.99 3.96 0.00 0.99 1.00 0.00 0.00 0.00 0.00
 %idle 87.27 100.00 100.00 100.00 100.00 100.00 100.00 100.00 99.01 0.00 0.00 99.01 99.00 100.00 100.00 100.00 100.00
 %time 1481824360
 %usr 0.38 0.00 0.00 0.00 0.00 0.00 0.00 0.00 0.00 6.00 0.00 0.00 0.00 0.00 0.00 0.00 0.00
 %sys 0.38 0.00 0.99 0.00 0.00 0.00 0.00 0.00 0.00 4.00 0.00 0.00 0.00 0.00 0.99 0.00 0.00
 %idle 87.44 100.00 99.01 100.00 100.00 100.00 100.00 100.00 100.00 0.00 0.00 100.00 100.00 100.00 99.01 100.00 100.00
 %time 1481824361
 %usr 0.31 0.00 0.00 0.00 0.00 0.00 0.00 0.00 0.00 5.05 0.00 0.00 0.00 0.00 0.00 0.00 0.00
 %sys 0.44 0.00 0.00 0.00 0.00 0.00 0.00 0.00 0.00 4.04 0.99 0.99 0.00 0.00 0.00 0.00 0.00
 %idle 87.43 100.00 100.00 100.00 100.00 100.00 100.00 100.00 100.00 0.00 0.00 99.01 100.00 100.00 100.00 100.00 100.00
 %time 1481824362
 %usr 0.37 0.00 0.00 0.00 0.00 0.00 0.00 0.00 0.00 6.00 0.00 0.00 0.00 0.00 0.00 0.00 0.00
 %sys 0.37 0.00 0.00 0.00 0.00 0.00 0.00 0.00 0.00 4.00 0.00 0.99 0.00 0.00 0.00 0.00 0.00
 %idle 87.38 100.00 100.00 100.00 100.00 100.00 100.00 100.00 100.00 0.00 0.00 99.01 100.00 100.00 100.00 100.00 100.00
 %time 1481824363
 %usr 0.38 0.00 0.00 0.00 0.00 0.00 0.00 0.00 0.00 5.94 0.00 0.00 0.00 0.00 0.00 0.00 0.00
 %sys 0.31 0.00 0.00 0.00 0.00 0.00 0.00 0.00 0.00 3.96 0.00 0.00 0.00 0.00 0.00 0.00 0.00
 %idle 87.43 100.00 100.00 100.00 100.00 100.00 100.00 100.00 100.00 0.00 0.00 100.00 100.00 100.00 100.00 100.00 100.00
 %time 1481824365
 %usr 0.38 0.99 0.00 0.00 0.00 0.00 0.00 0.00 0.00 5.94 0.00 0.00 0.00 0.00 0.00 0.00 0.00
 %sys 0.38 0.99 0.00 0.00 0.00 0.00 0.00 0.00 0.00 3.96 1.00 0.00 0.00 0.00 0.00 0.99 0.00
 %idle 87.38 98.02 100.00 100.00 100.00 100.00 100.00 100.00 100.00 0.00 0.00 100.00 100.00 100.00 100.00 99.01 100.00
 %time 1481824366
 %usr 0.31 0.00 0.00 0.00 0.00 0.00 0.00 0.00 0.00 4.95 0.00 0.00 0.00 0.00 0.00 0.00 0.00
 %sys 0.37 1.00 0.00 0.99 0.00 0.00 0.00 0.00 0.00 3.96 0.99 0.99 0.00 0.00 0.00 0.00 0.00
 %idle 87.33 99.00 100.00 99.01 100.00 100.00 100.00 100.00 100.00 0.00 0.00 99.01 100.00 100.00 100.00 100.00 100.00
 %time 1481824367
 %usr 0.37 0.00 0.00 0.00 0.00 0.00 0.00 0.00 0.00 6.00 0.00 0.00 0.00 0.00 0.00 0.00 0.00
 %sys 0.44 0.00 0.00 0.00 0.00 0.00 0.00 0.00 0.00 4.00 0.00 0.00 0.99 0.99 0.00 0.00 0.00
 %idle 87.32 100.00 100.00 100.00 100.00 100.00 100.00 100.00 100.00 0.00 0.00 100.00 99.01 99.01 100.00 100.00 100.00
 %time 1481824368
 %usr 0.31 0.00 0.00 0.00 0.00 0.00 0.00 0.00 0.00 4.04 0.00 0.00 0.00 0.00 0.00 0.00 0.00
 %sys 0.31 0.00 0.00 0.00 0.00 0.00 0.00 0.00 0.00 3.03 0.00 0.00 0.00 0.00 0.00 0.00 0.00
 %idle 87.38 100.00 100.00 100.00 100.00 100.00 100.00 100.00 100.00 0.00 0.00 100.00 100.00 100.00 100.00 100.00 100.00
 %time 1481824369
 %usr 0.37 0.00 0.00 0.00 0.00 0.00 0.00 0.00 0.00 5.88 0.00 0.00 0.00 0.00 0.00 0.00 0.00
 %sys 0.44 0.00 0.99 0.00 0.00 0.00 0.00 0.00 0.00 4.90 0.99 0.00 0.00 0.00 0.00 0.99 0.99
 %idle 87.33 100.00 99.01 100.00 100.00 100.00 100.00 100.00 100.00 0.00 0.00 100.00 100.00 100.00 100.00 99.01 99.01
 %time 1481824370
 %usr 0.44 0.00 0.00 0.00 0.00 0.00 0.00 0.00 0.00 6.00 0.00 0.00 0.00 0.00 0.00 0.00 0.00
 %sys 0.50 0.99 0.00 0.00 0.00 0.00 0.00 0.99 0.00 5.00 0.99 0.00 0.99 0.99 1.00 0.00 0.00
 %idle 87.32 99.01 100.00 100.00 100.00 100.00 100.00 99.01 100.00 0.00 0.00 100.00 99.01 99.01 99.00 100.00 100.00
 %time 1481824371
 %usr 0.31 0.00 0.00 0.00 0.00 0.00 0.00 0.00 0.00 6.00 0.00 0.00 0.00 0.00 0.00 0.00 0.00
 %sys 0.44 0.00 0.00 0.00 0.00 0.00 0.99 0.00 0.99 4.00 0.00 0.00 0.00 0.00 0.00 0.00 0.00
 %idle 87.38 100.00 100.00 100.00 100.00 100.00 99.01 100.00 99.01 0.00 0.00 100.00 100.00 100.00 100.00 100.00 100.00
 %time 1481824372
 %usr 0.31 0.00 0.00 0.00 0.00 0.00 0.00 0.00 0.00 4.04 0.00 0.00 0.00 0.00 0.00 0.00 0.00
 %sys 0.31 0.00 0.00 0.00 0.00 0.00 0.00 0.00 0.00 3.03 0.00 0.00 0.00 0.00 0.00 0.00 0.00
 %idle 87.38 100.00 100.00 100.00 100.00 100.00 100.00 100.00 100.00 0.00 0.00 100.00 100.00 100.00 100.00 100.00 100.00
 %time 1481824374
 %usr 0.38 0.00 0.00 0.00 0.00 0.00 0.00 0.00 0.00 5.94 0.00 0.00 0.00 0.00 0.00 0.00 0.00
 %sys 0.31 0.00 0.00 0.00 0.00 0.00 0.00 0.00 0.00 3.96 0.00 0.00 0.00 0.00 0.00 0.00 0.00
 %idle 87.44 100.00 100.00 100.00 100.00 100.00 100.00 100.00 100.00 0.00 0.00 100.00 100.00 100.00 100.00 100.00 100.00
 %time 1481824375
 %usr 0.31 0.00 0.00 0.00 0.00 0.00 0.00 0.00 0.00 4.95 0.00 0.00 0.00 0.00 0.00 0.00 0.00
 %sys 0.37 0.00 0.00 0.00 1.00 0.00 0.00 0.00 0.00 3.96 0.00 0.00 0.00 0.00 0.00 0.00 0.00
 %idle 87.32 100.00 100.00 100.00 99.00 100.00 100.00 100.00 100.00 0.00 0.00 100.00 100.00 100.00 100.00 100.00 100.00
 %time 1481824376
 %usr 0.37 0.00 0.00 0.00 0.00 0.00 0.00 0.00 0.00 5.00 0.00 0.00 0.00 0.00 0.00 0.00 0.00
 %sys 0.50 0.00 0.99 0.00 0.00 0.00 0.00 0.00 0.00 4.00 1.00 1.00 0.99 0.00 0.00 0.00 0.00
 %idle 87.27 100.00 99.01 100.00 100.00 100.00 100.00 100.00 100.00 0.00 0.00 99.00 99.01 100.00 100.00 100.00 100.00
 %time 1481824377
 %usr 0.37 0.00 0.00 0.00 0.00 0.00 0.00 0.00 0.00 6.00 0.00 0.00 0.00 0.00 0.00 0.00 0.00
 %sys 0.37 0.00 0.00 0.00 0.00 0.00 0.00 0.00 0.00 4.00 0.99 0.99 0.99 0.99 0.00 0.00 0.99
 %idle 87.38 100.00 100.00 100.00 100.00 100.00 100.00 100.00 100.00 0.00 0.00 99.01 99.01 99.01 100.00 100.00 99.01
 %time 1481824378
 %usr 0.38 0.00 0.00 0.00 0.00 0.00 0.00 0.00 0.00 6.00 0.00 0.00 0.00 0.00 0.00 0.00 0.00
 %sys 0.31 0.00 0.99 0.00 0.00 0.00 0.00 0.00 0.00 4.00 0.00 0.00 0.99 0.00 0.00 0.00 0.00
 %idle 87.44 100.00 99.01 100.00 100.00 100.00 100.00 100.00 100.00 0.00 0.00 100.00 99.01 100.00 100.00 100.00 100.00
 %time 1481824379
 %usr 0.44 0.00 0.00 0.00 0.00 0.00 0.00 0.00 0.00 6.00 0.00 0.00 0.00 0.00 0.00 0.00 0.00
 %sys 0.44 0.00 0.00 0.99 0.00 0.00 0.00 0.00 0.00 5.00 0.00 0.00 0.99 0.00 0.00 0.00 0.00
 %idle 87.38 100.00 100.00 99.01 100.00 100.00 100.00 100.00 100.00 0.00 0.00 100.00 99.01 100.00 100.00 100.00 100.00
 %time 1481824380
 %usr 0.37 0.00 0.00 0.00 0.00 0.00 0.00 0.00 0.00 6.06 0.00 0.00 0.00 0.00 0.00 0.00 0.00
 %sys 0.37 0.99 0.00 0.00 0.00 0.00 0.00 0.00 0.00 3.03 1.00 0.00 0.99 0.00 0.00 0.00 0.00
 %idle 87.38 99.01 100.00 100.00 100.00 100.00 100.00 100.00 100.00 0.00 0.00 100.00 99.01 100.00 100.00 100.00 100.00
 %time 1481824381
 %usr 0.37 0.00 0.00 0.00 0.00 0.00 0.00 0.00 0.00 6.00 0.00 0.00 0.00 0.00 0.00 0.00 0.00
 %sys 0.37 0.00 0.00 0.00 0.00 0.00 0.00 0.00 0.00 4.00 0.00 0.99 0.99 0.00 0.00 0.00 0.00
 %idle 87.38 100.00 100.00 100.00 100.00 100.00 100.00 100.00 100.00 0.00 0.00 99.01 99.01 100.00 100.00 100.00 100.00
 %time 1481824383
 %usr 0.37 0.00 0.00 0.00 0.00 0.00 0.00 0.00 0.00 6.00 0.00 0.00 0.00 0.00 0.00 0.00 0.00
 %sys 0.37 0.99 0.00 0.99 0.00 0.00 0.00 0.00 0.00 4.00 0.00 0.00 0.99 0.00 0.00 0.00 0.00
 %idle 87.38 99.01 100.00 99.01 100.00 100.00 100.00 100.00 100.00 0.00 0.00 100.00 99.01 100.00 100.00 100.00 100.00
 %time 1481824384
 %usr 0.38 0.00 0.00 0.00 0.00 0.00 0.00 0.00 0.00 5.05 0.00 0.00 0.00 0.00 0.00 0.00 0.00
 %sys 0.31 0.00 0.00 0.00 0.99 0.00 0.00 0.00 0.00 3.03 0.00 0.00 0.99 0.00 0.99 0.00 0.00
 %idle 87.44 100.00 100.00 100.00 99.01 100.00 100.00 100.00 100.00 0.00 0.00 100.00 99.01 100.00 99.01 100.00 100.00
 %time 1481824385
 %usr 0.38 1.00 0.00 0.00 0.00 0.00 0.00 0.00 0.00 5.94 0.00 0.00 0.00 0.00 0.00 0.00 0.00
 %sys 0.38 0.00 0.00 0.00 0.00 0.00 0.00 0.00 0.00 3.96 0.99 0.00 0.00 0.00 0.00 0.99 0.00
 %idle 87.38 99.00 100.00 100.00 100.00 100.00 100.00 100.00 100.00 0.00 0.00 100.00 100.00 100.00 100.00 99.01 100.00
 %time 1481824386
 %usr 0.38 0.00 0.00 0.00 0.00 0.00 0.00 0.00 0.00 6.00 0.00 0.00 0.00 0.00 0.00 0.00 0.00
 %sys 0.31 0.00 0.00 0.00 0.00 0.00 0.99 0.00 0.00 3.00 0.99 0.00 0.00 0.00 0.00 0.00 0.00
 %idle 87.44 100.00 100.00 100.00 100.00 100.00 99.01 100.00 100.00 0.00 0.00 100.00 100.00 100.00 100.00 100.00 100.00
 %time 1481824387
 %usr 0.44 0.00 0.00 0.00 0.00 0.00 0.00 0.00 0.00 7.07 0.00 0.00 0.00 0.00 0.00 0.00 0.00
 %sys 0.44 0.00 0.00 0.00 0.00 0.00 0.00 0.00 0.00 4.04 0.99 0.99 1.00 0.00 1.00 0.00 0.00
 %idle 87.38 100.00 100.00 100.00 100.00 100.00 100.00 100.00 100.00 0.00 0.00 99.01 99.00 100.00 99.00 100.00 100.00
 %time 1481824388
 %usr 0.25 0.00 0.00 0.00 0.00 0.00 0.00 0.00 0.00 4.95 0.00 0.00 0.00 0.00 0.00 0.00 0.00
 %sys 0.31 0.00 0.00 0.99 0.00 0.00 0.00 0.00 0.00 2.97 0.99 0.00 0.99 0.00 0.00 0.00 0.00
 %idle 87.44 100.00 100.00 99.01 100.00 100.00 100.00 100.00 100.00 0.00 0.00 100.00 99.01 100.00 100.00 100.00 100.00
 %time 1481824390
 %usr 0.38 0.00 0.00 0.00 0.00 0.00 0.00 0.00 0.00 6.93 0.00 0.00 0.00 0.00 0.00 0.00 0.00
 %sys 0.38 0.00 0.00 0.99 0.00 0.00 0.00 0.00 0.00 3.96 0.00 0.00 0.00 0.00 0.00 0.00 0.00
 %idle 87.44 100.00 100.00 99.01 100.00 100.00 100.00 100.00 100.00 0.00 0.00 100.00 100.00 100.00 100.00 100.00 100.00
 %time 1481824391
 %usr 0.37 0.00 0.00 0.00 0.00 0.00 0.00 0.00 0.00 6.00 0.00 0.00 0.00 0.00 0.00 0.00 0.00
 %sys 0.44 0.00 0.00 0.99 0.00 0.00 0.00 0.00 0.99 4.00 0.99 0.00 0.00 0.99 0.00 0.00 0.00
 %idle 87.32 100.00 100.00 99.01 100.00 100.00 100.00 100.00 99.01 0.00 0.00 100.00 100.00 99.01 100.00 100.00 100.00
 %time 1481824392
 %usr 0.31 0.00 0.00 0.00 0.00 0.00 0.00 0.00 0.00 6.00 0.00 0.00 0.00 0.00 0.00 0.00 0.00
 %sys 0.38 0.00 0.00 1.00 0.00 1.00 0.00 0.00 0.00 4.00 0.99 0.00 0.99 0.00 0.00 0.00 0.00
 %idle 87.44 100.00 100.00 99.00 100.00 99.00 100.00 100.00 100.00 0.00 0.00 100.00 99.01 100.00 100.00 100.00 100.00
 %time 1481824393
 %usr 0.38 0.00 0.00 0.00 0.00 0.00 0.00 0.00 0.00 7.00 0.00 0.00 0.00 0.00 0.00 0.00 0.00
 %sys 0.44 0.99 0.99 0.00 0.00 0.00 0.00 0.00 0.00 4.00 1.00 0.00 0.00 0.00 0.00 0.00 0.00
 %idle 87.38 99.01 99.01 100.00 100.00 100.00 100.00 100.00 100.00 0.00 0.00 100.00 100.00 100.00 100.00 100.00 100.00
 %time 1481824394
 %usr 0.25 0.00 0.00 0.00 0.00 0.00 0.00 0.00 0.00 4.95 0.00 0.00 0.00 0.00 0.00 0.00 0.00
 %sys 0.25 0.00 0.00 0.00 0.00 0.00 0.00 0.00 0.00 2.97 0.99 0.00 0.00 0.00 0.00 0.00 0.00
 %idle 87.49 100.00 100.00 100.00 100.00 100.00 100.00 100.00 100.00 0.00 0.00 100.00 100.00 100.00 100.00 100.00 100.00
 %time 1481824395
 %usr 0.37 0.00 0.00 0.00 0.00 0.00 0.00 0.00 0.00 5.00 0.00 0.00 0.00 0.00 0.00 0.00 0.00
 %sys 0.31 0.00 0.00 0.00 0.00 0.00 0.00 0.00 0.00 3.00 0.00 0.00 0.00 0.00 0.00 0.00 0.00
 %idle 87.32 100.00 100.00 100.00 100.00 100.00 100.00 100.00 100.00 0.00 0.00 100.00 100.00 100.00 100.00 100.00 100.00
 %time 1481824396
 %usr 0.31 0.00 0.00 0.00 0.00 0.00 0.00 0.00 0.00 5.05 0.00 0.00 0.00 0.00 0.00 0.00 0.00
 %sys 0.31 0.00 0.99 0.00 0.00 0.00 0.99 0.00 0.00 4.04 0.00 0.99 0.00 0.00 0.00 0.00 0.00
 %idle 87.48 100.00 99.01 100.00 100.00 100.00 99.01 100.00 100.00 0.00 0.00 99.01 100.00 100.00 100.00 100.00 100.00
 %time 1481824397
 %usr 0.31 0.00 0.00 0.00 0.00 0.00 0.00 0.00 0.00 5.94 0.00 0.00 0.00 0.00 0.00 0.00 0.00
 %sys 0.31 1.00 0.00 0.00 1.00 0.00 0.00 0.00 0.00 3.96 0.00 0.00 0.00 0.00 0.00 0.00 0.00
 %idle 87.44 99.00 100.00 100.00 99.00 100.00 100.00 100.00 100.00 0.00 0.00 100.00 100.00 100.00 100.00 100.00 100.00
 %time 1481824399
 %usr 0.37 0.00 0.00 0.00 0.00 0.00 0.00 0.00 0.00 6.00 0.00 0.00 0.00 0.00 0.00 0.00 0.00
 %sys 0.37 0.00 0.00 0.00 0.00 0.00 0.00 0.00 0.99 4.00 1.00 0.00 0.00 0.00 0.00 0.00 0.00
 %idle 87.38 100.00 100.00 100.00 100.00 100.00 100.00 100.00 99.01 0.00 0.00 100.00 100.00 100.00 100.00 100.00 100.00
 %time 1481824400
 %usr 0.31 0.00 0.00 0.00 0.00 0.00 0.00 0.00 0.00 4.00 0.00 0.00 0.00 0.00 0.00 0.00 0.00
 %sys 0.25 0.99 0.00 0.00 0.00 0.00 0.00 0.00 0.00 3.00 0.00 0.00 0.00 0.00 0.00 0.00 0.00
 %idle 87.38 99.01 100.00 100.00 100.00 100.00 100.00 100.00 100.00 0.00 0.00 100.00 100.00 100.00 100.00 100.00 100.00
 %time 1481824401
 %usr 0.37 0.00 0.00 0.00 0.00 0.00 0.00 0.00 0.00 5.94 0.00 0.00 0.00 0.00 0.00 0.00 0.00
 %sys 0.37 0.00 0.00 0.00 0.00 0.99 0.00 0.00 0.00 3.96 0.99 0.00 0.00 0.00 0.00 0.00 0.00
 %idle 87.38 100.00 100.00 100.00 100.00 99.01 100.00 100.00 100.00 0.00 0.00 100.00 100.00 100.00 100.00 100.00 100.00
 %time 1481824402
 %usr 0.62 0.00 0.00 0.00 0.00 0.00 0.00 0.00 0.00 10.10 0.00 0.00 0.00 0.00 0.00 0.00 0.00
 %sys 0.62 0.00 0.00 0.00 0.00 0.00 0.00 0.00 0.00 6.06 1.00 0.99 0.99 0.00 0.00 0.00 0.00
 %idle 87.38 100.00 100.00 100.00 100.00 100.00 100.00 100.00 100.00 0.00 0.00 99.01 99.01 100.00 100.00 100.00 100.00
 %time 1481824403
 %usr 1.25 0.00 0.00 0.00 0.00 0.00 0.00 0.00 0.00 13.13 6.00 0.00 0.00 0.00 0.00 0.00 0.00
 %sys 1.25 1.00 2.00 0.00 0.99 0.00 0.00 0.00 0.00 9.09 5.00 1.00 0.99 0.00 0.00 0.00 0.00
 %idle 87.07 99.00 98.00 100.00 99.01 100.00 100.00 100.00 100.00 0.00 0.00 99.00 99.01 100.00 100.00 100.00 100.00
 %time 1481824404
 %usr 0.69 0.00 0.00 0.00 0.00 0.00 0.00 0.00 0.00 5.00 6.00 0.00 0.00 0.00 0.00 0.00 0.00
 %sys 0.88 0.00 0.00 0.00 1.00 0.00 0.00 0.00 0.00 4.00 6.00 0.00 0.00 0.00 0.99 0.00 0.00
 %idle 87.30 100.00 100.00 100.00 99.00 100.00 100.00 100.00 100.00 0.00 0.00 100.00 100.00 100.00 99.01 100.00 100.00
 %time 1481824405
 %usr 0.44 0.00 0.00 0.00 0.00 0.00 0.00 0.00 0.00 3.03 4.00 0.00 0.00 0.00 0.00 0.00 0.00
 %sys 0.50 1.00 0.00 0.00 0.00 0.00 0.00 0.00 0.00 2.02 3.00 0.99 1.00 0.00 0.00 1.00 0.00
 %idle 87.38 99.00 100.00 100.00 100.00 100.00 100.00 100.00 100.00 0.00 0.00 99.01 99.00 100.00 100.00 99.00 100.00
 %time 1481824406
 %usr 0.31 0.00 0.00 0.00 0.00 0.00 0.00 0.00 0.00 2.00 4.00 0.00 0.00 0.00 0.00 0.00 0.00
 %sys 0.44 0.00 0.00 0.99 0.99 0.00 0.00 0.00 0.00 1.00 3.00 0.00 0.99 0.00 0.00 0.00 0.00
 %idle 87.38 100.00 100.00 99.01 99.01 100.00 100.00 100.00 100.00 0.00 0.00 100.00 99.01 100.00 100.00 100.00 100.00
 %time 1481824408
 %usr 0.62 0.00 0.00 0.00 0.00 0.00 0.00 0.00 0.00 3.03 6.93 0.00 0.00 0.00 0.00 0.00 0.00
 %sys 0.75 1.00 0.00 0.00 0.99 0.00 0.00 0.00 0.00 3.03 4.95 2.00 0.00 0.00 0.00 0.00 0.00
 %idle 87.19 99.00 100.00 100.00 99.01 100.00 100.00 100.00 100.00 0.00 0.00 98.00 100.00 100.00 100.00 100.00 100.00
 %time 1481824409
 %usr 1.12 0.00 0.00 0.00 0.00 0.00 0.00 0.00 0.00 10.00 8.00 0.00 0.00 0.00 0.00 0.00 0.00
 %sys 1.25 1.00 1.00 1.00 0.00 0.00 0.00 0.00 0.00 7.00 6.00 1.00 1.01 1.00 0.00 1.00 0.00
 %idle 87.07 99.00 99.00 99.00 100.00 100.00 100.00 100.00 100.00 0.00 0.00 99.00 98.99 99.00 100.00 99.00 100.00
 %time 1481824410
 %usr 0.69 0.00 0.00 0.00 0.00 0.00 0.00 0.00 0.00 4.04 6.00 0.00 0.00 0.00 0.00 0.00 0.00
 %sys 0.62 0.00 0.00 0.99 0.00 0.00 0.00 0.99 0.00 3.03 4.00 0.00 0.00 0.00 0.00 0.00 0.00
 %idle 87.26 100.00 100.00 99.01 100.00 100.00 100.00 99.01 100.00 0.00 0.00 100.00 100.00 100.00 100.00 100.00 100.00
 %time 1481824411
 %usr 0.69 0.00 0.00 0.00 0.00 0.00 0.00 0.00 0.00 4.00 7.00 0.00 0.00 0.00 0.00 0.00 0.00
 %sys 0.62 0.00 0.00 0.00 0.00 0.00 0.00 0.00 0.00 3.00 4.00 0.00 0.00 0.99 0.00 0.00 0.00
 %idle 87.32 100.00 100.00 100.00 100.00 100.00 100.00 100.00 100.00 0.00 0.00 100.00 100.00 99.01 100.00 100.00 100.00
 %time 1481824412
 %usr 0.50 0.00 0.00 0.00 0.00 0.00 0.00 0.00 0.00 3.92 4.95 0.00 0.00 0.00 0.00 0.00 0.00
 %sys 0.62 1.00 0.99 0.00 1.00 0.00 0.00 0.00 0.00 3.92 3.96 0.99 0.00 0.00 0.99 0.00 0.00
 %idle 87.31 99.00 99.01 100.00 99.00 100.00 100.00 100.00 100.00 0.00 0.00 99.01 100.00 100.00 99.01 100.00 100.00
 %time 1481824413
 %usr 0.94 0.00 0.00 0.00 0.00 0.00 0.00 0.00 0.00 7.92 7.00 0.00 0.00 0.00 0.00 0.00 0.00
 %sys 1.00 0.00 0.00 0.00 0.00 0.99 0.00 0.00 0.00 6.93 5.00 1.00 1.98 0.00 0.00 0.00 0.99
 %idle 87.25 100.00 100.00 100.00 100.00 99.01 100.00 100.00 100.00 0.00 0.00 99.00 98.02 100.00 100.00 100.00 99.01
 %time 1481824414
 %usr 0.87 0.00 0.00 0.00 0.00 0.00 0.00 0.00 0.00 8.08 6.00 0.00 0.00 0.00 0.00 0.00 0.00
 %sys 0.87 0.00 0.00 0.00 0.00 0.00 0.99 0.00 0.00 5.05 4.00 0.99 0.99 0.00 0.00 0.00 0.00
 %idle 87.26 100.00 100.00 100.00 100.00 100.00 99.01 100.00 100.00 0.00 0.00 99.01 99.01 100.00 100.00 100.00 100.00
 %time 1481824415
 %usr 0.69 0.00 0.00 0.00 0.00 0.00 0.00 0.00 0.00 4.00 7.00 0.00 0.00 0.00 0.00 0.00 0.00
 %sys 1.12 1.00 0.00 0.99 0.00 1.00 0.00 0.00 1.00 4.00 6.00 1.00 1.00 0.99 0.99 0.00 0.00
 %idle 86.95 99.00 100.00 99.01 100.00 99.00 100.00 100.00 99.00 0.00 0.00 99.00 99.00 99.01 99.01 100.00 100.00
 %time 1481824416
 %usr 0.62 0.00 0.00 0.00 0.00 0.00 0.00 0.00 0.00 3.03 6.00 0.00 0.00 0.00 0.00 0.00 0.00
 %sys 0.87 0.00 0.99 0.00 0.00 0.00 0.99 0.00 0.00 3.03 5.00 1.01 0.00 0.00 0.00 0.00 0.00
 %idle 87.13 100.00 99.01 100.00 100.00 100.00 99.01 100.00 100.00 0.00 0.00 98.99 100.00 100.00 100.00 100.00 100.00
 %time 1481824418
 %usr 0.37 0.00 0.00 0.00 0.00 0.00 0.00 0.00 0.00 1.00 4.04 0.00 0.00 0.00 0.00 0.00 0.00
 %sys 0.37 0.99 0.00 0.00 0.00 0.00 0.00 0.00 0.00 2.00 3.03 0.00 0.00 0.00 0.00 0.00 0.00
 %idle 87.38 99.01 100.00 100.00 100.00 100.00 100.00 100.00 100.00 0.00 0.00 100.00 100.00 100.00 100.00 100.00 100.00
 %time 1481824419
 %usr 0.62 0.00 0.00 0.00 0.00 0.00 0.00 0.00 0.00 4.95 5.05 0.00 0.00 0.00 0.00 0.00 0.00
 %sys 0.75 1.00 0.00 0.00 0.00 0.00 0.00 0.00 0.00 2.97 5.05 1.00 0.00 0.00 0.99 0.00 0.00
 %idle 87.26 99.00 100.00 100.00 100.00 100.00 100.00 100.00 100.00 0.00 0.00 99.00 100.00 100.00 99.01 100.00 100.00
 %time 1481824420
 %usr 0.31 0.00 0.00 0.00 0.00 0.00 0.00 0.00 0.00 1.00 4.95 0.00 0.00 0.00 0.00 0.00 0.00
 %sys 0.38 0.00 0.00 0.00 0.00 0.00 0.00 0.00 0.00 1.00 2.97 1.00 0.00 0.00 0.00 0.00 0.00
 %idle 87.38 100.00 100.00 100.00 100.00 100.00 100.00 100.00 100.00 0.00 0.00 99.00 100.00 100.00 100.00 100.00 100.00
 %time 1481824421
 %usr 0.56 0.00 0.00 0.00 0.00 0.00 0.00 0.00 0.00 2.97 6.00 0.00 0.00 0.00 0.00 0.00 0.00
 %sys 0.75 0.00 0.00 0.00 0.00 0.00 0.00 0.00 0.00 2.97 5.00 2.00 0.99 1.00 0.00 0.99 0.00
 %idle 87.26 100.00 100.00 100.00 100.00 100.00 100.00 100.00 100.00 0.00 0.00 98.00 99.01 99.00 100.00 99.01 100.00
 %time 1481824422
 %usr 0.56 0.00 0.00 0.00 0.00 0.00 0.00 0.00 0.00 4.00 6.06 0.00 0.00 0.00 0.00 0.00 0.00
 %sys 0.75 0.00 0.00 0.00 0.00 0.00 0.99 0.00 0.00 4.00 4.04 2.00 0.00 0.00 0.99 0.00 0.00
 %idle 87.30 100.00 100.00 100.00 100.00 100.00 99.01 100.00 100.00 0.00 0.00 98.00 100.00 100.00 99.01 100.00 100.00
 %time 1481824423
 %usr 0.75 0.00 0.00 0.00 0.00 0.00 0.00 0.00 0.00 6.00 5.94 0.00 0.00 0.00 0.00 0.00 0.00
 %sys 0.87 0.00 0.99 1.00 0.00 0.00 0.00 0.00 0.99 4.00 4.95 0.00 0.00 0.00 0.00 0.00 0.00
 %idle 87.20 100.00 99.01 99.00 100.00 100.00 100.00 100.00 99.01 0.00 0.00 100.00 100.00 100.00 100.00 100.00 100.00
 %time 1481824425
 %usr 0.75 0.00 0.00 0.00 0.00 0.00 0.00 0.00 0.00 6.00 6.86 0.00 0.00 0.00 0.00 0.00 0.00
 %sys 1.00 1.00 1.00 0.00 0.99 0.00 0.00 0.00 0.00 5.00 4.90 1.00 0.99 0.00 0.99 0.00 0.00
 %idle 87.07 99.00 99.00 100.00 99.01 100.00 100.00 100.00 100.00 0.00 0.00 99.00 99.01 100.00 99.01 100.00 100.00
 %time 1481824426
 %usr 0.44 0.00 0.00 0.00 0.00 0.00 0.00 0.00 0.00 3.96 4.00 0.00 0.00 0.00 0.00 0.00 0.00
 %sys 0.62 0.00 0.00 0.99 0.00 0.00 0.00 0.00 0.00 2.97 4.00 0.00 0.00 0.00 0.00 0.00 0.00
 %idle 87.31 100.00 100.00 99.01 100.00 100.00 100.00 100.00 100.00 0.00 0.00 100.00 100.00 100.00 100.00 100.00 100.00
 %time 1481824427
 %usr 0.44 0.00 0.00 0.00 0.00 0.00 0.00 0.00 0.00 3.96 4.04 0.00 0.00 0.00 0.00 0.00 0.00
 %sys 0.56 1.00 0.00 0.00 0.99 0.00 0.00 0.00 0.00 2.97 3.03 0.00 0.00 0.00 0.00 0.00 0.00
 %idle 87.32 99.00 100.00 100.00 99.01 100.00 100.00 100.00 100.00 0.00 0.00 100.00 100.00 100.00 100.00 100.00 100.00
 %time 1481824428
 %usr 0.88 0.00 0.00 0.00 0.00 0.00 0.00 0.00 0.00 8.00 6.00 0.00 0.00 0.00 0.00 0.00 0.00
 %sys 0.88 1.00 0.00 0.00 0.00 0.00 0.00 0.00 0.00 5.00 4.00 0.99 1.00 0.99 0.00 0.00 0.00
 %idle 87.24 99.00 100.00 100.00 100.00 100.00 100.00 100.00 100.00 0.00 0.00 99.01 99.00 99.01 100.00 100.00 100.00
 %time 1481824429
 %usr 1.00 0.00 0.00 0.00 0.00 0.00 0.00 0.00 0.00 8.91 6.06 0.00 0.00 0.00 0.00 0.00 0.00
 %sys 0.94 0.00 0.00 0.00 0.00 0.00 0.99 0.00 0.00 6.93 4.04 0.00 1.00 1.00 0.00 0.00 0.00
 %idle 87.20 100.00 100.00 100.00 100.00 100.00 99.01 100.00 100.00 0.00 0.00 100.00 99.00 99.00 100.00 100.00 100.00
 %time 1481824430
 %usr 0.94 0.00 0.00 0.00 0.00 0.00 0.00 0.00 0.00 7.92 6.93 0.00 0.00 0.00 0.00 0.00 0.00
 %sys 0.94 0.99 0.99 0.00 0.00 0.00 0.00 0.00 0.00 5.94 4.95 1.00 1.00 0.00 1.00 1.00 0.99
 %idle 87.15 99.01 99.01 100.00 100.00 100.00 100.00 100.00 100.00 0.00 0.00 99.00 99.00 100.00 99.00 99.00 99.01
 %time 1481824431
 %usr 0.63 0.00 0.00 0.00 0.00 0.00 0.00 0.00 0.00 5.00 6.00 0.00 0.00 0.00 0.00 0.00 0.00
 %sys 0.69 0.00 0.00 0.00 0.00 0.00 0.00 0.00 0.00 4.00 5.00 0.00 0.99 0.99 0.00 0.00 0.00
 %idle 87.42 100.00 100.00 100.00 100.00 100.00 100.00 100.00 100.00 0.00 0.00 100.00 99.01 99.01 100.00 100.00 100.00
 %time 1481824432
 %usr 0.56 0.00 0.00 0.00 0.00 0.00 0.00 0.00 0.00 3.00 5.94 0.00 0.00 0.00 0.00 0.00 0.00
 %sys 0.69 0.00 1.00 0.00 0.00 0.00 0.00 0.00 0.00 2.00 4.95 1.00 0.00 0.00 0.00 0.00 0.00
 %idle 87.26 100.00 99.00 100.00 100.00 100.00 100.00 100.00 100.00 0.00 0.00 99.00 100.00 100.00 100.00 100.00 100.00
 %time 1481824434
 %usr 0.75 0.00 0.00 0.00 0.00 0.00 0.00 0.00 0.00 4.00 8.00 0.00 0.00 0.00 0.00 0.00 0.00
 %sys 0.75 1.00 0.00 1.00 0.99 0.99 0.00 0.00 0.00 3.00 5.00 0.99 0.00 0.00 0.00 0.00 0.00
 %idle 87.26 99.00 100.00 99.00 99.01 99.01 100.00 100.00 100.00 0.00 0.00 99.01 100.00 100.00 100.00 100.00 100.00
 %time 1481824435
 %usr 0.81 0.00 0.00 0.00 0.00 0.00 0.00 0.00 0.00 5.00 7.92 0.00 0.00 0.00 0.00 0.00 0.00
 %sys 0.87 1.00 1.00 0.00 0.99 0.00 1.00 0.00 0.00 5.00 4.95 0.00 0.00 0.00 0.00 0.00 0.00
 %idle 87.20 99.00 99.00 100.00 99.01 100.00 99.00 100.00 100.00 0.00 0.00 100.00 100.00 100.00 100.00 100.00 100.00
 %time 1481824436
 %usr 0.75 0.00 0.00 0.00 0.00 0.00 0.00 0.00 0.00 4.95 7.92 0.00 0.00 0.00 0.00 0.00 0.00
 %sys 0.81 1.00 0.00 0.00 0.00 0.00 0.00 0.00 0.00 3.96 5.94 0.00 0.00 0.99 0.00 0.00 0.99
 %idle 87.32 99.00 100.00 100.00 100.00 100.00 100.00 100.00 100.00 0.00 0.00 100.00 100.00 99.01 100.00 100.00 99.01
 %time 1481824437
 %usr 5.24 0.00 0.00 0.00 0.00 0.00 0.00 0.00 0.00 76.77 7.92 0.00 0.00 0.00 0.00 0.00 0.00
 %sys 0.62 1.00 0.00 0.99 0.00 0.00 0.00 0.00 0.99 1.01 5.94 0.00 0.00 0.00 0.00 0.00 0.00
 %idle 87.27 99.00 100.00 99.01 100.00 100.00 100.00 100.00 99.01 0.00 0.00 100.00 100.00 100.00 100.00 100.00 100.00
 %time 1481824438
 %usr 6.69 0.00 0.00 0.00 0.00 0.00 0.00 0.00 0.00 100.00 7.00 0.00 0.00 0.00 0.00 0.00 0.00
 %sys 0.44 0.00 0.00 0.00 0.00 0.00 0.00 0.00 0.00 0.00 5.00 0.00 0.00 0.00 0.00 0.00 0.00
 %idle 87.38 100.00 100.00 100.00 100.00 100.00 100.00 100.00 100.00 0.00 0.00 100.00 100.00 100.00 100.00 100.00 100.00
 %time 1481824439
 %usr 6.62 0.00 0.00 0.00 0.00 0.00 0.00 0.00 0.00 100.00 6.00 0.00 0.00 0.00 0.00 0.00 0.00
 %sys 0.38 0.00 0.00 0.00 0.00 0.00 0.00 0.00 0.00 0.00 4.00 0.00 0.00 0.00 0.00 0.00 0.00
 %idle 87.38 100.00 100.00 100.00 100.00 100.00 100.00 100.00 100.00 0.00 0.00 100.00 100.00 100.00 100.00 100.00 100.00
 %time 1481824440
 %usr 6.69 0.00 0.00 0.00 0.00 0.00 0.00 0.00 0.00 100.00 6.06 0.00 0.00 0.00 0.00 0.00 0.00
 %sys 0.56 0.99 1.00 0.99 1.00 0.00 0.00 0.99 0.00 0.00 4.04 1.00 0.00 0.99 1.00 0.99 0.00
 %idle 87.19 99.01 99.00 99.01 99.00 100.00 100.00 99.01 100.00 0.00 0.00 99.00 100.00 99.01 99.00 99.01 100.00
 %time 1481824441
 %usr 6.62 0.00 0.00 0.00 0.00 0.00 0.00 0.00 0.00 100.00 6.00 0.00 0.00 0.00 0.00 0.00 0.00
 %sys 0.31 0.00 0.00 0.00 0.00 0.00 0.00 0.00 0.00 0.00 4.00 0.00 0.00 0.00 0.00 0.00 0.00
 %idle 87.44 100.00 100.00 100.00 100.00 100.00 100.00 100.00 100.00 0.00 0.00 100.00 100.00 100.00 100.00 100.00 100.00
 %time 1481824442
 %usr 6.69 0.00 0.00 0.00 0.00 0.00 0.00 0.00 0.00 100.00 7.00 0.00 0.00 0.00 0.00 0.00 0.00
 %sys 0.50 0.00 1.00 0.00 0.00 0.00 0.00 0.00 0.00 0.00 5.00 0.99 0.99 0.00 0.00 0.00 0.99
 %idle 87.31 100.00 99.00 100.00 100.00 100.00 100.00 100.00 100.00 0.00 0.00 99.01 99.01 100.00 100.00 100.00 99.01
 %time 1481824444
 %usr 6.62 0.00 0.00 0.00 0.00 0.00 0.00 0.00 0.00 100.00 6.00 0.00 0.00 0.00 0.00 0.00 0.00
 %sys 0.31 0.00 0.99 0.00 0.00 0.00 0.00 0.00 0.00 0.00 4.00 0.00 0.00 0.00 0.00 0.00 0.00
 %idle 87.38 100.00 99.01 100.00 100.00 100.00 100.00 100.00 100.00 0.00 0.00 100.00 100.00 100.00 100.00 100.00 100.00
 %time 1481824445
 %usr 6.62 0.00 0.00 0.00 0.00 0.00 0.00 0.00 0.00 100.00 5.94 0.00 0.00 0.00 0.00 0.00 0.00
 %sys 0.44 0.00 0.00 0.00 0.00 0.00 0.00 0.00 0.00 0.00 3.96 0.00 0.00 0.00 0.00 0.99 0.00
 %idle 87.32 100.00 100.00 100.00 100.00 100.00 100.00 100.00 100.00 0.00 0.00 100.00 100.00 100.00 100.00 99.01 100.00
 %time 1481824446
 %usr 6.63 0.00 0.00 0.00 0.00 0.00 0.00 0.00 0.00 100.00 6.06 0.00 0.00 0.00 0.00 0.00 0.00
 %sys 0.44 1.00 0.99 0.00 0.00 0.00 0.00 0.00 0.00 0.00 4.04 0.00 0.00 0.00 0.00 0.00 0.00
 %idle 87.36 99.00 99.01 100.00 100.00 100.00 100.00 100.00 100.00 0.00 0.00 100.00 100.00 100.00 100.00 100.00 100.00
 %time 1481824447
 %usr 6.62 0.00 0.00 0.00 0.00 0.00 0.00 0.00 0.00 100.00 6.00 0.00 0.00 0.00 0.00 0.00 0.00
 %sys 0.31 0.00 0.00 0.00 0.00 0.00 0.00 0.00 0.00 0.00 4.00 0.00 0.00 0.00 0.00 0.00 0.00
 %idle 87.44 100.00 100.00 100.00 100.00 100.00 100.00 100.00 100.00 0.00 0.00 100.00 100.00 100.00 100.00 100.00 100.00
 %time 1481824448
 %usr 6.68 0.00 0.00 0.00 0.00 0.00 0.00 0.00 0.00 100.00 7.00 0.00 0.00 0.00 0.00 0.00 0.00
 %sys 0.44 0.00 0.99 0.00 1.00 0.00 0.00 0.00 0.00 0.00 4.00 1.00 0.00 0.00 0.00 0.00 0.00
 %idle 87.38 100.00 99.01 100.00 99.00 100.00 100.00 100.00 100.00 0.00 0.00 99.00 100.00 100.00 100.00 100.00 100.00
 %time 1481824449
 %usr 6.74 0.00 0.00 0.00 0.00 0.00 0.00 0.00 0.00 100.00 7.92 0.00 0.00 0.00 0.00 0.00 0.00
 %sys 0.44 0.00 0.00 0.00 0.00 0.00 0.00 0.00 0.00 0.00 4.95 0.99 1.00 0.00 0.00 0.00 0.00
 %idle 87.33 100.00 100.00 100.00 100.00 100.00 100.00 100.00 100.00 0.00 0.00 99.01 99.00 100.00 100.00 100.00 100.00
 %time 1481824450
 %usr 6.61 0.00 0.00 0.00 0.00 0.00 0.00 0.00 0.00 100.00 6.00 0.00 0.00 0.00 0.00 0.00 0.00
 %sys 0.44 0.00 0.99 0.00 0.00 0.00 0.00 0.00 0.00 0.00 4.00 1.00 0.99 0.00 0.00 0.00 0.99
 %idle 87.27 100.00 99.01 100.00 100.00 100.00 100.00 100.00 100.00 0.00 0.00 99.00 99.01 100.00 100.00 100.00 99.01
 %time 1481824451
 %usr 6.62 0.00 0.00 0.00 0.00 0.00 0.00 0.00 0.00 100.00 5.94 0.00 0.00 0.00 0.00 0.00 0.00
 %sys 0.31 0.00 0.00 0.00 0.00 0.99 0.00 0.00 0.99 0.00 3.96 0.00 0.00 0.00 0.00 0.00 0.00
 %idle 87.38 100.00 100.00 100.00 100.00 99.01 100.00 100.00 99.01 0.00 0.00 100.00 100.00 100.00 100.00 100.00 100.00
 %time 1481824453
 %usr 6.62 0.00 0.00 0.00 0.00 0.00 0.00 0.00 0.00 100.00 6.00 0.00 0.00 0.00 0.00 0.00 0.00
 %sys 0.44 0.00 0.00 0.00 0.00 0.00 0.00 0.00 0.00 0.00 4.00 0.00 0.00 0.00 0.00 0.00 0.00
 %idle 87.32 100.00 100.00 100.00 100.00 100.00 100.00 100.00 100.00 0.00 0.00 100.00 100.00 100.00 100.00 100.00 100.00
 %time 1481824454
 %usr 6.70 0.00 0.00 0.00 0.00 0.00 0.00 0.00 0.00 100.00 8.00 0.00 0.00 0.00 0.00 0.00 0.00
 %sys 0.38 0.00 0.00 0.00 0.00 0.00 0.00 0.00 0.00 0.00 5.00 0.00 0.99 0.99 0.99 0.00 0.00
 %idle 87.48 100.00 100.00 100.00 100.00 100.00 100.00 100.00 100.00 0.00 0.00 100.00 99.01 99.01 99.01 100.00 100.00
 %time 1481824455
 %usr 6.68 0.00 0.00 0.00 0.00 0.00 0.00 0.00 0.00 100.00 7.00 0.00 0.00 0.00 0.00 0.00 0.00
 %sys 0.50 0.99 0.00 0.00 0.00 0.00 0.99 0.00 0.00 0.00 5.00 0.00 0.99 0.99 0.00 0.00 0.00
 %idle 87.32 99.01 100.00 100.00 100.00 100.00 99.01 100.00 100.00 0.00 0.00 100.00 99.01 99.01 100.00 100.00 100.00
 %time 1481824456
 %usr 6.50 0.00 0.00 0.00 0.00 0.00 0.00 0.00 0.00 100.00 4.00 0.00 0.00 0.00 0.00 0.00 0.00
 %sys 0.31 0.00 0.00 0.00 0.99 0.00 0.00 0.00 0.00 0.00 3.00 0.00 0.00 0.00 0.00 0.00 0.00
 %idle 87.38 100.00 100.00 100.00 99.01 100.00 100.00 100.00 100.00 0.00 0.00 100.00 100.00 100.00 100.00 100.00 100.00
 %time 1481824457
 %usr 6.75 0.00 0.00 0.00 0.00 0.00 0.00 0.00 0.00 100.00 7.00 0.00 0.00 0.00 0.00 0.00 0.00
 %sys 0.44 0.00 0.00 0.99 0.00 0.00 0.00 1.00 0.00 0.00 4.00 0.00 0.00 0.00 0.00 0.00 0.00
 %idle 87.32 100.00 100.00 99.01 100.00 100.00 100.00 99.00 100.00 0.00 0.00 100.00 100.00 100.00 100.00 100.00 100.00
 %time 1481824458
 %usr 6.62 0.00 0.00 0.00 0.00 0.00 0.00 0.00 0.00 100.00 6.06 0.00 0.00 0.00 0.00 0.00 0.00
 %sys 0.44 0.99 0.00 1.00 0.00 0.00 0.00 0.00 0.00 0.00 4.04 0.00 0.00 0.99 0.00 0.00 0.00
 %idle 87.38 99.01 100.00 99.00 100.00 100.00 100.00 100.00 100.00 0.00 0.00 100.00 100.00 99.01 100.00 100.00 100.00
 %time 1481824459
 %usr 6.62 0.00 0.00 0.00 0.00 0.00 0.00 0.00 0.00 100.00 6.00 0.00 0.00 0.00 0.00 0.00 0.00
 %sys 0.31 0.99 0.00 0.00 0.00 0.00 0.00 0.00 0.00 0.00 4.00 0.00 0.00 0.00 0.00 0.00 0.00
 %idle 87.44 99.01 100.00 100.00 100.00 100.00 100.00 100.00 100.00 0.00 0.00 100.00 100.00 100.00 100.00 100.00 100.00
 %time 1481824460
 %usr 6.69 0.00 0.00 0.00 0.00 0.00 0.00 0.00 0.00 100.00 7.00 0.00 0.00 0.00 0.00 0.00 0.00
 %sys 0.44 0.00 0.00 0.00 0.00 0.00 0.00 1.00 0.00 0.00 5.00 0.00 0.99 0.00 0.00 0.00 0.99
 %idle 87.38 100.00 100.00 100.00 100.00 100.00 100.00 99.00 100.00 0.00 0.00 100.00 99.01 100.00 100.00 100.00 99.01
 %time 1481824461
 %usr 6.62 0.00 0.00 0.00 0.00 0.00 0.00 0.00 0.00 100.00 5.05 0.00 0.00 0.00 0.00 0.00 0.00
 %sys 0.31 0.99 0.00 0.00 0.00 0.00 0.00 0.00 0.00 0.00 4.04 0.00 0.00 0.00 0.00 0.00 0.00
 %idle 87.44 99.01 100.00 100.00 100.00 100.00 100.00 100.00 100.00 0.00 0.00 100.00 100.00 100.00 100.00 100.00 100.00
 %time 1481824463
 %usr 6.62 0.00 0.00 0.00 0.00 0.00 0.00 0.00 0.00 100.00 6.00 0.00 0.00 0.00 0.00 0.00 0.00
 %sys 0.31 0.00 0.00 0.00 0.00 1.00 0.00 0.00 0.00 0.00 4.00 0.00 0.00 0.00 0.00 0.00 0.00
 %idle 87.44 100.00 100.00 100.00 100.00 99.00 100.00 100.00 100.00 0.00 0.00 100.00 100.00 100.00 100.00 100.00 100.00
 %time 1481824464
 %usr 6.63 0.00 0.00 0.00 0.00 0.00 0.00 0.00 0.00 100.00 6.00 0.00 0.00 0.00 0.00 0.00 0.00
 %sys 0.31 0.00 0.00 0.00 0.00 0.00 0.00 0.00 0.00 0.00 4.00 0.00 0.00 0.00 0.00 0.99 0.00
 %idle 87.43 100.00 100.00 100.00 100.00 100.00 100.00 100.00 100.00 0.00 0.00 100.00 100.00 100.00 100.00 99.01 100.00
 %time 1481824465
 %usr 6.62 0.00 0.00 0.00 0.00 0.00 0.00 0.00 0.00 100.00 6.00 0.00 0.00 0.00 0.00 0.00 0.00
 %sys 0.56 1.00 0.00 0.99 0.00 0.00 0.00 0.00 0.00 0.00 4.00 0.00 0.00 0.00 0.00 0.00 0.00
 %idle 87.19 99.00 100.00 99.01 100.00 100.00 100.00 100.00 100.00 0.00 0.00 100.00 100.00 100.00 100.00 100.00 100.00
 %time 1481824466
 %usr 6.62 0.00 0.00 0.00 0.00 0.00 0.00 0.00 0.00 100.00 5.94 0.00 0.00 0.00 0.00 0.00 0.00
 %sys 0.38 0.00 0.00 0.00 1.00 0.00 0.00 0.00 0.00 0.00 3.96 0.00 0.00 0.00 0.00 0.00 0.00
 %idle 87.38 100.00 100.00 100.00 99.00 100.00 100.00 100.00 100.00 0.00 0.00 100.00 100.00 100.00 100.00 100.00 100.00
 %time 1481824467
 %usr 6.62 0.00 0.00 0.00 0.00 0.00 0.00 0.00 0.00 100.00 5.94 0.00 0.00 0.00 0.00 0.00 0.00
 %sys 0.37 0.00 0.00 0.00 0.99 0.00 0.00 0.00 0.00 0.00 3.96 0.99 0.00 0.00 0.99 0.00 0.00
 %idle 87.33 100.00 100.00 100.00 99.01 100.00 100.00 100.00 100.00 0.00 0.00 99.01 100.00 100.00 99.01 100.00 100.00
 %time 1481824468
 %usr 6.69 0.00 0.00 0.00 0.00 0.00 0.00 0.00 0.00 100.00 7.00 0.00 0.00 0.00 0.00 0.00 0.00
 %sys 0.44 0.00 0.00 0.00 0.00 0.00 0.00 0.00 0.00 0.00 5.00 0.00 0.00 0.00 0.00 0.00 0.00
 %idle 87.38 100.00 100.00 100.00 100.00 100.00 100.00 100.00 100.00 0.00 0.00 100.00 100.00 100.00 100.00 100.00 100.00
 %time 1481824469
 %usr 6.62 0.00 0.00 0.00 0.00 0.00 0.00 0.00 0.00 100.00 6.00 0.00 0.00 0.00 0.00 0.00 0.00
 %sys 0.38 0.00 0.00 0.00 0.00 0.00 0.00 0.00 0.00 0.00 4.00 0.00 0.00 0.00 0.00 0.00 0.00
 %idle 87.38 100.00 100.00 100.00 100.00 100.00 100.00 100.00 100.00 0.00 0.00 100.00 100.00 100.00 100.00 100.00 100.00
 %time 1481824470
 %usr 6.75 0.00 0.00 0.00 0.00 0.00 0.00 0.00 0.00 100.00 8.08 0.00 0.00 0.00 0.00 0.00 0.00
 %sys 0.38 0.00 0.99 0.00 0.00 0.99 0.00 0.00 0.99 0.00 4.04 0.99 0.99 0.00 0.00 0.00 0.00
 %idle 87.44 100.00 99.01 100.00 100.00 99.01 100.00 100.00 99.01 0.00 0.00 99.01 99.01 100.00 100.00 100.00 100.00
 %time 1481824471
 %usr 6.75 0.00 0.00 0.00 0.00 0.00 0.00 0.00 0.00 100.00 7.00 0.00 0.00 0.00 0.00 0.00 0.00
 %sys 0.44 0.00 0.00 0.00 0.00 0.99 0.00 0.00 0.00 0.00 5.00 0.00 0.00 0.00 0.00 0.00 0.00
 %idle 87.32 100.00 100.00 100.00 100.00 99.01 100.00 100.00 100.00 0.00 0.00 100.00 100.00 100.00 100.00 100.00 100.00
 %time 1481824473
 %usr 6.68 0.00 0.00 0.00 0.00 0.00 0.00 0.00 0.00 99.02 7.07 0.00 0.00 0.00 0.00 0.00 0.00
 %sys 0.44 0.00 0.00 0.99 1.00 0.00 0.00 0.99 0.00 0.00 4.04 1.00 0.99 0.00 1.00 0.00 0.99
 %idle 87.32 100.00 100.00 99.01 99.00 100.00 100.00 99.01 100.00 0.98 0.00 99.00 99.01 100.00 99.00 100.00 99.01
 %time 1481824474
 %usr 6.62 0.00 0.00 0.00 0.00 0.00 0.00 0.00 0.00 100.00 6.00 0.00 0.00 0.00 0.00 0.00 0.00
 %sys 0.44 1.00 0.00 0.99 0.00 0.99 0.00 0.00 0.00 0.00 4.00 0.00 0.99 0.00 0.00 0.00 0.00
 %idle 87.32 99.00 100.00 99.01 100.00 99.01 100.00 100.00 100.00 0.00 0.00 100.00 99.01 100.00 100.00 100.00 100.00
 %time 1481824475
 %usr 6.62 0.00 0.00 0.00 0.00 0.00 0.00 0.00 0.00 100.00 6.00 0.00 0.00 0.00 0.00 0.00 0.00
 %sys 0.44 0.99 0.99 0.00 0.00 0.00 0.00 0.00 0.00 0.00 4.00 0.00 0.99 0.00 0.00 0.00 0.00
 %idle 87.27 99.01 99.01 100.00 100.00 100.00 100.00 100.00 100.00 0.00 0.00 100.00 99.01 100.00 100.00 100.00 100.00
 %time 1481824476
 %usr 6.69 0.00 0.00 0.00 0.00 0.00 0.00 0.00 0.00 100.00 6.93 0.00 0.00 0.00 0.00 0.00 0.00
 %sys 0.38 0.00 0.00 0.00 0.00 0.00 0.00 0.00 0.00 0.00 4.95 0.00 0.00 0.00 0.00 0.00 0.00
 %idle 87.38 100.00 100.00 100.00 100.00 100.00 100.00 100.00 100.00 0.00 0.00 100.00 100.00 100.00 100.00 100.00 100.00
 %time 1481824477
 %usr 6.75 0.00 0.00 0.00 0.00 0.00 0.00 0.00 0.00 100.00 7.00 0.00 0.00 0.00 0.00 0.00 0.00
 %sys 0.50 0.00 0.99 0.00 0.00 0.00 0.00 0.00 0.00 0.00 5.00 0.99 0.00 0.99 0.00 0.00 0.00
 %idle 87.26 100.00 99.01 100.00 100.00 100.00 100.00 100.00 100.00 0.00 0.00 99.01 100.00 99.01 100.00 100.00 100.00
 %time 1481824478
 %usr 6.70 0.00 0.00 0.00 0.00 0.00 0.00 0.00 0.00 100.00 7.00 0.00 0.00 0.00 0.00 0.00 0.00
 %sys 0.38 0.00 0.00 0.00 0.00 0.00 0.00 0.00 0.00 0.00 5.00 0.00 0.00 0.00 0.99 0.00 0.00
 %idle 87.42 100.00 100.00 100.00 100.00 100.00 100.00 100.00 100.00 0.00 0.00 100.00 100.00 100.00 99.01 100.00 100.00
 %time 1481824479
 %usr 6.75 0.00 0.00 0.00 0.00 0.00 0.00 0.00 0.00 100.00 6.93 0.00 0.00 0.00 0.00 0.00 0.00
 %sys 0.38 0.00 0.00 0.00 0.00 0.00 0.00 0.00 0.00 0.00 4.95 0.99 0.00 0.00 0.00 0.00 0.00
 %idle 87.38 100.00 100.00 100.00 100.00 100.00 100.00 100.00 100.00 0.00 0.00 99.01 100.00 100.00 100.00 100.00 100.00
 %time 1481824480
 %usr 6.82 0.00 0.00 0.00 0.00 0.00 0.00 0.00 0.00 100.00 9.00 0.00 0.00 0.00 0.00 0.00 0.00
 %sys 0.50 0.99 0.99 0.00 0.00 0.00 0.00 0.00 0.00 0.00 6.00 0.00 0.99 0.00 0.00 0.00 1.00
 %idle 87.37 99.01 99.01 100.00 100.00 100.00 100.00 100.00 100.00 0.00 0.00 100.00 99.01 100.00 100.00 100.00 99.00
 %time 1481824481
 %usr 6.75 0.00 0.00 0.00 0.00 0.00 0.00 0.00 0.00 100.00 8.91 0.00 0.00 0.00 0.00 0.00 0.00
 %sys 0.50 0.00 0.00 0.00 0.00 0.99 0.00 0.00 0.00 0.00 5.94 0.99 0.00 0.00 0.00 0.99 0.00
 %idle 87.38 100.00 100.00 100.00 100.00 99.01 100.00 100.00 100.00 0.00 0.00 99.01 100.00 100.00 100.00 99.01 100.00
 %time 1481824483
 %usr 6.69 0.00 0.00 0.00 0.00 0.00 0.00 0.00 0.00 100.00 7.00 0.00 0.00 0.00 0.00 0.00 0.00
 %sys 0.50 0.99 1.00 0.00 0.00 0.00 0.00 0.00 0.00 0.00 5.00 0.99 0.00 0.99 0.00 0.00 0.00
 %idle 87.31 99.01 99.00 100.00 100.00 100.00 100.00 100.00 100.00 0.00 0.00 99.01 100.00 99.01 100.00 100.00 100.00
 %time 1481824484
 %usr 7.12 0.00 0.00 0.00 0.00 0.00 0.00 0.00 0.00 99.01 13.00 0.00 0.00 0.00 0.00 0.00 0.00
 %sys 0.75 0.00 1.00 0.00 0.00 0.00 0.00 0.00 0.00 0.99 7.00 0.99 0.00 0.00 0.99 1.00 0.00
 %idle 87.14 100.00 99.00 100.00 100.00 100.00 100.00 100.00 100.00 0.00 0.00 99.01 100.00 100.00 99.01 99.00 100.00
 %time 1481824485
 %usr 12.55 0.00 0.00 0.00 0.00 0.00 0.00 0.00 0.00 100.00 100.00 0.00 0.00 0.00 0.00 0.00 0.00
 %sys 0.12 0.00 0.00 0.00 0.00 0.00 0.00 0.00 0.00 0.00 0.00 0.00 0.00 0.00 0.00 0.00 0.00
 %idle 87.32 100.00 100.00 100.00 100.00 100.00 100.00 100.00 100.00 0.00 0.00 100.00 100.00 100.00 100.00 100.00 100.00
 %time 1481824486
 %usr 12.50 0.00 0.00 0.00 0.00 0.00 0.00 0.00 0.00 100.00 100.00 0.00 0.00 0.00 0.00 0.00 0.00
 %sys 0.12 0.00 0.00 0.00 0.00 0.00 0.00 0.00 0.00 0.00 0.00 2.00 0.00 0.00 0.00 0.00 0.00
 %idle 87.38 100.00 100.00 100.00 100.00 100.00 100.00 100.00 100.00 0.00 0.00 98.00 100.00 100.00 100.00 100.00 100.00
 %time 1481824487
 %usr 12.50 0.00 0.00 0.00 0.00 0.00 0.00 0.00 0.00 100.00 100.00 0.00 0.00 0.00 0.00 0.00 0.00
 %sys 0.00 0.00 0.00 0.00 0.00 0.00 0.00 0.00 0.00 0.00 0.00 0.00 0.00 0.00 0.00 0.00 0.00
 %idle 87.50 100.00 100.00 100.00 100.00 100.00 100.00 100.00 100.00 0.00 0.00 100.00 100.00 100.00 100.00 100.00 100.00
 %time 1481824488
 %usr 12.55 0.00 0.00 0.00 0.00 0.00 0.00 0.00 0.00 100.00 100.00 0.00 0.00 0.00 0.00 0.00 0.00
 %sys 0.00 0.00 0.00 0.00 0.00 0.00 0.00 0.00 0.00 0.00 0.00 0.99 0.00 0.00 0.00 0.00 0.00
 %idle 87.45 100.00 100.00 100.00 100.00 100.00 100.00 100.00 100.00 0.00 0.00 99.01 100.00 100.00 100.00 100.00 100.00
 %time 1481824489
 %usr 12.50 0.00 0.00 0.00 0.00 0.00 0.00 0.00 0.00 100.00 100.00 0.00 0.00 0.00 0.00 0.00 0.00
 %sys 0.00 0.00 0.00 0.00 0.00 0.00 0.00 0.00 0.00 0.00 0.00 0.00 0.00 0.00 0.00 0.00 0.00
 %idle 87.50 100.00 100.00 100.00 100.00 100.00 100.00 100.00 100.00 0.00 0.00 100.00 100.00 100.00 100.00 100.00 100.00
 %time 1481824490
 %usr 12.51 0.00 0.00 0.00 0.00 0.00 0.00 0.00 0.00 100.00 100.00 0.00 0.00 0.00 0.00 0.00 0.00
 %sys 0.31 0.00 1.00 0.00 0.00 0.00 0.99 0.00 0.00 0.00 0.00 2.00 1.00 0.00 0.00 0.00 0.00
 %idle 87.18 100.00 99.00 100.00 100.00 100.00 99.01 100.00 100.00 0.00 0.00 98.00 99.00 100.00 100.00 100.00 100.00
 %time 1481824491
 %usr 12.50 0.00 0.00 0.00 0.00 0.00 0.00 0.00 0.00 100.00 100.00 0.00 0.00 0.00 0.00 0.00 0.00
 %sys 0.06 0.00 0.00 0.00 0.00 0.00 0.00 0.00 0.00 0.00 0.00 0.00 0.00 0.00 0.00 0.00 0.00
 %idle 87.44 100.00 100.00 100.00 100.00 100.00 100.00 100.00 100.00 0.00 0.00 100.00 100.00 100.00 100.00 100.00 100.00
 %time 1481824492
 %usr 12.51 0.00 0.00 0.00 0.00 0.00 0.00 0.00 0.00 100.00 100.00 0.00 0.00 0.00 0.00 0.00 0.00
 %sys 0.00 0.00 0.00 0.00 0.00 0.00 0.00 0.00 0.00 0.00 0.00 0.00 0.00 0.00 0.00 0.00 0.99
 %idle 87.49 100.00 100.00 100.00 100.00 100.00 100.00 100.00 100.00 0.00 0.00 100.00 100.00 100.00 100.00 100.00 99.01
 %time 1481824494
 %usr 11.69 0.00 0.00 0.00 0.00 0.00 0.00 0.00 0.00 93.94 93.07 0.00 0.00 0.00 0.00 0.00 0.00
 %sys 0.06 0.00 0.00 0.00 0.00 0.00 0.00 0.00 0.00 0.00 0.00 0.00 0.00 0.00 0.00 0.00 0.00
 %idle 88.06 100.00 100.00 100.00 100.00 100.00 100.00 100.00 100.00 4.04 4.95 100.00 100.00 100.00 100.00 100.00 100.00
 %time 1481824495
 %usr 0.00 0.00 0.00 0.00 0.00 0.00 0.00 0.00 0.00 0.00 0.00 0.00 0.00 0.00 0.00 0.00 0.00
 %sys 0.06 0.00 0.00 0.00 0.00 0.00 0.00 0.00 0.00 0.00 0.00 0.99 0.00 0.00 0.00 0.00 0.00
 %idle 99.94 100.00 100.00 100.00 100.00 100.00 100.00 100.00 100.00 100.00 100.00 99.01 100.00 100.00 100.00 100.00 100.00
 %time 1481824496
 %usr 0.00 0.00 0.00 0.00 0.00 0.00 0.00 0.00 0.00 0.00 0.00 0.00 0.00 0.00 0.00 0.00 0.00
 %sys 0.06 0.00 0.00 0.00 0.99 0.00 0.00 0.00 0.00 0.00 0.00 0.00 0.00 0.00 0.00 0.00 0.00
 %idle 99.94 100.00 100.00 100.00 99.01 100.00 100.00 100.00 100.00 100.00 100.00 100.00 100.00 100.00 100.00 100.00 100.00
 %time 1481824497
 %usr 3.38 16.16 19.00 1.02 0.00 0.00 0.00 0.00 0.00 3.96 13.13 0.00 0.00 0.00 0.00 0.00 0.00
 %sys 0.94 1.01 5.00 0.00 0.00 0.00 0.00 0.00 0.00 0.99 4.04 0.00 0.00 0.00 0.00 0.00 0.00
 %idle 95.12 82.83 74.00 98.98 94.95 100.00 100.00 100.00 100.00 95.05 81.82 100.00 100.00 100.00 100.00 100.00 100.00
