      time tx_packets rx_packets        tx_bytes        rx_bytes  tx_errors tx_dropped rx_frame_errors rx_crc_errors
1481747075          0          0               0               0          0          0          0          0
1481747076          0          0               0               0          0          0          0          0
1481747077          1          0              60               0          0          0          0          0
1481747078          0          0               0               0          0          0          0          0
1481747079          2          0             120               0          0          0          0          0
1481747080          0          0               0               0          0          0          0          0
1481747081          0          0               0               0          0          0          0          0
1481747083          0          0               0               0          0          0          0          0
1481747084          0          0               0               0          0          0          0          0
1481747085          0          0               0               0          0          0          0          0
1481747086          0          0               0               0          0          0          0          0
1481747087          0          0               0               0          0          0          0          0
1481747088          0          0               0               0          0          0          0          0
1481747089          0          0               0               0          0          0          0          0
1481747090          0          0               0               0          0          0          0          0
1481747092          0          0               0               0          0          0          0          0
1481747093          1          0              60               0          0          0          0          0
1481747094          1          0              60               0          0          0          0          0
1481747095          1          0              60               0          0          0          0          0
1481747096          0          0               0               0          0          0          0          0
1481747097          0          0               0               0          0          0          0          0
1481747099          1          0              60               0          0          0          0          0
1481747100          0          0               0               0          0          0          0          0
1481747101          0          0               0               0          0          0          0          0
1481747102          0          0               0               0          0          0          0          0
1481747103          0          0               0               0          0          0          0          0
1481747104          0          0               0               0          0          0          0          0
1481747105         11          0             660               0          0          0          0          0
1481747107          0          0               0               0          0          0          0          0
1481747108          0          0               0               0          0          0          0          0
1481747109          1          0              60               0          0          0          0          0
1481747110          1          0              60               0          0          0          0          0
1481747111          0          0               0               0          0          0          0          0
1481747113          3          0             180               0          0          0          0          0
1481747114          0          0               0               0          0          0          0          0
1481747115          0          0               0               0          0          0          0          0
1481747116          0          0               0               0          0          0          0          0
1481747117          2          0             120               0          0          0          0          0
1481747118          0          0               0               0          0          0          0          0
1481747119          0          0               0               0          0          0          0          0
1481747121          0          0               0               0          0          0          0          0
1481747122          1          0              60               0          0          0          0          0
1481747123          0          0               0               0          0          0          0          0
1481747124          0          0               0               0          0          0          0          0
1481747125          0          0               0               0          0          0          0          0
1481747126          0          0               0               0          0          0          0          0
1481747127          0          0               0               0          0          0          0          0
1481747128          0          0               0               0          0          0          0          0
1481747130          0          0               0               0          0          0          0          0
1481747131          0          0               0               0          0          0          0          0
1481747132          0          0               0               0          0          0          0          0
1481747133          0          0               0               0          0          0          0          0
1481747134          0          0               0               0          0          0          0          0
1481747135          0          0               0               0          0          0          0          0
1481747137          0          0               0               0          0          0          0          0
1481747138          1          0              60               0          0          0          0          0
1481747139          1          0              60               0          0          0          0          0
1481747140          0          0               0               0          0          0          0          0
1481747141          1          0              60               0          0          0          0          0
1481747142          0          0               0               0          0          0          0          0
1481747143          0          0               0               0          0          0          0          0
1481747145          0          0               0               0          0          0          0          0
1481747146          0          0               0               0          0          0          0          0
1481747147          0          0               0               0          0          0          0          0
1481747148          0          0               0               0          0          0          0          0
1481747149          0          0               0               0          0          0          0          0
1481747150          1          0              60               0          0          0          0          0
1481747151          1          0              60               0          0          0          0          0
1481747153          0          0               0               0          0          0          0          0
1481747154          0          0               0               0          0          0          0          0
1481747155          2          0             156               0          0          0          0          0
1481747156          4          0             312               0          0          0          0          0
1481747157          2          0             138               0          0          0          0          0
1481747158          0          0               0               0          0          0          0          0
1481747159          0          0               0               0          0          0          0          0
1481747161          2          0             138               0          0          0          0          0
1481747162          3          0             180               0          0          0          0          0
1481747163          6          0             360               0          0          0          0          0
1481747164          0          0               0               0          0          0          0          0
1481747165          0          0               0               0          0          0          0          0
1481747166          0          0               0               0          0          0          0          0
1481747167          1          0              60               0          0          0          0          0
1481747169          0          0               0               0          0          0          0          0
1481747170          0          0               0               0          0          0          0          0
1481747171          0          0               0               0          0          0          0          0
1481747172          0          0               0               0          0          0          0          0
1481747173          0          0               0               0          0          0          0          0
1481747174          0          0               0               0          0          0          0          0
1481747175          2          0             120               0          0          0          0          0
1481747177          0          0               0               0          0          0          0          0
1481747178          0          0               0               0          0          0          0          0
1481747179          0          0               0               0          0          0          0          0
1481747180          0          0               0               0          0          0          0          0
1481747181          1          0              60               0          0          0          0          0
1481747182          0          0               0               0          0          0          0          0
1481747184          0          0               0               0          0          0          0          0
1481747185          1          0              60               0          0          0          0          0
1481747186          0          0               0               0          0          0          0          0
1481747187          1          0              60               0          0          0          0          0
1481747188          0          0               0               0          0          0          0          0
1481747189          0          0               0               0          0          0          0          0
1481747190          0          0               0               0          0          0          0          0
1481747192          3          0             180               0          0          0          0          0
1481747193          0          0               0               0          0          0          0          0
1481747194          0          0               0               0          0          0          0          0
1481747195          0          0               0               0          0          0          0          0
1481747196          0          0               0               0          0          0          0          0
1481747197          0          0               0               0          0          0          0          0
1481747198          0          0               0               0          0          0          0          0
1481747199          1          0              60               0          0          0          0          0
1481747200          0          0               0               0          0          0          0          0
1481747202          0          0               0               0          0          0          0          0
1481747203          0          0               0               0          0          0          0          0
1481747204          0          0               0               0          0          0          0          0
1481747205          2          0             120               0          0          0          0          0
1481747206          0          0               0               0          0          0          0          0
1481747207          0          0               0               0          0          0          0          0
1481747208          0          0               0               0          0          0          0          0
1481747209          0          0               0               0          0          0          0          0
1481747211          0          0               0               0          0          0          0          0
