 %time 1481737217
 %usr 0.00 0.00 0.00 0.00 0.00 0.00 0.00 0.00 0.00 0.00 0.00 0.00 0.00 0.00 0.00 0.00 0.00
 %sys 0.00 0.00 0.00 0.00 0.00 0.00 0.00 0.00 0.00 0.00 0.00 0.00 0.00 0.00 0.00 0.00 0.00
 %idle 100.00 100.00 100.00 100.00 100.00 100.00 100.00 100.00 100.00 100.00 100.00 100.00 100.00 100.00 100.00 100.00 100.00
 %time 1481737218
 %usr 0.00 0.00 0.00 0.00 0.00 0.00 0.00 0.00 0.00 0.00 0.00 0.00 0.00 0.00 0.00 0.00 0.00
 %sys 0.00 0.00 0.00 0.00 0.00 0.00 0.00 0.00 0.00 0.00 0.00 0.00 0.00 0.00 0.00 0.00 0.00
 %idle 100.00 100.00 100.00 100.00 100.00 100.00 100.00 100.00 100.00 100.00 100.00 100.00 100.00 100.00 100.00 100.00 100.00
 %time 1481737219
 %usr 0.00 0.00 0.00 0.00 0.00 0.00 0.00 0.00 0.00 0.00 0.00 0.00 0.00 0.00 0.00 0.00 0.00
 %sys 0.00 0.00 0.00 0.00 0.00 0.00 0.00 0.00 0.00 0.00 0.00 0.00 0.00 0.00 0.00 0.00 0.00
 %idle 100.00 100.00 100.00 100.00 100.00 100.00 100.00 100.00 100.00 100.00 100.00 100.00 100.00 100.00 100.00 100.00 100.00
 %time 1481737221
 %usr 1.44 9.90 4.95 0.00 0.00 0.00 0.00 0.00 0.00 3.00 5.88 0.00 0.00 0.00 0.00 0.00 0.00
 %sys 0.44 1.98 1.98 0.00 1.01 0.00 0.00 0.00 0.00 0.00 1.96 0.00 0.00 0.00 0.00 0.00 0.00
 %idle 93.88 81.19 91.09 98.99 69.70 100.00 100.00 100.00 100.00 68.00 91.18 100.00 100.00 100.00 100.00 100.00 100.00
 %time 1481737222
 %usr 0.19 1.00 0.00 0.00 1.00 0.00 0.00 0.00 0.00 1.01 0.00 0.00 0.00 0.00 0.00 0.00 0.00
 %sys 0.38 1.00 0.00 0.00 2.00 0.00 0.00 0.00 0.00 2.02 1.00 0.00 0.00 0.00 0.00 0.00 0.00
 %idle 95.99 87.00 100.00 100.00 62.00 100.00 100.00 100.00 100.00 91.92 96.00 100.00 100.00 100.00 100.00 100.00 100.00
 %time 1481737223
 %usr 4.46 0.00 0.00 0.00 0.00 0.00 0.00 0.00 0.00 36.73 36.08 0.00 0.00 0.00 0.00 0.00 0.00
 %sys 4.71 2.02 2.00 1.00 0.99 1.00 1.98 1.00 0.00 30.61 28.87 2.00 1.01 1.01 1.00 1.00 2.02
 %idle 89.45 97.98 98.00 99.00 99.01 99.00 98.02 99.00 100.00 21.43 26.80 96.00 98.99 98.99 99.00 99.00 97.98
 %time 1481737224
 %usr 7.39 0.00 0.00 0.00 0.00 0.00 0.00 0.00 0.00 58.42 58.42 0.00 0.00 0.00 0.00 0.00 0.00
 %sys 6.77 3.03 4.04 1.01 2.00 0.00 1.00 2.00 0.00 41.58 41.58 3.03 3.00 1.00 3.00 1.01 1.00
 %idle 85.84 96.97 95.96 98.99 98.00 100.00 99.00 98.00 100.00 0.00 0.00 96.97 97.00 99.00 97.00 98.99 99.00
 %time 1481737225
 %usr 7.48 0.00 0.00 0.00 0.00 0.00 0.00 0.00 0.00 60.61 59.00 0.00 0.00 0.00 0.00 0.00 0.00
 %sys 6.47 3.00 1.02 3.09 1.01 1.00 1.01 2.00 0.00 39.39 41.00 2.02 4.00 1.00 1.00 1.00 1.00
 %idle 86.05 97.00 98.98 96.91 98.99 99.00 98.99 98.00 100.00 0.00 0.00 97.98 96.00 99.00 99.00 99.00 99.00
 %time 1481737226
 %usr 7.47 0.00 0.00 1.00 0.00 0.00 0.00 0.00 0.00 60.00 60.00 0.00 0.00 0.00 0.00 0.00 0.00
 %sys 6.59 3.06 2.02 1.00 2.00 0.00 1.00 2.00 1.00 40.00 40.00 4.04 3.06 3.00 0.00 0.00 1.00
 %idle 85.75 96.94 97.98 98.00 95.00 100.00 99.00 98.00 99.00 0.00 0.00 95.96 96.94 97.00 100.00 100.00 99.00
 %time 1481737227
 %usr 7.47 0.00 0.00 0.00 0.00 0.00 0.00 0.00 0.00 59.00 59.41 0.00 0.00 0.00 0.00 0.00 0.00
 %sys 6.47 2.04 4.08 1.01 2.02 2.00 1.00 0.00 1.00 41.00 40.59 2.02 2.00 2.00 0.00 0.00 1.00
 %idle 86.06 97.96 95.92 98.99 97.98 98.00 99.00 100.00 99.00 0.00 0.00 97.98 98.00 98.00 100.00 100.00 99.00
 %time 1481737229
 %usr 7.47 0.00 0.00 0.00 0.00 0.00 0.00 0.00 0.00 59.41 59.60 0.00 0.00 0.00 0.00 0.00 0.00
 %sys 6.60 3.06 3.03 4.04 1.01 1.00 1.01 1.00 1.01 40.59 40.40 3.00 2.02 3.03 0.00 0.00 1.00
 %idle 85.93 96.94 96.97 95.96 98.99 99.00 98.99 99.00 98.99 0.00 0.00 97.00 97.98 96.97 100.00 100.00 99.00
 %time 1481737230
 %usr 7.41 0.00 0.00 0.00 0.00 0.00 0.00 0.00 0.00 59.41 59.41 0.00 0.00 0.00 0.00 0.00 0.00
 %sys 6.60 8.08 4.04 2.02 0.00 0.00 1.00 0.00 1.01 40.59 40.59 4.00 2.04 2.00 0.00 0.00 1.01
 %idle 85.99 91.92 95.96 97.98 100.00 100.00 99.00 100.00 98.99 0.00 0.00 96.00 97.96 98.00 100.00 100.00 98.99
 %time 1481737231
 %usr 7.47 0.00 0.00 0.00 0.00 0.00 0.00 0.00 0.00 60.00 60.00 0.00 0.00 0.00 0.00 0.00 0.00
 %sys 6.53 6.00 3.03 2.00 1.01 0.00 0.00 1.00 1.00 40.00 40.00 2.00 1.98 1.02 2.00 2.00 0.00
 %idle 86.00 94.00 96.97 98.00 98.99 100.00 100.00 99.00 99.00 0.00 0.00 98.00 98.02 98.98 98.00 98.00 100.00
 %time 1481737232
 %usr 7.48 0.00 0.00 0.00 0.00 0.00 0.00 0.00 0.00 60.00 60.00 0.00 0.00 0.00 0.00 0.00 0.00
 %sys 6.41 3.06 4.08 1.02 0.00 1.00 0.00 3.00 1.00 40.00 40.00 2.02 2.02 2.00 2.00 0.00 0.00
 %idle 86.11 96.94 95.92 98.98 100.00 99.00 100.00 97.00 99.00 0.00 0.00 97.98 97.98 98.00 98.00 100.00 100.00
 %time 1481737233
 %usr 7.34 0.00 0.00 0.00 0.00 0.00 0.00 0.00 0.00 59.00 59.00 0.00 0.00 0.00 0.00 0.00 0.00
 %sys 6.71 4.95 4.04 1.01 2.02 1.00 1.01 1.00 1.01 41.00 41.00 2.02 3.00 1.00 0.00 1.01 1.00
 %idle 85.96 95.05 95.96 98.99 97.98 99.00 98.99 99.00 98.99 0.00 0.00 97.98 97.00 99.00 100.00 98.99 99.00
 %time 1481737234
 %usr 7.28 0.00 0.00 0.00 0.00 0.00 0.00 0.00 0.00 58.00 57.00 0.00 0.00 0.00 0.00 0.00 0.00
 %sys 6.78 4.00 4.04 0.00 2.02 1.00 1.00 0.00 3.00 42.00 43.00 3.00 3.00 1.98 0.00 2.00 1.00
 %idle 85.88 96.00 95.96 100.00 97.98 99.00 99.00 100.00 97.00 0.00 0.00 97.00 95.00 98.02 100.00 98.00 99.00
 %time 1481737235
 %usr 7.40 0.00 0.00 0.00 0.00 0.00 0.00 0.00 0.00 59.60 59.00 0.00 0.00 0.00 0.00 0.00 0.00
 %sys 6.58 4.00 4.00 1.01 2.02 2.00 1.01 1.00 1.01 40.40 41.00 1.02 3.00 0.00 0.99 2.00 1.00
 %idle 86.02 96.00 96.00 98.99 97.98 98.00 98.99 99.00 98.99 0.00 0.00 98.98 97.00 100.00 99.01 98.00 99.00
 %time 1481737236
 %usr 7.47 0.00 0.00 0.00 0.00 0.00 0.00 0.00 0.00 60.00 59.00 0.00 0.00 0.00 0.00 0.00 0.00
 %sys 6.59 4.04 4.00 2.00 2.02 1.01 0.00 1.00 1.98 40.00 41.00 2.00 2.00 1.01 3.00 2.00 1.00
 %idle 85.95 95.96 96.00 98.00 97.98 98.99 100.00 99.00 98.02 0.00 0.00 98.00 98.00 98.99 97.00 98.00 99.00
 %time 1481737237
 %usr 5.95 0.00 0.00 0.00 0.00 0.00 0.00 0.00 0.00 48.00 47.00 0.00 0.00 0.00 0.00 0.00 0.00
 %sys 7.83 4.04 3.00 3.03 0.00 0.00 0.00 0.00 1.00 52.00 53.00 2.00 1.01 1.01 1.98 1.00 1.00
 %idle 86.03 95.96 97.00 96.97 100.00 100.00 100.00 100.00 99.00 0.00 0.00 95.00 98.99 98.99 98.02 99.00 99.00
 %time 1481737239
 %usr 4.95 0.00 0.00 0.00 0.00 0.00 0.00 0.00 0.00 39.00 39.60 0.00 0.00 0.00 0.00 0.00 0.00
 %sys 8.52 4.00 2.02 1.00 0.00 0.00 1.00 0.00 0.00 61.00 60.40 2.00 2.02 2.00 0.00 1.00 1.00
 %idle 86.53 96.00 97.98 99.00 100.00 100.00 99.00 100.00 100.00 0.00 0.00 98.00 97.98 98.00 100.00 99.00 99.00
 %time 1481737240
 %usr 4.71 0.00 0.00 0.00 0.00 0.00 0.00 0.00 0.00 38.00 37.62 0.00 0.00 0.00 0.00 0.00 0.00
 %sys 8.72 6.00 1.01 0.00 1.98 1.00 0.00 0.00 0.00 62.00 62.38 1.01 1.01 1.00 0.00 1.00 0.00
 %idle 86.57 94.00 98.99 100.00 98.02 99.00 100.00 100.00 100.00 0.00 0.00 98.99 98.99 99.00 100.00 99.00 100.00
 %time 1481737241
 %usr 4.88 0.00 0.00 0.00 0.00 0.00 0.00 0.00 0.00 39.00 39.00 0.00 0.00 0.00 0.00 0.00 0.00
 %sys 8.70 3.00 3.03 3.00 1.00 0.00 0.00 1.00 0.00 61.00 61.00 1.00 1.00 0.00 0.99 2.00 0.00
 %idle 86.36 97.00 96.97 97.00 99.00 100.00 100.00 99.00 100.00 0.00 0.00 99.00 99.00 100.00 99.01 98.00 100.00
 %time 1481737242
 %usr 4.69 0.00 0.00 0.00 0.00 0.00 0.00 0.00 0.00 37.00 37.00 0.00 0.00 0.00 0.00 0.00 0.00
 %sys 9.07 5.00 4.00 2.00 2.00 1.00 0.00 1.00 0.00 63.00 63.00 1.01 2.00 1.00 0.00 0.00 1.00
 %idle 86.24 95.00 96.00 98.00 98.00 99.00 100.00 99.00 100.00 0.00 0.00 98.99 98.00 99.00 100.00 100.00 99.00
 %time 1481737243
 %usr 4.89 0.00 0.00 0.00 0.00 0.00 0.00 0.00 0.00 39.39 39.00 0.00 0.00 0.00 0.00 0.00 0.00
 %sys 8.71 4.00 1.00 3.00 1.00 0.99 0.00 0.00 0.00 60.61 61.00 2.97 2.00 1.00 0.00 0.00 0.00
 %idle 86.27 96.00 99.00 97.00 99.00 99.01 100.00 100.00 100.00 0.00 0.00 97.03 95.00 99.00 100.00 100.00 100.00
 %time 1481737244
 %usr 4.83 0.00 0.00 0.00 0.00 0.00 0.00 0.00 0.00 38.61 39.00 0.00 0.00 0.00 0.00 0.00 0.00
 %sys 8.53 1.02 0.00 1.98 1.00 0.00 0.00 0.00 1.00 61.39 61.00 1.03 3.00 2.02 0.00 1.01 0.00
 %idle 86.65 98.98 100.00 98.02 99.00 100.00 100.00 100.00 99.00 0.00 0.00 98.97 97.00 97.98 100.00 98.99 100.00
 %time 1481737246
 %usr 4.88 0.00 0.00 0.00 0.00 0.00 0.00 0.00 0.00 39.60 39.00 0.00 0.00 0.00 0.00 0.00 0.00
 %sys 8.64 1.01 0.00 3.00 0.99 0.00 0.00 0.00 1.00 60.40 61.00 3.00 3.00 2.00 0.00 1.00 0.99
 %idle 86.47 98.99 100.00 97.00 99.01 100.00 100.00 100.00 99.00 0.00 0.00 97.00 97.00 98.00 100.00 99.00 99.01
 %time 1481737247
 %usr 4.82 0.00 0.00 0.00 0.00 0.00 0.00 0.00 0.00 39.00 38.00 0.00 0.00 0.00 0.00 0.00 0.00
 %sys 8.83 3.96 3.03 1.00 1.98 0.00 0.00 1.00 0.00 61.00 62.00 2.02 2.00 2.00 0.00 0.00 1.00
 %idle 86.35 96.04 96.97 99.00 98.02 100.00 100.00 99.00 100.00 0.00 0.00 97.98 98.00 98.00 100.00 100.00 99.00
 %time 1481737248
 %usr 5.01 0.00 0.00 0.00 0.00 0.00 0.00 0.00 0.00 40.40 40.00 0.00 0.00 0.00 0.00 0.00 0.00
 %sys 8.64 5.00 2.00 1.00 0.00 0.00 0.00 0.00 1.00 59.60 60.00 2.97 1.00 2.00 1.00 1.00 0.00
 %idle 86.35 95.00 98.00 99.00 100.00 100.00 100.00 100.00 99.00 0.00 0.00 97.03 99.00 98.00 99.00 99.00 100.00
 %time 1481737249
 %usr 4.89 0.00 0.00 0.00 0.00 0.00 0.00 0.00 0.00 39.00 38.38 0.00 0.00 0.00 0.00 0.00 0.00
 %sys 8.65 2.02 1.01 4.04 1.00 0.00 1.00 0.00 0.00 61.00 61.62 1.01 1.00 1.00 1.00 1.00 1.00
 %idle 86.47 97.98 98.99 95.96 99.00 100.00 99.00 100.00 100.00 0.00 0.00 98.99 99.00 99.00 99.00 99.00 99.00
 %time 1481737250
 %usr 4.83 0.00 0.00 0.00 0.00 0.00 0.00 0.00 0.00 39.60 38.00 0.00 0.00 0.00 0.00 0.00 0.00
 %sys 8.65 3.00 0.00 3.00 0.00 1.00 0.00 0.00 0.00 60.40 62.00 1.01 2.00 1.00 3.00 1.01 0.00
 %idle 86.52 97.00 100.00 97.00 100.00 99.00 100.00 100.00 100.00 0.00 0.00 98.99 98.00 99.00 97.00 98.99 100.00
 %time 1481737251
 %usr 4.88 0.00 0.00 0.00 0.00 0.00 0.00 0.00 0.00 38.00 39.60 0.00 0.00 0.00 0.00 0.00 0.00
 %sys 8.70 2.00 5.00 0.00 0.00 1.00 0.00 0.00 0.99 62.00 60.40 2.00 2.97 1.00 1.98 0.00 1.00
 %idle 86.41 98.00 95.00 100.00 100.00 99.00 100.00 100.00 99.01 0.00 0.00 98.00 97.03 99.00 98.02 100.00 99.00
 %time 1481737252
 %usr 4.82 0.00 0.00 0.00 0.00 0.00 0.00 0.00 0.00 38.38 39.00 0.00 0.00 0.00 0.00 0.00 0.00
 %sys 8.64 1.01 1.01 2.00 0.00 0.00 0.00 1.00 0.00 61.62 61.00 3.00 2.02 2.02 1.98 0.00 0.99
 %idle 86.54 98.99 98.99 98.00 100.00 100.00 100.00 99.00 100.00 0.00 0.00 97.00 97.98 97.98 98.02 100.00 99.01
 %time 1481737253
 %usr 4.96 0.00 0.00 0.00 0.00 0.00 0.00 0.00 0.00 40.00 39.00 0.00 0.00 0.00 0.00 0.00 0.00
 %sys 8.41 1.98 1.01 1.01 0.00 0.00 0.00 0.00 0.99 60.00 61.00 1.01 2.00 1.01 2.02 1.98 0.00
 %idle 86.64 98.02 98.99 98.99 100.00 100.00 100.00 100.00 99.01 0.00 0.00 98.99 98.00 98.99 97.98 98.02 100.00
 %time 1481737255
 %usr 4.90 0.00 0.00 0.00 0.00 0.00 0.00 0.00 0.00 39.00 39.00 0.00 0.00 0.00 0.00 0.00 0.00
 %sys 8.41 2.00 0.00 1.98 0.00 0.00 0.00 0.00 0.00 61.00 61.00 3.03 2.02 2.00 0.00 0.00 1.00
 %idle 86.57 98.00 100.00 98.02 100.00 100.00 100.00 100.00 100.00 0.00 0.00 94.95 97.98 98.00 100.00 100.00 99.00
 %time 1481737256
 %usr 4.89 0.00 0.00 0.00 0.00 0.00 0.00 0.00 0.00 39.00 39.00 0.00 0.00 0.00 0.00 0.00 0.00
 %sys 8.46 2.97 0.00 1.00 0.00 0.00 0.00 1.00 0.99 61.00 61.00 2.00 2.00 1.01 1.02 1.00 0.00
 %idle 86.65 97.03 100.00 99.00 100.00 100.00 100.00 99.00 99.01 0.00 0.00 98.00 98.00 98.99 98.98 99.00 100.00
 %time 1481737257
 %usr 4.95 0.00 0.00 0.00 0.00 0.00 0.00 0.00 0.00 40.00 39.00 0.00 0.00 0.00 0.00 0.00 0.00
 %sys 8.71 2.00 1.98 1.01 1.00 1.00 0.00 0.99 1.00 60.00 61.00 2.02 2.02 1.00 1.00 3.00 1.00
 %idle 86.34 98.00 98.02 98.99 99.00 99.00 100.00 99.01 99.00 0.00 0.00 97.98 97.98 99.00 99.00 97.00 99.00
 %time 1481737258
 %usr 4.88 0.00 0.00 0.00 0.00 0.00 0.00 0.00 0.00 39.39 39.00 0.00 0.00 0.00 0.00 0.00 0.00
 %sys 8.76 1.01 1.01 2.00 1.01 1.98 0.00 0.00 1.00 60.61 61.00 2.00 2.00 1.00 1.98 1.98 1.00
 %idle 86.36 98.99 98.99 98.00 98.99 98.02 100.00 100.00 99.00 0.00 0.00 98.00 98.00 99.00 98.02 98.02 99.00
 %time 1481737259
 %usr 4.82 0.00 0.00 0.00 0.00 0.00 0.00 0.00 0.00 38.61 38.61 0.00 0.00 0.00 0.00 0.00 0.00
 %sys 8.77 3.03 2.02 1.00 1.00 0.99 0.00 0.00 1.00 61.39 61.39 2.00 3.00 1.98 0.00 0.00 1.00
 %idle 86.41 96.97 97.98 99.00 99.00 99.01 100.00 100.00 99.00 0.00 0.00 98.00 97.00 98.02 100.00 100.00 99.00
 %time 1481737260
 %usr 4.82 0.00 0.00 0.00 0.00 0.00 0.00 0.00 0.00 38.00 39.00 0.00 0.00 0.00 0.00 0.00 0.00
 %sys 8.77 4.00 2.02 0.99 1.00 2.00 0.00 0.00 1.00 62.00 61.00 1.01 1.01 0.00 1.00 2.00 0.00
 %idle 86.28 96.00 97.98 99.01 99.00 98.00 100.00 100.00 99.00 0.00 0.00 98.99 98.99 97.98 99.00 98.00 100.00
 %time 1481737261
 %usr 4.88 0.00 0.00 0.00 0.00 0.00 0.00 0.00 0.00 39.00 38.00 0.00 0.00 0.00 0.00 0.00 0.00
 %sys 8.70 4.04 1.01 3.00 2.02 0.00 0.00 1.00 0.00 61.00 62.00 2.00 2.00 1.00 0.00 0.00 1.00
 %idle 86.41 95.96 98.99 97.00 97.98 100.00 100.00 99.00 100.00 0.00 0.00 98.00 98.00 99.00 100.00 100.00 99.00
 %time 1481737263
 %usr 4.76 0.00 0.00 0.00 0.00 0.00 0.00 0.00 0.00 38.00 38.00 0.00 0.00 0.00 0.00 0.00 0.00
 %sys 8.89 4.00 5.00 2.00 2.00 0.00 0.00 0.00 0.99 62.00 62.00 2.00 1.00 1.00 0.00 0.00 1.00
 %idle 86.35 96.00 95.00 98.00 98.00 100.00 100.00 100.00 99.01 0.00 0.00 98.00 99.00 99.00 100.00 100.00 99.00
 %time 1481737264
 %usr 4.82 0.00 0.00 0.00 0.00 0.00 0.00 0.00 0.00 38.00 38.00 0.00 0.00 0.00 0.00 0.00 0.00
 %sys 8.77 2.02 3.00 1.00 2.00 1.00 2.00 1.00 0.00 62.00 62.00 1.01 1.01 1.00 0.00 0.00 0.00
 %idle 86.41 97.98 97.00 99.00 98.00 99.00 98.00 99.00 100.00 0.00 0.00 98.99 98.99 99.00 100.00 100.00 100.00
 %time 1481737265
 %usr 4.76 0.00 0.00 0.00 0.00 0.00 0.00 0.00 0.00 38.00 38.00 0.00 0.00 0.00 0.00 0.00 0.00
 %sys 8.83 3.96 2.00 2.02 2.00 0.99 2.00 0.00 1.00 62.00 62.00 1.01 2.00 1.00 1.00 0.00 1.00
 %idle 86.41 96.04 98.00 97.98 98.00 99.01 98.00 100.00 99.00 0.00 0.00 98.99 98.00 99.00 99.00 100.00 99.00
 %time 1481737266
 %usr 4.82 0.00 0.00 0.00 0.00 0.00 0.00 0.00 0.00 39.00 39.00 0.00 0.00 0.00 0.00 0.00 0.00
 %sys 8.71 2.02 2.02 2.00 2.02 0.00 0.00 0.00 0.00 61.00 61.00 3.96 2.02 2.00 0.00 0.00 0.00
 %idle 86.47 97.98 97.98 98.00 97.98 100.00 100.00 100.00 100.00 0.00 0.00 96.04 97.98 98.00 100.00 100.00 100.00
 %time 1481737267
 %usr 4.76 0.00 0.00 0.00 0.00 0.00 0.00 0.00 0.00 38.00 38.00 0.00 0.00 0.00 0.00 0.00 0.00
 %sys 8.77 3.03 2.02 1.01 0.00 2.00 1.00 0.00 1.00 62.00 62.00 2.02 2.02 1.01 0.00 0.00 0.00
 %idle 86.47 96.97 97.98 98.99 100.00 98.00 99.00 100.00 99.00 0.00 0.00 97.98 97.98 98.99 100.00 100.00 100.00
 %time 1481737268
 %usr 4.82 0.00 0.00 0.00 0.00 0.00 0.00 0.00 0.00 39.00 39.00 0.00 0.00 0.00 0.00 0.00 0.00
 %sys 8.89 5.05 5.00 1.01 0.99 1.00 0.00 0.00 0.00 61.00 61.00 2.97 1.00 1.98 0.00 0.00 0.00
 %idle 86.29 94.95 95.00 98.99 99.01 99.00 100.00 100.00 100.00 0.00 0.00 97.03 99.00 98.02 100.00 100.00 100.00
 %time 1481737269
 %usr 4.82 0.00 0.00 0.00 0.00 0.00 0.00 0.00 0.00 39.00 38.38 0.00 0.00 0.00 0.00 0.00 0.00
 %sys 8.83 3.00 2.00 1.01 2.02 2.00 1.00 0.00 1.00 61.00 61.62 1.98 0.00 1.00 1.00 2.00 0.00
 %idle 86.35 97.00 98.00 98.99 97.98 98.00 99.00 100.00 99.00 0.00 0.00 98.02 100.00 99.00 99.00 98.00 100.00
 %time 1481737271
 %usr 4.89 0.00 1.01 0.00 0.00 0.00 0.00 0.00 0.00 38.38 39.00 0.00 0.00 0.00 0.00 0.00 0.00
 %sys 8.58 3.00 4.04 1.98 1.00 0.00 1.00 0.00 0.00 60.61 60.00 1.00 1.00 1.00 2.00 1.01 0.00
 %idle 86.53 97.00 94.95 98.02 99.00 100.00 99.00 100.00 100.00 1.01 1.00 99.00 99.00 99.00 98.00 98.99 100.00
 %time 1481737272
 %usr 4.89 0.00 0.00 0.00 0.00 0.00 0.00 0.00 0.00 39.00 38.61 0.00 0.00 0.00 0.00 0.00 0.00
 %sys 8.59 2.00 2.04 3.03 1.00 0.00 0.00 0.00 1.00 61.00 61.39 1.01 1.00 1.01 0.00 2.02 0.00
 %idle 86.20 98.00 97.96 96.97 99.00 100.00 100.00 100.00 99.00 0.00 0.00 93.94 99.00 98.99 100.00 97.98 100.00
 %time 1481737273
 %usr 4.76 0.00 0.00 0.00 0.00 0.00 0.00 0.00 0.00 37.00 38.61 0.00 0.00 0.00 0.00 0.00 0.00
 %sys 8.77 2.00 1.01 1.01 1.00 0.00 1.98 1.01 0.00 63.00 61.39 1.01 1.98 1.98 1.00 2.00 0.00
 %idle 86.47 98.00 98.99 98.99 99.00 100.00 98.02 98.99 100.00 0.00 0.00 98.99 98.02 98.02 99.00 98.00 100.00
 %time 1481737274
 %usr 3.62 3.03 0.00 0.00 0.00 0.00 0.00 0.00 0.00 32.67 21.00 0.00 0.00 0.00 0.00 0.00 0.00
 %sys 1.00 0.00 0.00 1.00 0.00 0.00 0.00 0.00 0.00 1.98 12.00 0.00 0.00 0.00 0.00 0.00 0.99
 %idle 94.31 96.97 100.00 99.00 96.00 100.00 100.00 100.00 100.00 58.42 60.00 100.00 100.00 100.00 100.00 100.00 99.01
 %time 1481737275
 %usr 0.00 0.00 0.00 0.00 0.00 0.00 0.00 0.00 0.00 0.00 0.00 0.00 0.00 0.00 0.00 0.00 0.00
 %sys 0.00 0.00 0.00 0.00 0.00 0.00 0.00 0.00 0.00 0.00 0.00 0.00 0.99 0.00 0.00 0.00 0.00
 %idle 100.00 100.00 100.00 100.00 100.00 100.00 100.00 100.00 100.00 100.00 100.00 100.00 99.01 100.00 100.00 100.00 100.00
 %time 1481737276
 %usr 0.00 0.00 0.00 0.00 0.00 0.00 0.00 0.00 0.00 0.00 0.00 0.00 0.00 0.00 0.00 0.00 0.00
 %sys 0.06 0.00 0.00 0.00 0.00 0.00 0.00 0.00 0.00 0.00 0.00 0.99 0.00 0.00 0.00 0.00 0.00
 %idle 99.94 100.00 100.00 100.00 100.00 100.00 100.00 100.00 100.00 100.00 100.00 99.01 100.00 100.00 100.00 100.00 100.00
 %time 1481737277
 %usr 3.63 19.19 16.83 3.00 0.98 0.00 0.00 0.00 0.00 3.03 15.00 0.00 0.00 0.00 0.00 0.00 0.00
 %sys 2.00 2.02 12.87 2.00 0.98 0.00 0.00 0.00 0.00 1.01 10.00 1.01 0.00 0.00 0.00 0.99 0.00
 %idle 93.06 78.79 67.33 93.00 90.20 100.00 100.00 100.00 100.00 89.90 71.00 98.99 100.00 100.00 100.00 99.01 100.00
