#TIME Node0_NumHit Node1_NumHit Node0_NumMiss Node1_NumMiss Node0_Local Node1_Local Node0_Other Node1_Other Node0_Free Node1_Free Node0_Used Node1_Used
1481824309 6172337 6941410 5006 0 6169181 6929051 8162 12359 15272.37 13018.84 1061.88 3365.59
1481824310 6172366 6941441 5006 0 6169209 6929082 8162 12359 15271.64 13018.50 1062.24 3364.72
1481824311 6172396 6941473 5006 0 6169239 6929115 8162 12359 15272.19 13018.84 1062.39 3365.17
1481824312 6172425 6941505 5006 0 6169269 6929146 8162 12359 15271.91 13018.68 1062.70 3365.32
1481824313 6172455 6941537 5006 0 6169299 6929178 8162 12359 15271.42 13018.44 1062.83 3365.93
1481824315 6172486 6941569 5006 0 6169330 6929210 8162 12359 15271.23 13018.54 1062.58 3365.48
1481824316 6172518 6941600 5006 0 6169362 6929241 8162 12359 15272.20 13018.65 1062.05 3364.95
1481824317 6172547 6941633 5006 0 6169391 6929274 8162 12359 15270.88 13018.46 1062.57 3365.16
1481824318 6172579 6941664 5006 0 6169423 6929305 8162 12359 15271.59 13018.54 1062.66 3365.48
1481824320 6172609 6941698 5006 0 6169453 6929339 8162 12359 15272.16 13018.90 1062.06 3365.11
1481824321 6172640 6941728 5006 0 6169484 6929369 8162 12359 15271.45 13018.20 1062.71 3365.41
1481824322 6172672 6941760 5006 0 6169515 6929401 8162 12359 15271.87 13018.09 1062.75 3365.95
1481824323 6172703 6941792 5006 0 6169547 6929433 8162 12359 15271.62 13018.36 1063.00 3365.27
1481824324 6172733 6941825 5006 0 6169576 6929466 8162 12359 15272.05 13017.97 1062.12 3365.62
1481824325 6172764 6941856 5006 0 6169608 6929497 8162 12359 15271.52 13017.84 1063.10 3365.78
1481824326 6172794 6941889 5006 0 6169638 6929530 8162 12359 15272.35 13018.41 1062.21 3365.94
1481824327 6172826 6941920 5006 0 6169669 6929561 8162 12359 15272.05 13018.16 1062.61 3365.87
1481824328 6172856 6941951 5006 0 6169700 6929593 8162 12359 15271.87 13018.41 1062.73 3365.61
1481824330 6172888 6941982 5006 0 6169731 6929623 8162 12359 15271.73 13018.77 1062.46 3365.58
1481824331 6172918 6942015 5006 0 6169761 6929656 8162 12359 15271.62 13018.43 1062.99 3365.13
1481824332 6172948 6942047 5006 0 6169792 6929688 8162 12359 15271.73 13018.41 1062.15 3364.82
1481824333 6172980 6942078 5006 0 6169824 6929719 8162 12359 15271.89 13018.82 1062.71 3365.16
1481824334 6173011 6942110 5006 0 6169855 6929751 8162 12359 15271.77 13018.68 1062.84 3365.35
1481824335 6173042 6942142 5006 0 6169886 6929783 8162 12359 15272.44 13017.68 1062.16 3365.56
1481824336 6173073 6942175 5006 0 6169917 6929816 8162 12359 15271.81 13018.08 1062.81 3365.56
1481824337 6173122 6942221 5006 0 6169966 6929862 8162 12359 15264.75 13016.25 1069.89 3368.11
1481824338 6173172 6942280 5006 0 6170015 6929921 8162 12359 15247.19 13007.61 1087.41 3376.38
1481824340 6173203 6942314 5006 0 6170046 6929955 8162 12359 15246.67 13007.92 1087.96 3375.69
1481824341 6173234 6942348 5006 0 6170078 6929989 8162 12359 15246.61 13007.69 1088.34 3376.32
1481824342 6173269 6942692 5006 0 6170113 6930333 8162 12359 15245.48 12879.46 1088.78 3504.16
1481824343 6173316 6942830 5006 0 6170159 6930471 8162 12359 15243.46 12762.34 1090.34 3621.29
1481824344 6173348 6942937 5006 0 6170191 6930578 8162 12359 15244.59 12688.93 1089.23 3694.63
1481824345 6173384 6943037 5006 0 6170228 6930678 8162 12359 15244.26 12618.58 1090.34 3765.10
1481824346 6173415 6943125 5006 0 6170259 6930766 8162 12359 15244.36 12560.98 1090.28 3826.27
1481824347 6173446 6943224 5006 0 6170289 6930865 8162 12359 15244.64 12500.90 1089.98 3883.10
1481824349 6173480 6943309 5006 0 6170323 6930950 8162 12359 15244.97 12444.39 1089.66 3940.29
1481824350 6173513 6943398 5006 0 6170357 6931039 8162 12359 15244.48 12386.91 1089.77 3997.08
1481824351 6173545 6943480 5006 0 6170389 6931121 8162 12359 15244.74 12340.98 1089.88 4043.05
1481824352 6173575 6943595 5006 0 6170419 6931236 8162 12359 15245.38 12261.80 1089.25 4122.60
1481824353 6173606 6943697 5006 0 6170450 6931338 8162 12359 15245.08 12193.78 1089.10 4190.57
1481824355 6173639 6943785 5006 0 6170483 6931426 8162 12359 15243.86 12138.45 1090.76 4245.53
1481824356 6173669 6943886 5006 0 6170512 6931527 8162 12359 15244.23 12071.94 1090.39 4311.26
1481824357 6173700 6943989 5006 0 6170544 6931630 8162 12359 15245.23 12002.43 1089.35 4381.54
1481824358 6173731 6944082 5006 0 6170575 6931723 8162 12359 15244.67 11944.82 1089.54 4439.18
1481824359 6173765 6944171 5006 0 6170608 6931812 8162 12359 15244.79 11887.09 1089.47 4496.14
1481824360 6173797 6944252 5006 0 6170640 6931893 8162 12359 15245.31 11839.39 1089.33 4544.45
1481824361 6173833 6944337 5006 0 6170676 6931978 8163 12359 15244.64 11784.41 1089.95 4599.96
1481824362 6173862 6944432 5006 0 6170706 6932073 8163 12359 15244.52 11725.43 1090.11 4658.95
1481824363 6173894 6944523 5006 0 6170737 6932164 8163 12359 15245.56 11667.22 1089.05 4716.77
1481824365 6173926 6944603 5006 0 6170770 6932244 8163 12359 15245.49 11621.61 1088.75 4762.41
1481824366 6173957 6944684 5006 0 6170800 6932325 8163 12359 15245.08 11574.41 1089.53 4809.23
1481824367 6173988 6944763 5006 0 6170832 6932404 8163 12359 15245.00 11528.84 1089.64 4860.57
1481824368 6174020 6944840 5006 0 6170864 6932481 8163 12359 15244.63 11483.37 1089.86 4902.67
1481824369 6174052 6944943 5006 0 6170895 6932584 8163 12359 15244.47 11416.65 1090.16 4967.33
1481824370 6174082 6945032 5006 0 6170926 6932673 8163 12359 15244.74 11360.68 1089.90 5022.53
1481824371 6174114 6945124 5006 0 6170957 6932765 8163 12359 15244.83 11304.61 1089.48 5078.95
1481824372 6174146 6945203 5006 0 6170989 6932844 8163 12359 15245.98 11258.75 1089.38 5124.88
1481824374 6174178 6945292 5006 0 6171021 6932933 8163 12359 15245.55 11203.42 1089.45 5180.55
1481824375 6174208 6945360 5006 0 6171052 6933001 8163 12359 15245.46 11169.10 1088.79 5214.54
1481824376 6174241 6945452 5006 0 6171084 6933093 8163 12359 15245.46 11109.50 1088.39 5274.45
1481824377 6174273 6945537 5006 0 6171116 6933178 8163 12359 15245.28 11052.48 1089.66 5331.89
1481824378 6174305 6945622 5006 0 6171148 6933263 8163 12359 15245.46 11006.97 1089.16 5377.05
1481824379 6174338 6945721 5006 0 6171181 6933362 8163 12359 15245.46 10939.99 1088.38 5444.04
1481824380 6174367 6945804 5006 0 6171211 6933445 8163 12359 15245.89 10889.73 1089.48 5497.89
1481824381 6174400 6945890 5006 0 6171244 6933531 8163 12359 15245.27 10838.91 1089.66 5544.72
1481824383 6174430 6945972 5006 0 6171274 6933613 8163 12359 15245.29 10792.03 1089.73 5591.59
1481824384 6174462 6946049 5006 0 6171305 6933690 8163 12359 15245.52 10747.77 1089.07 5636.25
1481824385 6174494 6946129 5006 0 6171337 6933770 8163 12359 15245.67 10700.60 1088.64 5683.03
1481824386 6174526 6946209 5006 0 6171369 6933850 8163 12359 15245.68 10655.65 1088.98 5728.32
1481824387 6174556 6946310 5006 0 6171399 6933951 8163 12359 15245.55 10587.54 1089.09 5799.02
1481824389 6174586 6946389 5006 0 6171430 6934030 8163 12359 15245.48 10543.86 1088.33 5839.37
1481824390 6174619 6946481 5006 0 6171463 6934122 8163 12359 15245.71 10484.61 1088.84 5899.03
1481824391 6174649 6946562 5006 0 6171493 6934203 8163 12359 15245.62 10438.15 1089.06 5945.42
1481824392 6174681 6946643 5006 0 6171524 6934284 8163 12359 15245.59 10391.35 1089.40 5992.65
1481824393 6174711 6946728 5006 0 6171555 6934369 8163 12359 15245.09 10336.02 1089.50 6049.43
1481824394 6174742 6946805 5006 0 6171586 6934446 8163 12359 15245.55 10297.14 1089.05 6086.86
1481824395 6174775 6946894 5006 0 6171618 6934535 8163 12359 15245.16 10240.95 1089.00 6142.68
1481824396 6174806 6946972 5006 0 6171649 6934613 8163 12359 15245.19 10197.57 1089.45 6186.05
1481824397 6174837 6947050 5006 0 6171681 6934691 8163 12359 15245.88 10153.55 1088.77 6230.85
1481824399 6174868 6947140 5006 0 6171711 6934781 8163 12359 15245.11 10098.41 1089.48 6285.23
1481824400 6174903 6947227 5006 0 6171747 6934868 8163 12359 15244.89 10041.93 1089.71 6342.07
1481824401 6174934 6947306 5006 0 6171778 6934947 8163 12359 15244.77 9997.38 1089.79 6386.55
1481824402 6174968 6947433 5006 0 6171812 6935074 8163 12359 15243.93 9901.05 1089.95 6482.91
1481824403 6175007 6947662 5006 0 6171850 6935303 8163 12359 15242.24 9700.01 1092.35 6683.98
1481824404 6175046 6947788 5006 0 6171889 6935429 8163 12359 15243.77 9598.96 1090.45 6784.66
1481824405 6175077 6947892 5006 0 6171920 6935533 8163 12359 15244.14 9528.18 1090.47 6856.23
1481824406 6175111 6947990 5006 0 6171954 6935632 8163 12359 15243.63 9462.17 1090.59 6921.47
1481824408 6175147 6948105 5006 0 6171990 6935746 8163 12359 15243.65 9375.79 1090.60 7007.84
1481824409 6175177 6948276 5006 0 6172021 6935917 8163 12359 15244.27 9239.28 1090.36 7144.36
1481824410 6175209 6948386 5006 0 6172052 6936027 8163 12359 15244.41 9163.02 1089.83 7220.98
1481824411 6175245 6948511 5006 0 6172089 6936152 8163 12359 15243.98 9067.23 1089.45 7316.79
1481824412 6175279 6948613 5006 0 6172122 6936254 8163 12359 15244.41 8997.31 1090.20 7386.69
1481824413 6175310 6948763 5006 0 6172154 6936404 8163 12359 15244.85 8880.31 1090.15 7503.32
1481824414 6175347 6948924 5006 0 6172190 6936565 8163 12359 15244.44 8748.52 1090.16 7635.11
1481824415 6175381 6949051 5006 0 6172225 6936692 8163 12359 15244.32 8652.72 1090.30 7731.29
1481824417 6175417 6949173 5006 0 6172260 6936814 8163 12359 15243.61 8558.96 1091.04 7824.29
1481824418 6175446 6949252 5006 0 6172289 6936893 8163 12359 15244.94 8516.21 1089.70 7867.80
1481824419 6175479 6949390 5006 0 6172322 6937031 8163 12359 15243.96 8409.69 1090.25 7973.47
1481824420 6175511 6949468 5006 0 6172355 6937109 8163 12359 15244.05 8349.67 1090.58 8033.95
1481824421 6175545 6949585 5006 0 6172389 6937226 8163 12359 15243.85 8277.22 1090.39 8105.99
1481824422 6175576 6949696 5006 0 6172420 6937337 8163 12359 15245.17 8202.33 1089.45 8181.31
1481824424 6175606 6949822 5006 0 6172450 6937463 8163 12359 15244.68 8111.11 1089.58 8272.46
1481824425 6175640 6949970 5006 0 6172484 6937611 8163 12359 15244.01 7994.89 1090.59 8388.73
1481824426 6175673 6950083 5006 0 6172517 6937724 8163 12359 15244.33 7915.57 1089.89 8468.00
1481824427 6175706 6950202 5006 0 6172550 6937843 8163 12359 15243.86 7824.39 1090.42 8559.60
1481824428 6175745 6950382 5006 0 6172588 6938023 8163 12359 15243.95 7673.62 1091.02 8710.02
1481824429 6175776 6950530 5006 0 6172619 6938171 8163 12359 15244.85 7558.80 1089.75 8825.13
1481824430 6175812 6950702 5006 0 6172655 6938343 8163 12359 15244.19 7418.29 1090.76 8965.74
1481824431 6175844 6950831 5006 0 6172687 6938472 8163 12359 15244.55 7320.86 1089.70 9063.15
1481824432 6175874 6950931 5006 0 6172717 6938572 8163 12359 15244.59 7251.89 1090.01 9147.70
1481824434 6175910 6951068 5006 0 6172753 6938709 8163 12359 15244.29 7147.41 1090.32 9236.19
1481824435 6175941 6951196 5006 0 6172784 6938837 8163 12359 15244.04 7053.20 1090.22 9331.18
1481824436 6175971 6951327 5006 0 6172815 6938968 8163 12359 15244.66 6956.65 1089.98 9426.93
1481824437 6176006 6951429 5006 0 6172849 6939070 8163 12359 15245.41 6886.03 1089.14 9497.64
1481824438 6176044 6951520 5006 0 6172888 6939161 8163 12359 15243.57 6816.52 1090.46 9567.00
1481824439 6176087 6951604 5006 0 6172931 6939245 8163 12359 15244.21 6759.99 1090.04 9624.39
1481824440 6176121 6951693 5006 0 6172964 6939334 8163 12359 15244.48 6701.80 1090.52 9682.59
1481824441 6176160 6951775 5006 0 6173003 6939416 8163 12359 15244.73 6644.93 1089.86 9739.44
1481824443 6176195 6951864 5006 0 6173038 6939505 8163 12359 15244.22 6585.76 1090.38 9798.22
1481824444 6176230 6951950 5006 0 6173074 6939591 8163 12359 15244.46 6529.73 1089.79 9854.64
1481824445 6176267 6952036 5006 0 6173110 6939677 8163 12359 15243.96 6472.71 1090.27 9911.30
1481824446 6176304 6952122 5006 0 6173147 6939763 8163 12359 15244.79 6414.60 1090.52 9969.39
1481824447 6176338 6952199 5006 0 6173182 6939840 8163 12359 15244.61 6367.14 1090.32 10016.46
1481824448 6176375 6952284 5006 0 6173218 6939925 8163 12359 15244.43 6310.46 1090.59 10073.18
1481824449 6176410 6952382 5006 0 6173253 6940023 8163 12359 15244.32 6242.41 1090.67 10141.97
1481824450 6176445 6952458 5006 0 6173288 6940099 8163 12359 15244.42 6195.68 1090.92 10189.05
1481824451 6176492 6952537 5006 0 6173335 6940178 8163 12359 15243.40 6134.54 1090.85 10253.44
1481824453 6176533 6952615 5006 0 6173376 6940256 8163 12359 15244.20 6079.90 1090.44 10303.72
1481824454 6176568 6952703 5006 0 6173411 6940344 8163 12359 15243.71 6021.56 1090.18 10362.43
1481824455 6176603 6952790 5006 0 6173446 6940431 8163 12359 15244.05 5964.73 1090.56 10418.86
1481824456 6176637 6952866 5006 0 6173481 6940507 8163 12359 15244.28 5918.03 1090.34 10465.58
1481824457 6176673 6952952 5006 0 6173516 6940593 8163 12359 15243.54 5861.24 1090.74 10523.16
1481824458 6176710 6953036 5006 0 6173554 6940677 8163 12359 15244.34 5804.29 1089.52 10579.68
1481824459 6176745 6953112 5006 0 6173588 6940753 8163 12359 15244.64 5758.64 1090.29 10624.96
1481824460 6176780 6953198 5006 0 6173624 6940839 8163 12359 15244.37 5702.10 1089.80 10681.52
1481824461 6176817 6953283 5006 0 6173660 6940924 8163 12359 15244.41 5645.52 1090.54 10738.49
1481824463 6176852 6953360 5006 0 6173695 6941001 8163 12359 15244.31 5597.54 1091.05 10785.70
1481824464 6176891 6953443 5006 0 6173734 6941084 8163 12359 15244.64 5541.39 1090.68 10847.72
1481824465 6176933 6953524 5006 0 6173777 6941165 8163 12359 15243.92 5482.78 1090.68 10900.83
1481824466 6176972 6953608 5006 0 6173815 6941249 8163 12359 15243.52 5424.80 1091.08 10959.19
1481824467 6177008 6953687 5006 0 6173851 6941328 8163 12359 15243.23 5370.45 1091.39 11013.55
1481824468 6177048 6953778 5006 0 6173891 6941419 8163 12359 15244.27 5309.77 1090.34 11074.21
1481824469 6177083 6953853 5006 0 6173926 6941494 8163 12359 15243.91 5263.51 1091.09 11120.48
1481824470 6177121 6953945 5006 0 6173964 6941586 8163 12359 15243.23 5198.54 1091.41 11187.29
1481824471 6177159 6954032 5006 0 6174003 6941673 8163 12359 15244.09 5137.68 1090.54 11246.29
1481824473 6177197 6954118 5006 0 6174040 6941759 8163 12359 15243.25 5076.73 1091.36 11308.36
1481824474 6177243 6954208 5006 0 6174086 6941849 8163 12359 15243.84 5008.93 1090.77 11375.07
1481824475 6177284 6954287 5006 0 6174127 6941928 8163 12359 15243.43 4951.47 1091.57 11432.90
1481824476 6177321 6954382 5006 0 6174164 6942023 8163 12359 15243.75 4887.71 1090.89 11497.02
1481824477 6177361 6954471 5006 0 6174204 6942112 8163 12359 15242.95 4818.62 1091.28 11565.38
1481824478 6177400 6954559 5006 0 6174243 6942200 8163 12359 15244.19 4760.43 1090.42 11623.19
1481824479 6177439 6954652 5006 0 6174282 6942294 8163 12359 15243.94 4692.29 1090.59 11691.69
1481824480 6177474 6954751 5006 0 6174317 6942392 8163 12359 15243.71 4623.28 1091.19 11760.34
1481824482 6177510 6954849 5006 0 6174353 6942490 8163 12359 15243.70 4549.69 1091.34 11835.76
1481824483 6177555 6954944 5006 0 6174398 6942585 8163 12359 15242.88 4478.33 1090.97 11905.29
1481824484 6177597 6955048 5006 0 6174440 6942690 8163 12359 15242.91 4398.03 1091.34 11986.33
1481824485 6177654 6955058 5006 0 6174497 6942700 8163 12359 15242.91 4398.60 1091.38 11985.77
1481824486 6177710 6955066 5006 0 6174554 6942707 8163 12359 15242.94 4397.99 1091.70 11986.01
1481824487 6177763 6955078 5006 0 6174606 6942719 8163 12359 15242.55 4398.54 1091.34 11985.46
1481824488 6177821 6955086 5006 0 6174664 6942727 8163 12359 15243.57 4398.31 1090.68 11986.05
1481824489 6177874 6955098 5006 0 6174717 6942739 8163 12359 15242.71 4397.88 1091.18 11986.12
1481824490 6177926 6955109 5006 0 6174769 6942750 8163 12359 15244.19 4398.02 1090.82 11986.34
1481824491 6177984 6955116 5006 0 6174827 6942758 8163 12359 15244.15 4397.91 1090.48 11985.72
1481824493 6178042 6955124 5006 0 6174885 6942765 8163 12359 15243.59 4397.68 1090.68 11986.32
1481824494 6178086 6955145 5006 0 6174929 6942786 8163 12359 15243.32 4418.10 1091.65 11965.54
1481824495 6178119 6955176 5006 0 6174962 6942817 8163 12359 15253.96 4493.44 1079.88 11889.79
1481824496 6178148 6955209 5006 0 6174991 6942850 8163 12359 15255.32 4493.81 1079.69 11890.17
