1483659693          0          0          0          0
1483659694          0          0          0          0
1483659695          0          0          0          0
1483659696          0          0          0          0
1483659698          0          0          0          0
1483659699          0          0          0          0
1483659700          0          0          0          0
1483659701          0          0          0          0
1483659702          0          0          0          0
1483659703          0          0          0          0
1483659704          0          0          0          0
1483659705          0          0          0          0
1483659707          0          0          0          0
1483659708          0          0          0          0
1483659709          0          0          0          0
1483659710          0          0          0          0
1483659711          0          0          0          0
1483659712          0          0          0          0
1483659713          0          0          0          0
1483659715          0          0          0          0
1483659716          0          0          0          0
1483659717          0          0          0          0
1483659718          0          0          0          0
1483659719          0          0          0          0
1483659720          0          0          0          0
1483659721          0          0          0          0
1483659722          0          0          0          0
1483659724          0          0          0          0
1483659725          0          0          0          0
1483659726          0          0          0          0
1483659727          0          0          0          0
1483659728          0          0          0          0
1483659729          0          0          0          0
1483659730          0          0          0          0
1483659732          0          0          0          0
1483659733          0          0          0          0
1483659734          0          0          0          0
1483659735          0          0          0          0
1483659736          0          0          0          0
1483659737          0          0          0          0
1483659738          0          0          0          0
1483659739          0          0          0          0
1483659741          0          0          0          0
1483659742          0          0          0          0
1483659743          0          0          0          0
1483659744          0          0          0          0
1483659745          0          0          0          0
1483659746          0          0          0          0
1483659748          0          0          0          0
1483659749          0          0          0          0
1483659750          0          0          0          0
1483659751          0          0          0          0
1483659752          0          0          0          0
1483659753          0          0          0          0
1483659754          0          0          0          0
1483659756          0          0          0          0
1483659757          0          0          0          0
1483659758          0          0          0          0
1483659759          0          0          0          0
1483659760          0          0          0          0
1483659761          0          0          0          0
1483659762          0          0          0          0
1483659764          0          0          0          0
1483659765          0          0          0          0
1483659766          0          0          0          0
1483659767          0          0          0          0
1483659768          0          0          0          0
1483659769          0          0          0          0
1483659771          0          0          0          0
1483659772          0          0          0          0
1483659773          0          0          0          0
1483659774          0          0          0          0
1483659775          0          0          0          0
1483659776          0          0          0          0
1483659777          0          0          0          0
1483659779          0          0          0          0
1483659780          0          0          0          0
1483659781          0          0          0          0
1483659782          0          0          0          0
1483659783          0          0          0          0
1483659784          0          0          0          0
1483659785          0          0          0          0
1483659787          0          0          0          0
1483659788          0          0          0          0
1483659789          0          0          0          0
1483659790          0          0          0          0
1483659791          0          0          0          0
1483659792          0          0          0          0
1483659794          0          0          0          0
1483659795          0          0          0          0
1483659796          0          0          0          0
1483659797          0          0          0          0
1483659798          0          0          0          0
1483659799          0          0          0          0
1483659800          0          0          0          0
1483659802          0          0          0          0
1483659803          0          0          0          0
1483659804          0          0          0          0
1483659805          0          0          0          0
1483659806          0          0          0          0
1483659807          0          0          0          0
1483659808          0          0          0          0
1483659810          0          0          0          0
1483659811          0          0          0          0
1483659812          0          0          0          0
1483659813          0          0          0          0
1483659814          0          0          0          0
1483659815          0          0          0          0
1483659816          0          0          0          0
1483659818          0          0          0          0
1483659819          0          0          0          0
1483659820          0          0          0          0
1483659821          0          0          0          0
1483659822          0          0          0          0
1483659823          0          0          0          0
1483659825          0          0          0          0
1483659826          0          0          0          0
1483659827          0          0          0          0
1483659828          0          0          0          0
1483659829          0          0          0          0
1483659830          0          0          0          0
1483659831          0          0          0          0
1483659833          0          0          0          0
1483659834          0          0          0          0
1483659835          0          0          0          0
1483659836          0          0          0          0
1483659837          0          0          0          0
1483659838          0          0          0          0
1483659839          0          0          0          0
1483659841          0          0          0          0
1483659842          0          0          0          0
1483659843          0          0          0          0
1483659844          0          0          0          0
1483659845          0          0          0          0
1483659846          0          0          0          0
1483659847          0          0          0          0
1483659849          0          0          0          0
1483659850          0          0          0          0
1483659851          0          0          0          0
1483659852          0          0          0          0
1483659853          0          0          0          0
1483659854          0          0          0          0
1483659856          0          0          0          0
1483659857          0          0          0          0
1483659858          0          0          0          0
1483659859          0          0          0          0
1483659860          0          0          0          0
1483659861          0          0          0          0
1483659862          0          0          0          0
1483659864          0          0          0          0
1483659865          0          0          0          0
1483659866          0          0          0          0
1483659867          0          0          0          0
1483659868          0          0          0          0
1483659869          0          0          0          0
1483659871          0          0          0          0
1483659872          0          0          0          0
1483659873          0          0          0          0
1483659874          0          0          0          0
1483659875          0          0          0          0
1483659876          0          0          0          0
1483659877          0          0          0          0
1483659879          0          0          0          0
1483659880          0          0          0          0
1483659881          0          0          0          0
1483659882          0          0          0          0
1483659883          0          0          0          0
1483659884          0          0          0          0
1483659886          0          0          0          0
1483659887          0          0          0          0
1483659888          0          0          0          0
1483659889          0          0          0          0
1483659890          0          0          0          0
1483659891          0          0          0          0
1483659892          0          0          0          0
1483659894          0          0          0          0
1483659895          0          0          0          0
1483659896          0          0          0          0
1483659897          0          0          0          0
1483659898          0          0          0          0
1483659899          0          0          0          0
1483659900          0          0          0          0
1483659902          0          0          0          0
1483659903          0          0          0          0
1483659904          0          0          0          0
1483659905          0          0          0          0
1483659906          0          0          0          0
1483659907          0          0          0          0
1483659908          0          0          0          0
1483659910          0          0          0          0
1483659911          0          0          0          0
1483659912          0          0          0          0
