 %time 1483748436
 %usr 0.00 0.00 0.00 0.00 0.00 0.00 0.00 0.00 0.00 0.00 0.00 0.00 0.00 0.00 0.00 0.00 0.00
 %sys 0.12 1.00 0.00 0.00 0.00 0.00 0.00 0.00 0.00 0.00 0.00 0.00 0.00 0.00 0.00 0.00 0.00
 %idle 99.88 99.00 100.00 100.00 100.00 100.00 100.00 100.00 100.00 100.00 100.00 100.00 100.00 100.00 100.00 100.00 100.00
 %time 1483748437
 %usr 0.00 0.00 0.00 0.00 0.00 0.00 0.00 0.00 0.00 0.00 0.00 0.00 0.00 0.00 0.00 0.00 0.00
 %sys 0.00 0.00 0.00 0.00 0.00 0.00 0.00 0.00 0.00 0.00 0.00 0.00 0.00 0.00 0.00 0.00 0.00
 %idle 100.00 100.00 100.00 100.00 100.00 100.00 100.00 100.00 100.00 100.00 100.00 100.00 100.00 100.00 100.00 100.00 100.00
 %time 1483748438
 %usr 0.00 0.00 0.00 0.00 0.00 0.00 0.00 0.00 0.00 0.00 0.00 0.00 0.00 0.00 0.00 0.00 0.00
 %sys 0.00 0.00 0.00 0.99 0.00 0.00 0.00 0.00 0.00 0.00 0.00 0.00 0.00 0.00 0.00 0.00 0.00
 %idle 100.00 100.00 100.00 99.01 100.00 100.00 100.00 100.00 100.00 100.00 100.00 100.00 100.00 100.00 100.00 100.00 100.00
 %time 1483748439
 %usr 0.00 0.00 0.00 0.00 0.00 0.00 0.00 0.00 0.00 0.00 0.00 0.00 0.00 0.00 0.00 0.00 0.00
 %sys 0.00 0.00 0.00 0.99 0.00 0.00 0.00 0.00 0.00 0.00 0.00 0.00 0.99 0.00 0.00 0.00 0.00
 %idle 100.00 100.00 100.00 99.01 100.00 100.00 100.00 100.00 100.00 100.00 100.00 100.00 99.01 100.00 100.00 100.00 100.00
 %time 1483748440
 %usr 0.00 0.00 0.00 0.00 0.00 0.00 0.00 0.00 0.00 0.00 0.00 0.00 0.00 0.00 0.00 0.00 0.00
 %sys 0.06 0.99 0.00 0.99 0.00 0.00 0.00 0.00 0.00 0.00 0.00 0.00 0.00 0.00 0.00 0.00 0.00
 %idle 99.63 99.01 100.00 99.01 98.00 100.00 100.00 100.00 100.00 97.00 100.00 100.00 100.00 100.00 100.00 100.00 100.00
 %time 1483748442
 %usr 0.00 0.00 0.00 0.00 0.00 0.00 0.00 0.00 0.00 0.00 0.00 0.00 0.00 0.00 0.00 0.00 0.00
 %sys 0.06 0.00 0.00 0.00 0.00 0.00 0.00 0.00 0.00 0.00 0.00 0.00 0.00 0.00 0.00 0.00 0.00
 %idle 99.94 100.00 100.00 100.00 100.00 100.00 100.00 100.00 100.00 100.00 100.00 100.00 100.00 100.00 100.00 100.00 100.00
 %time 1483748443
 %usr 0.00 0.00 0.00 0.00 0.00 0.00 0.00 0.00 0.00 0.00 0.00 0.00 0.00 0.00 0.00 0.00 0.00
 %sys 0.06 0.00 0.00 0.00 0.00 0.00 0.00 0.00 0.00 0.00 0.00 0.00 0.00 0.00 0.00 0.00 0.00
 %idle 99.94 100.00 100.00 100.00 100.00 100.00 100.00 100.00 100.00 100.00 100.00 100.00 100.00 100.00 100.00 100.00 100.00
 %time 1483748444
 %usr 0.25 0.00 2.00 2.00 0.00 0.00 0.00 0.00 0.00 0.00 0.00 0.00 0.00 0.00 0.00 0.00 0.00
 %sys 0.06 0.00 0.00 0.00 0.00 0.00 0.00 0.00 0.00 0.00 0.99 0.00 0.00 0.00 0.00 0.00 0.00
 %idle 99.63 100.00 98.00 98.00 100.00 100.00 100.00 100.00 100.00 100.00 99.01 100.00 100.00 100.00 100.00 100.00 100.00
 %time 1483748445
 %usr 0.63 0.00 6.06 0.00 1.01 0.00 0.00 0.00 0.00 1.01 1.98 0.00 0.00 0.00 0.00 0.00 0.00
 %sys 0.38 1.01 2.02 0.00 1.01 0.00 0.00 0.00 0.00 1.01 1.98 0.00 0.00 0.00 0.00 0.00 0.00
 %idle 92.81 87.88 89.90 100.00 49.49 100.00 100.00 100.00 100.00 61.62 96.04 100.00 100.00 100.00 100.00 100.00 100.00
 %time 1483748446
 %usr 0.13 0.00 0.99 0.00 0.00 0.00 0.00 0.00 0.00 1.00 0.00 0.00 0.00 0.00 0.00 0.00 0.00
 %sys 0.25 0.00 0.00 0.00 0.00 0.00 0.00 0.00 0.00 2.00 0.00 1.00 0.00 0.00 0.00 0.00 0.00
 %idle 99.62 100.00 99.01 100.00 100.00 100.00 100.00 100.00 100.00 96.00 100.00 99.00 100.00 100.00 100.00 100.00 100.00
 %time 1483748447
 %usr 0.00 0.00 0.00 0.00 0.00 0.00 0.00 0.00 0.00 0.00 0.00 0.00 0.00 0.00 0.00 0.00 0.00
 %sys 0.06 0.00 0.00 0.00 0.00 0.00 0.00 0.00 0.00 0.00 0.00 0.00 0.99 0.00 0.00 0.00 0.00
 %idle 99.94 100.00 100.00 100.00 100.00 100.00 100.00 100.00 100.00 100.00 100.00 100.00 99.01 100.00 100.00 100.00 100.00
 %time 1483748448
 %usr 0.00 0.00 0.00 0.00 0.00 0.00 0.00 0.00 0.00 0.00 0.00 0.00 0.00 0.00 0.00 0.00 0.00
 %sys 0.06 0.00 0.00 0.00 0.00 0.00 1.00 0.00 0.00 0.00 0.00 0.00 0.00 0.00 0.00 0.00 0.00
 %idle 99.88 100.00 100.00 100.00 100.00 100.00 99.00 100.00 100.00 100.00 100.00 100.00 100.00 100.00 100.00 100.00 100.00
 %time 1483748449
 %usr 4.88 0.00 0.00 0.00 0.00 0.00 0.00 0.00 0.00 40.00 38.38 0.00 0.00 0.00 0.00 0.00 0.00
 %sys 1.82 0.00 1.00 1.00 0.00 0.00 0.00 0.00 0.00 13.00 11.11 0.99 0.00 0.00 0.00 0.00 0.00
 %idle 87.16 100.00 99.00 99.00 97.98 100.00 100.00 100.00 100.00 1.00 1.01 99.01 100.00 100.00 100.00 100.00 100.00
 %time 1483748450
 %usr 2.44 0.00 0.00 0.00 0.00 0.00 0.00 0.00 0.00 21.78 17.00 0.00 0.00 0.00 0.00 0.00 0.00
 %sys 2.44 2.00 1.00 0.00 0.00 0.00 1.00 1.00 0.00 16.83 15.00 1.01 2.00 0.00 0.00 0.00 0.00
 %idle 86.98 98.00 99.00 100.00 100.00 100.00 99.00 99.00 100.00 0.00 0.00 98.99 98.00 100.00 100.00 100.00 100.00
 %time 1483748452
 %usr 2.63 0.00 0.00 0.00 0.00 0.00 0.00 0.00 0.00 22.00 21.00 0.00 0.00 0.00 0.00 0.00 0.00
 %sys 2.44 2.00 1.00 1.00 0.00 0.00 0.00 0.00 0.00 14.00 16.00 2.00 1.98 1.00 0.99 0.00 0.00
 %idle 86.99 98.00 99.00 99.00 100.00 100.00 100.00 100.00 100.00 0.00 0.00 98.00 98.02 99.00 99.01 100.00 100.00
 %time 1483748453
 %usr 3.39 0.00 0.00 0.00 0.00 0.00 0.00 0.00 0.00 30.00 24.00 0.00 0.00 0.00 0.00 0.00 0.00
 %sys 2.95 1.01 0.00 1.01 1.01 0.00 0.00 0.00 0.00 20.00 19.00 2.00 1.01 1.01 0.00 0.99 0.00
 %idle 86.96 98.99 100.00 98.99 98.99 100.00 100.00 100.00 100.00 0.00 0.00 98.00 98.99 98.99 100.00 99.01 100.00
 %time 1483748454
 %usr 2.56 0.00 0.00 0.00 0.00 0.00 0.00 0.00 0.00 23.00 17.00 0.00 0.00 0.00 0.00 0.00 0.00
 %sys 2.44 1.00 1.00 2.00 1.00 0.00 0.00 1.00 0.00 16.00 13.00 1.00 1.00 1.00 0.00 0.00 0.00
 %idle 86.88 99.00 99.00 98.00 99.00 100.00 100.00 99.00 100.00 0.00 0.00 99.00 99.00 99.00 100.00 100.00 100.00
 %time 1483748455
 %usr 3.07 0.00 0.00 0.00 0.00 0.00 0.00 0.00 0.00 25.25 23.23 0.00 0.00 0.00 0.00 0.00 0.00
 %sys 2.76 2.00 1.01 1.00 1.00 1.00 0.00 0.00 0.00 16.16 18.18 1.01 1.00 1.00 0.00 0.00 0.00
 %idle 86.91 98.00 98.99 99.00 99.00 99.00 100.00 100.00 100.00 0.00 0.00 98.99 99.00 99.00 100.00 100.00 100.00
 %time 1483748456
 %usr 2.62 0.00 0.00 0.00 0.00 0.00 0.00 0.00 0.00 21.78 20.79 0.00 0.00 0.00 0.00 0.00 0.00
 %sys 2.50 1.98 1.00 1.00 1.00 0.00 0.99 0.00 0.00 14.85 15.84 1.00 1.01 0.00 0.00 0.00 0.00
 %idle 86.88 98.02 99.00 99.00 99.00 100.00 99.01 100.00 100.00 0.00 0.00 99.00 98.99 100.00 100.00 100.00 100.00
 %time 1483748457
 %usr 1.81 0.00 0.00 0.00 0.00 0.00 0.00 0.00 0.00 15.00 13.86 0.00 0.00 0.00 0.00 0.00 0.00
 %sys 1.75 1.00 1.00 1.00 1.01 0.99 0.00 0.99 0.00 11.00 10.89 1.00 0.00 0.99 1.00 0.00 0.99
 %idle 87.05 99.00 99.00 99.00 98.99 99.01 100.00 99.01 100.00 0.00 0.00 99.00 100.00 99.01 99.00 100.00 99.01
 %time 1483748458
 %usr 2.38 0.00 0.00 0.00 0.00 0.00 0.00 0.00 0.00 19.00 20.00 0.00 0.00 0.00 0.00 0.00 0.00
 %sys 2.00 0.00 0.00 0.00 0.99 0.00 0.00 0.00 0.00 12.00 13.00 1.00 1.00 0.00 0.00 0.00 1.00
 %idle 87.16 100.00 100.00 100.00 99.01 100.00 100.00 100.00 100.00 0.00 0.00 99.00 99.00 100.00 100.00 100.00 99.00
 %time 1483748459
 %usr 1.88 0.00 0.00 0.00 0.00 0.00 0.00 0.00 0.00 14.00 16.00 0.00 0.00 0.00 0.00 0.00 0.00
 %sys 1.69 0.00 0.00 0.00 0.00 0.00 0.00 0.99 0.00 10.00 12.00 2.00 1.00 0.00 0.00 0.99 0.00
 %idle 87.19 100.00 100.00 100.00 100.00 100.00 100.00 99.01 100.00 0.00 0.00 98.00 99.00 100.00 100.00 99.01 100.00
 %time 1483748461
 %usr 3.32 0.00 0.00 0.00 0.00 0.00 0.00 0.00 0.00 27.27 26.73 0.00 0.00 0.00 0.00 0.00 0.00
 %sys 3.01 2.02 2.02 0.00 0.00 1.01 0.99 0.00 0.00 18.18 19.80 2.00 1.00 1.00 0.00 0.00 0.00
 %idle 86.90 97.98 97.98 100.00 100.00 98.99 99.01 100.00 100.00 0.00 0.00 98.00 99.00 99.00 100.00 100.00 100.00
 %time 1483748462
 %usr 2.38 0.00 0.00 0.00 0.00 0.00 0.00 0.00 0.00 19.80 17.00 0.00 0.00 0.00 0.00 0.00 0.00
 %sys 2.13 2.00 1.01 0.00 0.00 0.00 0.00 0.00 0.00 13.86 13.00 1.00 1.00 1.00 1.00 0.00 0.00
 %idle 86.99 98.00 98.99 100.00 100.00 100.00 100.00 100.00 100.00 0.00 0.00 99.00 99.00 99.00 99.00 100.00 100.00
 %time 1483748463
 %usr 1.81 0.00 0.00 0.00 0.00 0.00 0.00 0.00 0.00 12.00 16.16 0.00 0.00 0.00 0.00 0.00 0.00
 %sys 1.69 0.00 1.00 1.98 0.00 0.00 0.00 0.00 0.00 10.00 11.11 1.00 1.00 0.00 0.00 0.00 0.00
 %idle 87.12 100.00 99.00 98.02 100.00 100.00 100.00 100.00 100.00 0.00 0.00 99.00 99.00 100.00 100.00 100.00 100.00
 %time 1483748464
 %usr 3.12 0.00 0.00 0.00 0.00 0.00 0.00 0.00 0.00 26.73 22.77 0.00 0.00 0.00 0.00 0.00 0.00
 %sys 2.75 1.01 1.98 1.00 1.00 0.00 0.00 0.00 0.00 17.82 17.82 2.00 1.01 0.00 0.00 0.00 0.00
 %idle 86.88 98.99 98.02 99.00 99.00 100.00 100.00 100.00 100.00 0.00 0.00 98.00 98.99 100.00 100.00 100.00 100.00
 %time 1483748465
 %usr 2.44 0.00 0.00 0.00 0.00 0.00 0.00 0.00 0.00 22.22 16.83 0.00 0.00 0.00 0.00 0.00 0.00
 %sys 2.19 2.02 2.00 0.00 0.00 0.00 0.00 0.00 0.00 15.15 11.88 1.00 1.00 0.99 0.00 1.00 1.00
 %idle 86.97 97.98 98.00 100.00 100.00 100.00 100.00 100.00 100.00 0.00 0.00 99.00 99.00 99.01 100.00 99.00 99.00
 %time 1483748466
 %usr 2.50 0.00 0.00 0.00 0.00 0.00 0.00 0.00 0.00 18.81 22.00 0.00 0.00 0.00 0.00 0.00 0.00
 %sys 2.25 1.00 1.00 0.00 0.00 0.00 0.00 0.00 0.99 13.86 15.00 1.00 1.00 0.00 0.00 0.00 0.00
 %idle 87.04 99.00 99.00 100.00 100.00 100.00 100.00 100.00 99.01 0.00 0.00 99.00 99.00 100.00 100.00 100.00 100.00
 %time 1483748467
 %usr 2.25 0.00 0.00 0.00 0.00 0.00 0.00 0.00 0.00 13.13 23.00 0.00 0.00 0.00 0.00 0.00 0.00
 %sys 2.07 1.01 1.98 1.00 0.00 0.00 0.00 0.00 0.00 10.10 16.00 1.01 0.00 0.00 0.00 0.00 1.00
 %idle 87.10 98.99 98.02 99.00 100.00 100.00 100.00 100.00 100.00 0.00 0.00 98.99 100.00 100.00 100.00 100.00 99.00
 %time 1483748468
 %usr 3.57 0.00 0.00 0.00 0.00 0.00 0.00 0.00 0.00 27.00 29.00 0.00 0.00 0.00 0.00 0.00 0.00
 %sys 3.19 1.01 2.00 1.00 1.00 0.99 0.00 1.00 0.00 20.00 20.00 1.98 1.00 0.99 0.99 0.00 1.00
 %idle 86.73 98.99 98.00 99.00 99.00 99.01 100.00 99.00 100.00 0.00 0.00 98.02 99.00 99.01 99.01 100.00 99.00
 %time 1483748470
 %usr 2.88 0.00 0.00 0.00 0.00 0.00 0.00 0.00 0.00 22.00 24.24 0.00 0.00 0.00 0.00 0.00 0.00
 %sys 2.82 1.00 0.00 3.00 1.00 0.00 1.00 1.00 0.00 15.00 18.18 1.00 0.00 0.00 0.00 0.00 1.00
 %idle 86.79 99.00 100.00 97.00 99.00 100.00 99.00 99.00 100.00 0.00 0.00 99.00 100.00 100.00 100.00 100.00 99.00
 %time 1483748471
 %usr 3.06 0.00 0.00 0.00 0.00 0.00 0.00 0.00 0.00 25.00 24.75 0.00 0.00 0.00 0.00 0.00 0.00
 %sys 3.00 2.00 2.00 1.00 1.00 0.00 0.00 1.00 0.99 17.00 18.81 1.98 1.98 0.00 0.00 0.00 1.00
 %idle 86.74 98.00 98.00 99.00 99.00 100.00 100.00 99.00 99.01 0.00 0.00 98.02 98.02 100.00 100.00 100.00 99.00
 %time 1483748472
 %usr 2.13 0.00 0.00 0.00 0.00 0.00 0.00 0.00 0.00 16.00 18.00 0.00 0.00 0.00 0.00 0.00 0.00
 %sys 2.31 1.01 1.00 1.01 1.00 0.00 0.99 0.99 0.99 12.00 13.00 2.00 1.00 1.00 0.99 1.00 0.99
 %idle 86.80 98.99 99.00 98.99 99.00 100.00 99.01 99.01 99.01 0.00 0.00 98.00 99.00 99.00 99.01 99.00 99.01
 %time 1483748473
 %usr 2.82 0.00 0.00 0.00 0.00 0.00 0.00 0.00 0.00 22.77 22.00 0.00 0.00 0.00 0.00 0.00 0.00
 %sys 2.57 1.01 1.00 1.01 1.00 1.00 0.00 0.00 0.00 15.84 16.00 1.01 1.00 0.99 0.00 0.00 1.00
 %idle 86.92 98.99 99.00 98.99 99.00 99.00 100.00 100.00 100.00 0.00 0.00 98.99 99.00 99.01 100.00 100.00 99.00
 %time 1483748474
 %usr 3.31 0.00 0.00 0.00 0.00 0.00 0.00 0.00 0.00 21.00 32.00 0.00 0.00 0.00 0.00 0.00 0.00
 %sys 3.06 1.00 1.01 1.00 1.98 0.00 0.99 0.00 0.00 15.00 23.00 1.01 1.98 1.00 0.00 0.99 0.00
 %idle 86.80 99.00 98.99 99.00 98.02 100.00 99.01 100.00 100.00 0.00 0.00 98.99 98.02 99.00 100.00 99.01 100.00
 %time 1483748475
 %usr 3.81 0.00 0.00 0.00 0.00 0.00 0.00 0.00 0.00 26.00 35.00 0.00 0.00 0.00 0.00 0.00 0.00
 %sys 2.88 1.01 2.00 0.00 0.00 0.00 0.00 0.00 0.99 19.00 16.00 1.00 2.97 0.00 0.00 0.00 0.00
 %idle 86.80 98.99 98.00 100.00 100.00 100.00 100.00 100.00 99.01 0.00 0.00 99.00 97.03 100.00 100.00 100.00 100.00
 %time 1483748476
 %usr 7.63 0.00 0.00 0.00 0.00 0.00 0.00 0.00 0.00 22.00 100.00 0.00 0.00 0.00 0.00 0.00 0.00
 %sys 1.13 1.00 1.00 0.00 0.99 0.00 0.00 0.00 0.00 14.00 0.00 0.99 1.00 0.00 0.00 0.00 0.00
 %idle 87.24 99.00 99.00 100.00 99.01 100.00 100.00 100.00 100.00 0.00 0.00 99.01 99.00 100.00 100.00 100.00 100.00
 %time 1483748477
 %usr 12.38 0.00 0.00 0.00 0.00 0.00 0.00 0.00 0.00 98.02 100.00 0.00 0.00 0.00 0.00 0.00 0.00
 %sys 0.06 0.00 0.00 0.00 0.00 0.00 0.00 0.00 0.00 0.99 0.00 0.00 0.00 0.00 0.00 0.00 0.00
 %idle 87.50 100.00 100.00 100.00 100.00 100.00 100.00 100.00 100.00 0.00 0.00 100.00 100.00 100.00 100.00 100.00 100.00
 %time 1483748478
 %usr 12.51 0.00 0.00 0.00 0.00 0.00 0.00 0.00 0.00 100.00 100.00 0.00 0.00 0.00 0.00 0.00 0.00
 %sys 0.00 0.00 0.00 0.00 0.00 0.00 0.00 0.00 0.00 0.00 0.00 0.00 0.00 0.00 0.00 0.00 0.00
 %idle 87.49 100.00 100.00 100.00 100.00 100.00 100.00 100.00 100.00 0.00 0.00 100.00 100.00 100.00 100.00 100.00 100.00
 %time 1483748480
 %usr 12.50 0.00 0.00 0.00 0.00 0.00 0.00 0.00 0.00 100.00 100.00 0.00 0.00 0.00 0.00 0.00 0.00
 %sys 0.00 0.00 0.00 0.00 0.00 0.00 0.00 0.00 0.00 0.00 0.00 0.00 0.00 0.00 0.00 0.00 0.00
 %idle 87.50 100.00 100.00 100.00 100.00 100.00 100.00 100.00 100.00 0.00 0.00 100.00 100.00 100.00 100.00 100.00 100.00
 %time 1483748481
 %usr 12.51 0.00 0.00 0.00 0.00 0.00 0.00 0.00 0.00 100.00 100.00 0.00 0.00 0.00 0.00 0.00 0.00
 %sys 0.06 1.00 0.00 0.00 0.00 0.00 0.00 0.00 0.00 0.00 0.00 0.99 0.00 0.00 0.00 0.00 0.00
 %idle 87.43 99.00 100.00 100.00 100.00 100.00 100.00 100.00 100.00 0.00 0.00 99.01 100.00 100.00 100.00 100.00 100.00
 %time 1483748482
 %usr 12.50 0.00 0.00 0.00 0.00 0.00 0.00 0.00 0.00 100.00 100.00 0.00 0.00 0.00 0.00 0.00 0.00
 %sys 0.06 0.00 0.00 0.00 0.00 0.00 0.00 0.00 0.00 0.00 0.00 0.00 0.00 0.00 0.00 0.00 0.00
 %idle 87.44 100.00 100.00 100.00 100.00 100.00 100.00 100.00 100.00 0.00 0.00 100.00 100.00 100.00 100.00 100.00 100.00
 %time 1483748483
 %usr 12.49 0.00 0.00 0.00 0.00 0.00 0.00 0.00 0.00 100.00 100.00 0.00 0.00 0.00 0.00 0.00 0.00
 %sys 0.06 0.00 0.00 0.00 0.00 0.00 0.00 0.00 0.00 0.00 0.00 0.00 0.00 0.00 0.00 0.00 0.00
 %idle 87.45 100.00 100.00 100.00 100.00 100.00 100.00 100.00 100.00 0.00 0.00 100.00 100.00 100.00 100.00 100.00 100.00
 %time 1483748484
 %usr 12.50 0.00 0.00 0.00 0.00 0.00 0.00 0.00 0.00 100.00 100.00 0.00 0.00 0.00 0.00 0.00 0.00
 %sys 0.00 0.00 0.00 0.00 0.00 0.00 0.00 0.99 0.00 0.00 0.00 0.00 0.00 0.00 0.00 0.00 0.00
 %idle 87.50 100.00 100.00 100.00 100.00 100.00 100.00 99.01 100.00 0.00 0.00 100.00 100.00 100.00 100.00 100.00 100.00
 %time 1483748485
 %usr 12.49 0.00 0.00 0.00 0.00 0.00 0.00 0.00 0.00 100.00 100.00 0.00 0.00 0.00 0.00 0.00 0.00
 %sys 0.06 0.00 0.00 0.00 0.00 0.00 0.00 0.00 0.00 0.00 0.00 0.00 0.00 0.00 0.00 0.00 0.00
 %idle 87.45 100.00 100.00 100.00 100.00 100.00 100.00 100.00 100.00 0.00 0.00 100.00 100.00 100.00 100.00 100.00 100.00
 %time 1483748486
 %usr 12.50 0.00 0.00 0.00 0.00 0.00 0.00 0.00 0.00 100.00 100.00 0.00 0.00 0.00 0.00 0.00 0.00
 %sys 0.06 0.00 0.00 0.00 0.00 0.00 0.00 0.00 0.00 0.00 0.00 0.99 0.00 0.00 0.00 0.00 0.00
 %idle 87.44 100.00 100.00 100.00 100.00 100.00 100.00 100.00 100.00 0.00 0.00 99.01 100.00 100.00 100.00 100.00 100.00
 %time 1483748487
 %usr 12.50 0.00 0.00 0.00 0.00 0.00 0.00 0.00 0.00 100.00 100.00 0.00 0.00 0.00 0.00 0.00 0.00
 %sys 0.06 1.00 0.00 0.00 0.99 0.00 0.00 0.00 0.00 0.00 0.00 0.00 0.00 0.00 0.99 0.00 0.00
 %idle 87.44 99.00 100.00 100.00 99.01 100.00 100.00 100.00 100.00 0.00 0.00 100.00 100.00 100.00 99.01 100.00 100.00
 %time 1483748488
 %usr 7.62 0.00 3.00 0.00 0.00 0.00 0.00 0.00 0.00 59.60 59.60 0.00 0.00 0.00 0.00 0.00 0.00
 %sys 0.19 0.00 0.00 0.00 0.00 0.00 0.00 0.00 0.00 1.01 1.01 0.00 0.00 0.99 0.00 0.00 0.00
 %idle 91.62 100.00 97.00 100.00 100.00 100.00 100.00 100.00 100.00 35.35 35.35 100.00 100.00 99.01 100.00 100.00 100.00
 %time 1483748490
 %usr 0.00 0.00 0.00 0.00 0.00 0.00 0.00 0.00 0.00 0.00 0.00 0.00 0.00 0.00 0.00 0.00 0.00
 %sys 0.00 0.00 0.00 0.00 0.00 0.00 0.00 0.00 0.00 0.00 0.00 0.00 0.00 0.00 0.00 0.00 0.00
 %idle 100.00 100.00 100.00 100.00 100.00 100.00 100.00 100.00 100.00 100.00 100.00 100.00 100.00 100.00 100.00 100.00 100.00
 %time 1483748491
 %usr 0.00 0.00 0.00 0.00 0.00 0.00 0.00 0.00 0.00 0.00 0.00 0.00 0.00 0.00 0.00 0.00 0.00
 %sys 0.06 0.00 0.00 0.00 0.00 0.00 0.00 0.00 0.00 0.00 0.00 0.00 0.00 0.00 0.00 0.00 0.00
 %idle 99.94 100.00 100.00 100.00 100.00 100.00 100.00 100.00 100.00 100.00 100.00 100.00 100.00 100.00 100.00 100.00 100.00
 %time 1483748492
 %usr 0.00 0.00 0.00 0.00 0.00 0.00 0.00 0.00 0.00 0.00 0.00 0.00 0.00 0.00 0.00 0.00 0.00
 %sys 0.06 0.00 0.00 0.00 0.00 0.00 0.00 0.00 0.00 0.00 0.00 0.00 0.99 0.00 0.00 0.00 0.00
 %idle 99.94 100.00 100.00 100.00 100.00 100.00 100.00 100.00 100.00 100.00 100.00 100.00 99.01 100.00 100.00 100.00 100.00
 %time 1483748493
 %usr 0.00 0.00 0.00 0.00 0.00 0.00 0.00 0.00 0.00 0.00 0.00 0.00 0.00 0.00 0.00 0.00 0.00
 %sys 0.06 0.00 0.00 0.00 0.00 0.00 0.00 0.00 0.00 0.00 0.00 0.00 0.00 0.00 0.00 0.00 0.00
 %idle 99.94 100.00 100.00 100.00 100.00 100.00 100.00 100.00 100.00 100.00 100.00 100.00 100.00 100.00 100.00 100.00 100.00
 %time 1483748494
 %usr 0.00 0.00 0.00 0.00 0.00 0.00 0.00 0.00 0.00 0.00 0.00 0.00 0.00 0.00 0.00 0.00 0.00
 %sys 0.06 0.00 0.00 0.00 0.00 0.00 0.00 0.99 0.00 0.00 0.00 0.00 0.00 0.00 0.00 0.00 0.00
 %idle 99.94 100.00 100.00 100.00 100.00 100.00 100.00 99.01 100.00 100.00 100.00 100.00 100.00 100.00 100.00 100.00 100.00
 %time 1483748495
 %usr 0.00 0.00 0.00 0.00 0.00 0.00 0.00 0.00 0.00 0.00 0.00 0.00 0.00 0.00 0.00 0.00 0.00
 %sys 0.00 0.00 0.00 0.00 0.00 0.00 0.00 0.00 0.00 0.00 0.00 0.00 0.00 0.00 0.00 0.00 0.00
 %idle 100.00 100.00 100.00 100.00 100.00 100.00 100.00 100.00 100.00 100.00 100.00 100.00 100.00 100.00 100.00 100.00 100.00
 %time 1483748496
 %usr 0.00 0.00 1.00 0.00 0.00 0.00 0.00 0.00 0.00 0.00 0.00 0.00 0.00 0.00 0.00 0.00 0.00
 %sys 0.06 0.00 0.00 0.00 0.00 0.00 0.00 0.00 0.00 0.00 0.00 0.00 0.00 0.00 0.00 0.00 0.00
 %idle 99.94 100.00 99.00 100.00 100.00 100.00 100.00 100.00 100.00 100.00 100.00 100.00 100.00 100.00 100.00 100.00 100.00
 %time 1483748497
 %usr 0.00 0.00 0.00 0.00 0.00 0.00 0.00 0.00 0.00 0.00 0.00 0.00 0.00 0.00 0.00 0.00 0.00
 %sys 0.25 0.00 0.00 0.00 0.00 0.00 0.99 0.00 0.00 0.00 0.99 0.00 1.00 1.00 0.00 0.00 0.00
 %idle 99.75 100.00 100.00 100.00 100.00 100.00 99.01 100.00 100.00 100.00 99.01 100.00 99.00 99.00 100.00 100.00 100.00
 %time 1483748498
 %usr 3.31 20.41 13.00 1.01 0.99 0.00 0.00 0.00 0.00 3.03 14.14 0.00 0.00 0.00 0.00 0.00 0.00
 %sys 1.38 2.04 7.00 1.01 0.00 0.00 0.00 0.00 0.00 1.01 7.07 0.00 0.00 0.00 0.00 0.00 0.00
 %idle 94.19 71.43 77.00 97.98 91.09 100.00 100.00 100.00 100.00 95.96 77.78 100.00 100.00 100.00 100.00 100.00 100.00
