time              msgs_alloc        msgs_max          errors            send_count        recv_count        route_count       drop_count        send_length       recv_length       route_length      drop_length      
1481824325        0                 1754              0                 41513474          42085109          0                 29581             307007149222      52924689452       0                 6465096          
1481824326        0                 1754              0                 41513532          42085164          0                 29581             307007172958      52924712028       0                 6465096          
1481824327        0                 1754              0                 41513591          42085221          0                 29581             307007197929      52924734500       0                 6465096          
1481824328        0                 1754              0                 41513645          42085273          0                 29581             307007220705      52924755708       0                 6465096          
1481824329        0                 1754              0                 41513702          42085328          0                 29581             307007244577      52924777940       0                 6465096          
1481824330        0                 1754              0                 41513758          42085382          0                 29581             307007267737      52924799804       0                 6465096          
1481824332        0                 1754              0                 41513833          42085455          0                 29581             307007300720      52924825892       0                 6465096          
1481824333        0                 1754              0                 41513887          42085507          0                 29581             307007323496      52924847100       0                 6465096          
1481824334        0                 1754              0                 41513942          42085560          0                 29581             307007346464      52924868668       0                 6465096          
1481824335        0                 1754              0                 41513999          42085615          0                 29581             307007370344      52924890964       0                 6465096          
1481824336        0                 1754              0                 41514055          42085669          0                 29581             307007393504      52924912828       0                 6465096          
1481824337        0                 1754              0                 41514194          42085806          0                 29581             307007454676      52924993628       0                 6465096          
1481824338        0                 1754              0                 41514380          42085990          0                 29581             307007514380      52927175948       0                 6465096          
1481824339        0                 1754              0                 41514458          42086066          0                 29581             307007557807      52927205404       0                 6465096          
1481824341        0                 1754              0                 41514528          42086134          0                 29581             307007587143      52927232772       0                 6465096          
1481824342        0                 1754              0                 41515031          42086635          0                 29581             307007735927      52945305747       0                 6465096          
1481824343        0                 1754              0                 41515295          42086888          0                 29581             307007833896      53028229699       0                 6465096          
1481824344        0                 1754              0                 41515456          42087047          0                 29581             307007885680      53076509883       0                 6465096          
1481824345        0                 1754              0                 41515642          42087231          0                 29581             307007944336      53135281755       0                 6465096          
1481824346        0                 1754              0                 41515794          42087381          0                 29581             307007993872      53178317419       0                 6465096          
1481824347        0                 1754              0                 41515977          42087562          0                 29581             307008068943      53231845195       0                 6465096          
1481824348        0                 1754              0                 41516128          42087710          0                 29581             307008124452      53269645875       0                 6465096          
1481824350        0                 1754              0                 41516311          42087892          0                 29581             307008181308      53328420675       0                 6465096          
1481824351        0                 1754              0                 41516470          42088049          0                 29581             307008232604      53374607403       0                 6465096          
1481824352        0                 1754              0                 41516687          42088264          0                 29581             307008297948      53449121635       0                 6465096          
1481824353        0                 1754              0                 41516890          42088464          0                 29581             307008388869      53503709587       0                 6465096          
1481824355        0                 1754              0                 41517057          42088630          0                 29581             307008442397      53551995915       0                 6465096          
1481824356        0                 1754              0                 41517218          42088789          0                 29581             307008494077      53598183299       0                 6465096          
1481824357        0                 1754              0                 41517425          42088994          0                 29581             307008592087      53652774499       0                 6465096          
1481824358        0                 1754              0                 41517585          42089152          0                 29581             307008667464      53690573395       0                 6465096          
1481824359        0                 1754              0                 41517733          42089298          0                 29581             307008716440      53729418315       0                 6465096          
1481824360        0                 1754              0                 41517912          42089475          0                 29581             307008772128      53785045987       0                 6465096          
1481824361        0                 1754              0                 41518086          42089646          0                 29581             307008828632      53832288859       0                 6465096          
1481824362        0                 1754              0                 41519301          42090860          0                 29581             307009122037      53891261603       0                 6465096          
1481824364        0                 1754              0                 41519477          42091034          0                 29581             307009195348      53939549355       0                 6465096          
1481824365        0                 1754              0                 41519649          42091203          0                 29581             307009250740      53987840755       0                 6465096          
1481824366        0                 1754              0                 41519792          42091344          0                 29581             307009298132      54025635675       0                 6465096          
1481824367        0                 1754              0                 41519964          42091515          0                 29581             307009354236      54071826027       0                 6465096          
1481824368        0                 1754              0                 41520150          42091699          0                 29581             307009441637      54120115963       0                 6465096          
1481824369        0                 1754              0                 41520330          42091877          0                 29581             307009498005      54176792811       0                 6465096          
1481824370        0                 1754              0                 41520495          42092040          0                 29581             307009550765      54225081987       0                 6465096          
1481824371        0                 1754              0                 41520666          42092209          0                 29581             307009606397      54273368683       0                 6465096          
1481824373        0                 1754              0                 41520853          42092394          0                 29581             307009676367      54328998659       0                 6465096          
1481824374        0                 1754              0                 41521030          42092569          0                 29581             307009749974      54377290547       0                 6465096          
1481824375        0                 1754              0                 41521196          42092732          0                 29581             307009803990      54424527819       0                 6465096          
1481824376        0                 1754              0                 41521357          42092892          0                 29581             307009855478      54471763883       0                 6465096          
1481824377        0                 1754              0                 41521533          42093065          0                 29581             307009912574      54521104051       0                 6465096          
1481824378        0                 1754              0                 41521696          42093227          0                 29581             307009964550      54569389091       0                 6465096          
1481824379        0                 1754              0                 41521893          42093422          0                 29581             307010054980      54625021123       0                 6465096          
1481824380        0                 1754              0                 41522046          42093573          0                 29581             307010104708      54667012603       0                 6465096          
1481824382        0                 1754              0                 41522216          42093741          0                 29581             307010160396      54713202211       0                 6465096          
1481824383        0                 1754              0                 41522357          42093880          0                 29581             307010207300      54750832891       0                 6465096          
1481824384        0                 1754              0                 41522528          42094048          0                 29581             307010279443      54798066619       0                 6465096          
1481824385        0                 1754              0                 41522714          42094233          0                 29581             307010344013      54854741635       0                 6465096          
1481824386        0                 1754              0                 41522907          42094424          0                 29581             307010416959      54911417451       0                 6465096          
1481824387        0                 1754              0                 41524106          42095621          0                 29581             307010701215      54958848339       0                 6465096          
1481824388        0                 1754              0                 41524285          42095797          0                 29581             307010769529      55011326595       0                 6465096          
1481824389        0                 1754              0                 41524447          42095958          0                 29581             307010821209      55059607435       0                 6465096          
1481824391        0                 1754              0                 41524628          42096137          0                 29581             307010877873      55117332899       0                 6465096          
1481824392        0                 1754              0                 41524795          42096301          0                 29581             307010979306      55154088627       0                 6465096          
1481824393        0                 1754              0                 41524958          42096462          0                 29581             307011037223      55201324627       0                 6465096          
1481824394        0                 1754              0                 41525154          42096657          0                 29581             307011121520      55258005339       0                 6465096          
1481824395        0                 1754              0                 41525321          42096822          0                 29581             307011175432      55304198787       0                 6465096          
1481824396        0                 1754              0                 41525497          42096996          0                 29581             307011232584      55353535323       0                 6465096          
1481824397        0                 1754              0                 41525660          42097157          0                 29581             307011284856      55401820003       0                 6465096          
1481824398        0                 1754              0                 41525825          42097319          0                 29581             307011343586      55449056419       0                 6465096          
1481824400        0                 1754              0                 41525999          42097491          0                 29581             307011416705      55495250547       0                 6465096          
1481824401        0                 1754              0                 41526175          42097666          0                 29581             307011471609      55549829523       0                 6465096          
1481824402        0                 1754              0                 41526346          42097835          0                 29581             307011527241      55598116219       0                 6465096          
1481824403        0                 1754              0                 41526485          42097972          0                 29581             307011573657      55633813187       0                 6465096          
1481824404        0                 1754              0                 41526668          42098153          0                 29581             307011660678      55682102387       0                 6465096          
1481824405        0                 1754              0                 41526825          42098308          0                 29581             307011718124      55721998387       0                 6465096          
1481824406        0                 1754              0                 41527014          42098495          0                 29581             307011778500      55777632915       0                 6465096          
1481824407        0                 1754              0                 41527175          42098654          0                 29581             307011830180      55823820299       0                 6465096          
1481824409        0                 1754              0                 41527350          42098827          0                 29581             307011903198      55871059371       0                 6465096          
1481824410        0                 1754              0                 41527477          42098952          0                 29581             307011946686      55901420947       0                 6465096          
1481824411        0                 1754              0                 41527653          42099126          0                 29581             307012002078      55957044323       0                 6465096          
1481824412        0                 1754              0                 41528872          42100343          0                 29581             307012310544      56004479939       0                 6465096          
1481824413        0                 1754              0                 41529054          42100523          0                 29581             307012366232      56061152331       0                 6465096          
1481824414        0                 1754              0                 41529219          42100686          0                 29581             307012419656      56108385763       0                 6465096          
1481824415        0                 1754              0                 41529379          42100844          0                 29581             307012470952      56155617051       0                 6465096          
1481824416        0                 1754              0                 41529560          42101023          0                 29581             307012547295      56202853491       0                 6465096          
1481824418        0                 1754              0                 41529736          42101197          0                 29581             307012608658      56256379819       0                 6465096          
1481824419        0                 1754              0                 41529896          42101355          0                 29581             307012660146      56303611387       0                 6465096          
1481824420        0                 1754              0                 41530075          42101532          0                 29581             307012715834      56360283539       0                 6465096          
1481824421        0                 1754              0                 41530236          42101691          0                 29581             307012767514      56407515403       0                 6465096          
1481824422        0                 1754              0                 41530444          42101897          0                 29581             307012861306      56464194171       0                 6465096          
1481824424        0                 1754              0                 41530622          42102073          0                 29581             307012917186      56520866523       0                 6465096          
1481824425        0                 1754              0                 41530793          42102242          0                 29581             307012984126      56568101107       0                 6465096          
1481824426        0                 1754              0                 41530918          42102365          0                 29581             307013027022      56596451403       0                 6465096          
1481824427        0                 1754              0                 41531092          42102537          0                 29581             307013131602      56638443395       0                 6465096          
1481824428        0                 1754              0                 41531253          42102696          0                 29581             307013183090      56685675043       0                 6465096          
1481824429        0                 1754              0                 41531436          42102877          0                 29581             307013246216      56743396915       0                 6465096          
1481824430        0                 1754              0                 41531608          42103047          0                 29581             307013318548      56790631195       0                 6465096          
1481824431        0                 1754              0                 41531791          42103230          0                 29581             307013375892      56847304763       0                 6465096          
1481824432        0                 1754              0                 41531960          42103394          0                 29581             307013431700      56894538595       0                 6465096          
1481824434        0                 1754              0                 41532118          42103551          0                 29581             307013506389      56933381611       0                 6465096          
1481824435        0                 1754              0                 41532282          42103713          0                 29581             307013559621      56980614747       0                 6465096          
1481824436        0                 1754              0                 41532441          42103870          0                 29581             307013610917      57027845955       0                 6465096          
1481824437        0                 1754              0                 41533649          42105076          0                 29581             307013898693      57075279323       0                 6465096          
1481824438        0                 1754              0                 41533795          42105220          0                 29581             307013952737      57113071011       0                 6465096          
1481824439        0                 1754              0                 41533966          42105389          0                 29581             307014024874      57160304931       0                 6465096          
1481824440        0                 1754              0                 41534151          42105572          0                 29581             307014094457      57216978731       0                 6465096          
1481824441        0                 1754              0                 41534304          42105723          0                 29581             307014146049      57255820651       0                 6465096          
1481824443        0                 1754              0                 41534483          42105900          0                 29581             307014202225      57313541619       0                 6465096          
1481824444        0                 1754              0                 41534645          42106060          0                 29581             307014254201      57361822163       0                 6465096          
1481824445        0                 1754              0                 41534807          42106220          0                 29581             307014330834      57399618131       0                 6465096          
1481824446        0                 1754              0                 41534987          42106398          0                 29581             307014387202      57457339459       0                 6465096          
1481824447        0                 1754              0                 41535157          42106566          0                 29581             307014442954      57504573707       0                 6465096          
1481824448        0                 1754              0                 41535316          42106723          0                 29581             307014494250      57551804915       0                 6465096          
1481824449        0                 1754              0                 41535481          42106886          0                 29581             307014552983      57600086003       0                 6465096          
1481824450        0                 1754              0                 41535638          42107041          0                 29581             307014627683      57637880043       0                 6465096          
1481824452        0                 1754              0                 41535810          42107211          0                 29581             307014683859      57686163107       0                 6465096          
1481824453        0                 1754              0                 41535973          42107372          0                 29581             307014736027      57734443947       0                 6465096          
1481824454        0                 1754              0                 41536116          42107513          0                 29581             307014783315      57772235027       0                 6465096          
1481824455        0                 1754              0                 41536283          42107678          0                 29581             307014837331      57821565755       0                 6465096          
1481824456        0                 1754              0                 41536464          42107857          0                 29581             307014923860      57869850459       0                 6465096          
1481824457        0                 1754              0                 41536667          42108058          0                 29581             307014987300      57935965251       0                 6465096          
1481824459        0                 1754              0                 41536835          42108224          0                 29581             307015052686      57983198627       0                 6465096          
1481824460        0                 1754              0                 41536996          42108383          0                 29581             307015104366      58030430491       0                 6465096          
1481824461        0                 1754              0                 41537158          42108543          0                 29581             307015156046      58077662435       0                 6465096          
1481824462        0                 1754              0                 41538372          42109754          0                 29581             307015492258      58125096883       0                 6465096          
1481824463        0                 1754              0                 41538544          42109924          0                 29581             307015558425      58175476635       0                 6465096          
1481824464        0                 1754              0                 41538712          42110090          0                 29581             307015624107      58222709843       0                 6465096          
1481824465        0                 1754              0                 41538878          42110254          0                 29581             307015677827      58270991955       0                 6465096          
1481824466        0                 1754              0                 41539050          42110425          0                 29581             307015733707      58319275315       0                 6465096          
1481824467        0                 1754              0                 41539213          42110586          0                 29581             307015786291      58366507907       0                 6465096          
1481824469        0                 1754              0                 41539367          42110738          0                 29581             307015854234      58404301403       0                 6465096          
1481824470        0                 1754              0                 41539536          42110904          0                 29581             307015920108      58451534779       0                 6465096          
1481824471        0                 1754              0                 41539716          42111083          0                 29581             307015976284      58510304723       0                 6465096          
1481824472        0                 1754              0                 41539905          42111270          0                 29581             307016036308      58569076683       0                 6465096          
1481824473        0                 1754              0                 41540079          42111442          0                 29581             307016101990      58617359075       0                 6465096          
1481824474        0                 1754              0                 41540266          42111627          0                 29581             307016171960      58674033531       0                 6465096          
1481824475        0                 1754              0                 41540449          42111808          0                 29581             307016229584      58730707531       0                 6465096          
1481824476        0                 1754              0                 41540637          42111994          0                 29581             307016289664      58787382403       0                 6465096          
1481824477        0                 1754              0                 41540819          42112174          0                 29581             307016346936      58845104395       0                 6465096          
1481824479        0                 1754              0                 41541017          42112370          0                 29581             307016437558      58901781267       0                 6465096          
1481824480        0                 1754              0                 41541195          42112545          0                 29581             307016493734      58958453259       0                 6465096          
1481824481        0                 1754              0                 41541376          42112725          0                 29581             307016549614      59016174747       0                 6465096          
1481824482        0                 1754              0                 41541592          42112939          0                 29581             307016634090      59082292611       0                 6465096          
1481824483        0                 1754              0                 41541798          42113143          0                 29581             307016696122      59152601531       0                 6465096          
1481824484        0                 1754              0                 41542049          42113392          0                 29581             307016770634      59245989251       0                 6465096          
1481824485        0                 1754              0                 41542354          42113695          0                 29581             307016857554      59369795707       0                 6465096          
1481824486        0                 1754              0                 41542670          42114009          0                 29581             307016948866      59493605043       0                 6465096          
1481824488        0                 1754              0                 41544013          42115349          0                 29581             307017298407      59602931603       0                 6465096          
1481824489        0                 1754              0                 41544384          42115719          0                 29581             307017400943      59761354347       0                 6465096          
1481824490        0                 1754              0                 41544742          42116074          0                 29581             307017500935      59911385859       0                 6465096          
1481824491        0                 1754              0                 41544977          42116317          0                 29581             307017580283      59998484459       0                 6465096          
1481824492        0                 1754              0                 41545059          42116397          0                 29581             307017620121      59998515027       0                 6465096          
1481824493        0                 1754              0                 41545128          42116464          0                 29581             307017649457      59998542315       0                 6465096          
1481824494        0                 1754              0                 41545233          42116567          0                 29581             307017686953      59998829939       0                 6465096          
1481824495        0                 1754              0                 41545290          42116622          0                 29581             307017710825      59998852171       0                 6465096          
1481824497        0                 1754              0                 41545387          42116717          0                 29581             307017809906      59998883187       0                 6465096          
1481824498        0                 1754              0                 41545441          42116769          0                 29581             307017832682      59998904395       0                 6465096          
1481824499        0                 1754              0                 41545504          42116830          0                 29581             307017859662      59998927771       0                 6465096          
1481824500        0                 1754              0                 41545558          42116882          0                 29581             307017882438      59998948979       0                 6465096          
1481824501        0                 1754              0                 41545621          42116943          0                 29581             307017909418      59998972355       0                 6465096          
1481824502        0                 1754              0                 41545685          42117005          0                 29581             307017936394      59998996083       0                 6465096          
