TIMESTAMP        work-RQ          work-RD          work-WR          
1481661971 83007 178112702321 8998538125
1481661972 83064 178544731541 8998543215
1481661973 83122 178985149369 8998548304
1481661974 83180 179425567197 8998553396
1481661975 83238 179870179329 8998558486
1481661976 83296 180310597157 8998563578
1481661977 83354 180746820689 8998568669
1481661978 83412 181136906877 8998573763
1481661980 83470 181447301289 8998578860
1481661981 83528 181761890005 8998583958
1481661982 83586 182122616065 8998589052
1481661983 83644 182470759213 8998594147
1481661984 83702 182890205529 8998599238
1481661985 83760 183280291717 8998604334
1481661986 83818 183632629169 8998609429
1481661987 83876 183984966633 8998614526
1481661988 83934 184349886997 8998619618
1481661990 83992 184723195969 8998624712
1481661991 84050 185092310637 8998629808
1481661992 84108 185465619609 8998634902
1481661993 84166 185792791237 8998639996
1481661994 84224 186149322993 8998645092
1481661995 84282 186484883229 8998650190
1481661996 84340 186849803593 8998655285
1481661997 84398 187227306869 8998660383
1481661998 84456 187613198753 8998665479
1481662000 84514 187982313421 8998670573
1481662001 84572 188309485049 8998675668
1481662002 84630 188691182629 8998680761
1481662003 84688 189030937169 8998685858
1481662004 84746 189391663229 8998690956
1481662005 84812 189756583593 8998696050
1481662006 84870 190155058389 8998701143
1481662007 84928 190511590145 8998706236
1481662009 84986 190859733305 8998711330
1481662010 85044 191216265073 8998716429
1481662011 85112 191589574045 8998721524
1481662012 85170 191946105801 8998726616
1481662013 85228 192277471733 8998731710
1481662014 85286 192625614881 8998736806
1481662015 85352 193003118169 8998741903
1481662016 85410 193326095497 8998746999
1481662017 85468 193699404473 8998752096
1481662019 85526 194072713449 8998757190
1481662020 85584 194399885093 8998762286
1481662021 85652 194731251041 8998767385
1481662022 85710 195083588497 8998772478
1481662023 85768 195381400013 8998777578
1481662024 85826 195742126077 8998782677
1481662025 85892 196111240749 8998787775
1481662026 85950 196455189597 8998792875
1481662028 86008 196836887181 8998797970
1481662029 86066 197197613245 8998803068
1481662030 86124 197533173485 8998808163
1481662031 86192 197914871069 8998813258
1481662032 86250 198254625613 8998818350
1481662033 86308 198581797245 8998823448
1481662034 86366 198959300525 8998828545
1481662035 86432 199269694941 8998833641
1481662037 86490 199580089357 8998838739
1481662038 86548 199890483773 8998843835
1481662039 86606 200200878189 8998848931
1481662040 86674 200511272605 8998854032
1481662041 86732 200821667021 8998859124
1481662042 86790 201132061437 8998864218
1481662043 86848 201442455857 8998869314
1481662045 86906 201752850277 8998874413
1481662046 86972 202063244701 8998879512
1481662047 87030 202373639125 8998884612
1481662048 87088 202679839245 8998889711
1481662049 87146 202990233669 8998894809
1481662050 87214 203300628093 8998899904
1481662051 87272 203611022517 8998905002
1481662053 87330 203921416945 8998910102
1481662054 87388 204236005677 8998915201
1481662055 87446 204546400105 8998920300
1481662056 87512 204852600229 8998925398
1481662057 87570 205133634541 8998930502
1481662058 87628 205435640361 8998935601
1481662059 87686 205746034789 8998940698
1481662060 87754 206056429217 8998945797
1481662062 87812 206366823645 8998950894
1481662063 87870 206677218073 8998955993
1481662064 87928 206987612501 8998961089
1481662065 87994 207298006929 8998966189
1481662066 88052 207608401357 8998971285
1481662067 88110 207864269833 8998976386
1481662068 88168 208132721221 8998981484
1481662070 88226 208363423873 8998986586
1481662071 88294 208636069565 8998991687
1481662072 88352 208959046905 8998996785
1481662073 88410 209273635637 8999001883
1481662074 88468 209579835761 8999006982
1481662075 88534 209852481453 8999012083
1481662076 88592 210162875881 8999017183
1481662078 88650 210485853221 8999022282
1481662079 88708 210792053345 8999027384
1481662080 88766 211102447773 8999032482
1481662081 88832 211391870681 8999037582
1481662082 88890 211664516373 8999042688
1481662083 88948 211970716497 8999047785
1481662084 89006 212281110925 8999052888
1481662086 89074 212591505353 8999057987
1481662087 89132 212897705477 8999063086
1481662088 89190 213178739789 8999068187
1481662089 89248 213459774089 8999073286
1481662090 89314 213765974213 8999078383
1481662091 89372 214076368641 8999083480
1481662092 89430 214382568765 8999088579
1481662093 89488 214667797381 8999093681
1481662095 89546 214944637377 8999098782
1481662096 89614 215255031805 8999103879
1481662097 89672 215565426233 8999108979
1481662098 89730 215871626357 8999114079
1481662099 89788 216182020785 8999119179
1481662100 89854 216463055085 8999124276
1481662101 89912 216765060905 8999129373
1481662103 89970 217075455333 8999134472
1481662104 90028 217385849761 8999139567
1481662105 90094 217767547357 8999144666
1481662106 90152 218073747481 8999149764
1481662107 90212 218384141909 8999154862
1481662109 90270 218694536337 8999159962
1481662110 90328 218942016205 8999165063
1481662111 90396 219252410633 8999170162
1481662112 90454 219562805061 8999175259
1481662113 90512 219869005185 8999180354
1481662114 90570 220179399613 8999185454
1481662115 90636 220493988345 8999190550
1481662116 90694 220779216949 8999195650
1481662118 90752 221068639857 8999200746
1481662119 90810 221274176685 8999205847
1481662120 90868 221584571113 8999210945
1481662121 90934 221886576933 8999216043
1481662122 90992 222192777057 8999221143
1481662123 91050 222469617053 8999226244
1481662124 91108 222754845657 8999231344
1481662126 91176 223061045781 8999236445
1481662127 91234 223367245905 8999241544
1481662128 91292 223644085913 8999246648
1481662129 91350 223849622741 8999251749
1481662130 91416 224160017169 8999256848
1481662131 91474 224466217293 8999261944
1481662132 91532 224772417417 8999267043
1481662133 91590 225082811845 8999272144
1481662135 91648 225342874625 8999277246
1481662136 91714 225653269053 8999282345
1481662137 91772 225959469177 8999287444
1481662138 91830 226269863605 8999292544
1481662140 91888 226689309937 8999297641
1481662141 91956 226995510061 8999302739
1481662142 92014 227301710185 8999307837
1481662143 92072 227612104613 8999312934
1481662144 92130 227876361709 8999318036
1481662145 92196 228174173225 8999323132
1481662146 92254 228480373349 8999328229
1481662148 92312 228799156385 8999333326
1481662149 92370 229101162205 8999338424
1481662150 92428 229407362329 8999343520
1481662151 92496 229713562453 8999348620
1481662152 92554 230019762577 8999353720
1481662153 92612 230330157005 8999358818
1481662154 92670 230636357129 8999363915
1481662155 92736 230942557253 8999369014
1481662157 92794 231252951681 8999374112
1481662158 92852 231559151805 8999379212
1481662159 92910 231865351929 8999384310
1481662160 92978 232175746357 8999389407
1481662161 93036 232477752177 8999394505
1481662162 93094 232783952301 8999399602
1481662163 93152 233098541033 8999404701
1481662165 93210 233396352549 8999409797
1481662166 93276 233698358369 8999414892
1481662167 93334 234000364189 8999419991
1481662168 93392 234306564313 8999425092
1481662169 93450 234612764437 8999430191
1481662170 93516 234918964561 8999435289
1481662171 93574 235220970381 8999440386
1481662173 93632 235527170505 8999445485
1481662174 93690 235833370629 8999450584
1481662175 93748 236139570753 8999455682
1481662176 93814 236449965181 8999460782
1481662177 93872 236756165305 8999465881
1481662178 93930 237062365429 8999470980
1481662179 93988 237368565553 8999476081
1481662180 94056 237678959981 8999481179
1481662182 94114 237985160105 8999486275
1481662183 94172 238291360229 8999491375
1481662184 94230 238597560353 8999496474
1481662185 94288 238903760477 8999501573
1481662186 94354 239209960601 8999506672
1481662187 94412 239516160725 8999511772
1481662188 94470 239822360849 8999516869
1481662190 94528 240128560973 8999521967
1481662191 94596 240434761097 8999527061
1481662192 94654 240740961221 8999532158
1481662193 94712 241047161345 8999537259
1481662194 94770 241353361469 8999542357
1481662195 94836 241659561593 8999547456
1481662196 94894 241965761717 8999552554
1481662198 94952 242271961841 8999557654
1481662199 95010 242582356269 8999562752
1481662200 95068 242888556393 8999567848
1481662201 95134 243198950821 8999572948
1481662202 95192 243505150945 8999578044
1481662203 95252 243811351069 8999583146
1481662204 95310 244117551193 8999588244
1481662205 95378 244419557013 8999593342
1481662207 95436 244725757137 8999598440
1481662208 95494 245027762957 8999603537
1481662209 95552 245329768777 8999608639
1481662210 95618 245656940421 8999613738
1481662211 95676 245958946241 8999618837
1481662212 95734 246265146365 8999623937
1481662214 95792 246571346489 8999629034
1481662215 95850 246873352309 8999634133
1481662216 95918 247175358129 8999639229
1481662217 95976 247477363949 8999644329
1481662218 96034 247779369769 8999649428
1481662219 96092 248081375589 8999654528
1481662220 96158 248383381409 8999659626
1481662221 96216 248689581533 8999664725
1481662223 96274 248991587353 8999669821
1481662224 96332 249230678613 8999674921
1481662225 96390 249532684433 8999680018
1481662226 96456 249834690253 8999685116
1481662227 96514 250153473289 8999690214
1481662228 96572 250455479109 8999695312
1481662229 96630 250757484929 8999700408
1481662231 96698 251059490749 8999705506
1481662232 96756 251361496569 8999710605
1481662233 96814 251663502389 8999715703
1481662234 96872 251961313905 8999720800
1481662235 96938 252263319725 8999725900
1481662236 96996 252565325545 8999730997
1481662237 97054 252867331365 8999736093
1481662238 97112 253173531489 8999741191
1481662240 97170 253471343005 8999746290
1481662241 97238 253773348825 8999751387
1481662242 97296 254071160341 8999756484
1481662243 97354 254377360465 8999761584
1481662245 97420 254981356173 8999766681
1481662246 97478 255283361993 8999771780
1481662248 97536 255589562117 8999776879
1481662249 97594 255887373633 8999781978
1481662250 97652 256185185149 8999787073
1481662251 97718 256491385273 8999792176
1481662252 97776 256793391093 8999797276
1481662253 97834 257095396913 8999802376
1481662254 97892 257397402733 8999807477
1481662255 97960 257699408553 8999812576
1481662257 98018 257997220069 8999817674
1481662258 98076 258299225889 8999822771
1481662259 98134 258601231709 8999827868
1481662260 98192 258903237529 8999832965
1481662261 98258 259205243349 8999838064
1481662262 98316 259519832081 8999843162
1481662264 98374 259838615117 8999848260
1481662265 98432 260140620937 8999853356
1481662266 98500 260442626757 8999858451
1481662267 98558 260748826881 8999863549
1481662268 98616 261050832701 8999868647
1481662269 98674 261352838521 8999873746
1481662270 98740 261659038645 8999878842
1481662271 98798 261961044465 8999883942
1481662273 98856 262267244589 8999889038
1481662274 98914 262569250409 8999894136
1481662275 98972 262875450533 8999899236
1481662276 99036 263177456353 8999904332
1481662277 99094 263479462173 8999909430
1481662278 99152 263785662297 8999914529
1481662280 99210 264167359893 8999919629
1481662281 99278 264469365713 8999924727
1481662282 99336 264771371533 8999929826
1481662283 99394 265077571657 8999934925
1481662284 99452 265379577477 8999940022
1481662285 99518 265681583297 8999945119
1481662286 99576 265983589117 8999950218
1481662288 99634 266289789241 8999955315
1481662289 99692 266595989365 8999960410
1481662290 99750 266897995185 8999965510
1481662291 99818 267200001005 8999970606
1481662292 99876 267497812521 8999975703
1481662293 99934 267799818341 8999980806
1481662294 99992 268101824161 8999985905
1481662295 100058 268412218589 8999991003
1481662297 100116 268621949721 8999996102
1481662298 100174 268923955541 9000001199
1481662299 100232 269225961361 9000006297
1481662300 100290 269527967181 9000011393
1481662301 100356 269829973001 9000016488
1481662302 100414 270136173125 9000021587
1481662303 100472 270438178945 9000026687
1481662305 100530 270740184765 9000031787
1481662306 100598 271046384889 9000036886
1481662307 100656 271352585013 9000041986
1481662308 100714 271654590833 9000047084
1481662309 100772 271960790957 9000052181
1481662310 100838 272266991081 9000057280
1481662311 100896 272568996901 9000062381
1481662312 100954 272871002721 9000067479
1481662314 101012 273177202845 9000072581
1481662315 101070 273479208665 9000077680
1481662316 101136 273785408789 9000082777
1481662317 101194 274091608913 9000087877
1481662318 101252 274393614733 9000092974
1481662319 101310 274699814857 9000098074
1481662320 101378 275001820677 9000103174
1481662321 101436 275303826497 9000108271
1481662323 101494 275605832317 9000113371
1481662324 101552 275907838137 9000118472
1481662325 101610 276214038261 9000123570
1481662326 101676 276516044081 9000128669
1481662327 101734 276813855597 9000133771
1481662328 101792 277120055721 9000138869
1481662329 101850 277426255845 9000143971
1481662331 101918 277732455969 9000149074
1481662332 101976 278034461789 9000154175
1481662333 102034 278340661913 9000159276
1481662334 102092 278638473429 9000164376
1481662335 102158 278940479249 9000169481
1481662336 102216 279238290765 9000174586
1481662337 102274 279540296585 9000179687
1481662338 102332 279842302405 9000184787
1481662340 102390 280144308225 9000189888
1481662341 102456 280442119741 9000194985
1481662342 102514 280739931257 9000200082
1481662343 102572 281041937077 9000205182
1481662344 102630 281343942897 9000210281
1481662345 102698 281645948717 9000215377
1481662346 102756 281947954537 9000220477
1481662348 102814 282249960357 9000225575
1481662349 102872 282551966177 9000230675
1481662350 102938 282954635293 9000235775
1481662351 102996 283256641113 9000240874
1481662352 103054 283558646933 9000245972
1481662354 103112 283860652753 9000251071
1481662355 103170 284162658573 9000256169
1481662356 103238 284464664393 9000261266
1481662357 103296 284766670213 9000266363
1481662358 103354 285068676033 9000271462
1481662359 103412 285370681853 9000276560
1481662360 103478 285676881977 9000281661
1481662362 103536 285978887797 9000286759
1481662363 103594 286280893617 9000291858
1481662364 103652 286582899437 9000296956
1481662365 103710 286884905257 9000302053
1481662366 103778 287186911077 9000307148
1481662367 103836 287493111201 9000312244
1481662368 103894 287799311325 9000317344
1481662370 103952 288101317145 9000322444
1481662371 104018 288407517269 9000327541
1481662372 104076 288709523089 9000332640
1481662373 104134 289011528909 9000337739
1481662374 104192 289313534729 9000342835
1481662375 104258 289615540549 9000347935
1481662376 104316 289913352065 9000353036
1481662377 104400 290064153648 9003880187
1481662379 104490 290064173575 9003886285
