TIMESTAMP        home1-RQ         home1-RD         home1-WR         work-RQ          work-RD          work-WR          scratch-RQ       scratch-RD       scratch-WR       
1483660955        512526           4155127167        330049           1339426           161933142322     37506982122       3451308          1149007607982     294024919352     
1483660956        512528           4155127167        330049           1339426           161933142322     37506982122       3451357          1149007611970     294024921475     
1483660957        512528           4155127167        330049           1339426           161933142322     37506982122       3451406          1149007615958     294024923599     
1483660958        512546           4155135695        330049           1339426           161933142322     37506982122       3451482          1149007639790     294024930679     
1483660959        512548           4155135695        330049           1339426           161933142322     37506982122       3451551          1149007663618     294024937760     
1483660961        512548           4155135695        330049           1339426           161933142322     37506982122       3451625          1149007687458     294024944844     
1483660962        512548           4155135695        330049           1339426           161933142322     37506982122       3451689          1149007711290     294024951926     
1483660963        512548           4155135695        330049           1339426           161933142322     37506982122       3451753          1149007735122     294024959008     
1483660964        512548           4155135695        330049           1339426           161933142322     37506982122       3451900          1149401290584     294024966088     
1483660965        512548           4155135695        330049           1339426           161933142322     37506982122       3451964          1149460034672     294024973168     
1483660966        512552           4155135695        330049           1339426           161933142322     37506982122       3452028          1149510390152     294024980248     
1483660967        512552           4155135695        330049           1339426           161933142322     37506982122       3452092          1149577522848     294024987325     
1483660968        512552           4155135695        330049           1339426           161933142322     37506982122       3452156          1149644655544     294024994405     
1483660970        512552           4155135695        330049           1339426           161933142322     37506982122       3452222          1149707593936     294025001485     
1483660971        512552           4155135695        330049           1339426           161933142322     37506982122       3452286          1149778920936     294025008567     
1483660972        512552           4155135695        330049           1339426           161933142322     37506982122       3452350          1149846053632     294025015646     
1483660973        512552           4155135695        330049           1339426           161933142322     37506982122       3452414          1149904797720     294025022727     
1483660974        512552           4155135695        330049           1339426           161933142322     37506982122       3452478          1149967736112     294025029806     
1483660975        512552           4155135695        330049           1339426           161933142322     37506982122       3452542          1150039063100     294025036883     
1483660976        512556           4155135695        330049           1339426           161933142322     37506982122       3452606          1150097807188     294025043964     
1483660977        512556           4155135695        330049           1339426           161933142322     37506982122       3452670          1150135579756     294025051045     
1483660979        512556           4155135695        330049           1339426           161933142322     37506982122       3452734          1150211101060     294025058124     
1483660980        512556           4155135695        330049           1339426           161933142322     37506982122       3452798          1150261456540     294025065205     
1483660981        512556           4155135695        330049           1339426           161933142322     37506982122       3452862          1150320200628     294025072286     
1483660982        512556           4155135695        330049           1339426           161933142322     37506982122       3452928          1150404110540     294025079367     
1483660983        512556           4155135695        330049           1339426           161933142322     37506982122       3452992          1150483826136     294025086443     
1483660984        512556           4155135695        330049           1339426           161933142322     37506982122       3453056          1150534181616     294025093524     
1483660985        512563           4155135695        330049           1339426           161933142322     37506982122       3453122          1150618091528     294025100602     
1483660988        512563           4155135695        330049           1339427           161933142322     37506982122       3453186          1150739750176     294025107677     
1483660989        512563           4155135695        330049           1339427           161933142322     37506982122       3453250          1150798494264     294025114758     
1483660990        512563           4155135695        330049           1339430           161933142322     37506982122       3453322          1150861432644     294025121835     
1483660991        512563           4155135695        330049           1339430           161933142322     37506982122       3453386          1150945342556     294025128912     
1483660993        512563           4155135695        330049           1339430           161933142322     37506982122       3453450          1151012475240     294025135988     
1483660994        512563           4155135695        330049           1339430           161933142322     37506982122       3453514          1151083802240     294025143069     
1483660995        512563           4155135695        330049           1339430           161933142322     37506982122       3453578          1151138352024     294025150150     
1483660996        512567           4155135695        330049           1339430           161933142322     37506982122       3453650          1151205484720     294025157231     
1483660997        512567           4155135695        330049           1339430           161933142322     37506982122       3453716          1151289394632     294025164312     
1483660998        512567           4155135695        330049           1339430           161933142322     37506982122       3453780          1151343944404     294025171386     
1483660999        512567           4155135695        330049           1339430           161933142322     37506982122       3453844          1151406882796     294025178466     
1483661000        512567           4155135695        330049           1339430           161933142322     37506982122       3453918          1151448849668     294025185547     
1483661002        512567           4155135695        330049           1339430           161933142322     37506982122       3453984          1151532759580     294025192627     
1483661003        512567           4155135695        330049           1339430           161933142322     37506982122       3454048          1151608280884     294025199706     
1483661004        512567           4155135695        330049           1339430           161933142322     37506982122       3454112          1151650247756     294025206786     
1483661005        512567           4155135695        330049           1339430           161933142322     37506982122       3454176          1151708991832     294025213862     
1483661006        512571           4155135695        330049           1339430           161933142322     37506982122       3454248          1151784513136     294025220941     
1483661007        512571           4155135695        330049           1339430           161933142322     37506982122       3454312          1151826480008     294025228021     
1483661008        512571           4155135695        330049           1339430           161933142322     37506982122       3454376          1151910389920     294025235098     
1483661009        512571           4155135695        330049           1339430           161933142322     37506982122       3454440          1151981716920     294025242178     
1483661011        512571           4155135695        330049           1339430           161933142322     37506982122       3454514          1152044655312     294025249257     
1483661012        512571           4155135695        330049           1339430           161933142322     37506982122       3454578          1152115982312     294025256335     
1483661013        512571           4155135695        330049           1339430           161933142322     37506982122       3454642          1152178920704     294025263411     
1483661014        512571           4155135695        330049           1339430           161933142322     37506982122       3454706          1152254442008     294025270490     
1483661015        512571           4155135695        330049           1339430           161933142322     37506982122       3454778          1152317380400     294025277570     
1483661020        512577           4155135695        330049           1339430           161933142322     37506982122       3454850          1152619394120     294025284648     
1483661021        512577           4155135695        330049           1339430           161933142322     37506982122       3454914          1152682332512     294025291728     
1483661022        512577           4155135695        330049           1339430           161933142322     37506982122       3454978          1152749465208     294025298802     
1483661024        512577           4155135695        330049           1339430           161933142322     37506982122       3455042          1152812403600     294025305881     
1483661025        512577           4155135695        330049           1339430           161933142322     37506982122       3455106          1152866953384     294025312958     
1483661026        512581           4155135695        330049           1339430           161933142322     37506982122       3455180          1152929891776     294025320036     
1483661027        512581           4155135695        330049           1339430           161933142322     37506982122       3455244          1152988635864     294025327115     
1483661028        512581           4155135695        330049           1339430           161933142322     37506982122       3455308          1153038991344     294025334195     
1483661029        512581           4155135695        330049           1339430           161933142322     37506982122       3455372          1153101929736     294025341275     
1483661030        512581           4155135695        330049           1339430           161933142322     37506982122       3455444          1153181645344     294025348355     
1483661031        512581           4155135695        330049           1339430           161933142322     37506982122       3455508          1153252972332     294025355429     
1483661033        512581           4155135695        330049           1339430           161933142322     37506982122       3455572          1153299133508     294025362510     
1483661034        512581           4155135695        330049           1339430           161933142322     37506982122       3455636          1153370460512     294025369589     
1483661035        512581           4155135695        330049           1339430           161933142322     37506982122       3455700          1153425010300     294025376669     
1483661036        512585           4155135695        330049           1339430           161933142322     37506982122       3455776          1153487948696     294025383747     
1483661037        512585           4155135695        330049           1339430           161933142322     37506982122       3455840          1153546692788     294025390826     
1483661038        512585           4155135695        330049           1339431           161933142322     37506982122       3455904          1153592853968     294025397904     
1483661039        512585           4155135695        330049           1339431           161933142322     37506982122       3455968          1153672569580     294025404984     
1483661040        512585           4155135695        330049           1339431           161933142322     37506982122       3456040          1153760673800     294025412063     
1483661042        512585           4155135695        330049           1339431           161933142322     37506982122       3456104          1153785863460     294025419143     
1483661043        512585           4155135695        330049           1339431           161933142322     37506982122       3456168          1153890744896     294025426220     
1483661044        512585           4155135695        330049           1339431           161933142322     37506982122       3456232          1153932711772     294025433302     
1483661045        512585           4155135695        330049           1339431           161933142322     37506982122       3456296          1153995650168     294025440382     
1483661046        512589           4155135695        330049           1339431           161933142322     37506982122       3456368          1154092142984     294025447460     
1483661047        512589           4155135695        330049           1339431           161933142322     37506982122       3456432          1154121526948     294025454541     
1483661048        512589           4155135695        330049           1339431           161933142322     37506982122       3456496          1154218019776     294025461621     
1483661049        512589           4155135695        330049           1339431           161933142322     37506982122       3456560          1154289346780     294025468701     
1483661051        512589           4155135695        330049           1339431           161933142322     37506982122       3456626          1154360673784     294025475782     
1483661052        512589           4155135695        330049           1339431           161933142322     37506982122       3456690          1154411029268     294025482862     
1483661053        512589           4155135695        330049           1339431           161933142322     37506982122       3456754          1154503327792     294025489943     
1483661054        512589           4155135695        330049           1339431           161933142322     37506982122       3456818          1154595626304     294025497020     
1483661055        512589           4155135695        330049           1339431           161933142322     37506982122       3456892          1154629204572     294025504102     
1483661056        512593           4155135695        330049           1339431           161933142322     37506982122       3456956          1154708920160     294025511176     
1483661057        512593           4155135695        330049           1339431           161933142322     37506982122       3457020          1154763469948     294025518258     
1483661058        512593           4155135695        330049           1339431           161933142322     37506982122       3457084          1154847379864     294025525340     
1483661060        512593           4155135695        330049           1339431           161933142322     37506982122       3457148          1154927095476     294025532420     
1483661061        512593           4155135695        330049           1339431           161933142322     37506982122       3457220          1155002616772     294025539497     
1483661062        512593           4155135695        330049           1339431           161933142322     37506982122       3457284          1155052972256     294025546579     
1483661063        512593           4155135695        330049           1339432           161933142322     37506982122       3457348          1155115910652     294025553656     
1483661064        512593           4155135695        330049           1339432           161933142322     37506982122       3457412          1155178849048     294025560738     
1483661065        512593           4155135695        330049           1339432           161933142322     37506982122       3457486          1155225010228     294025567821     
1483661066        512597           4155135695        330049           1339432           161933142322     37506982122       3457550          1155283754320     294025574900     
1483661067        512597           4155135695        330049           1339432           161933142322     37506982122       3457614          1155329915500     294025581980     
1483661069        512597           4155135695        330049           1339432           161933142322     37506982122       3457678          1155392853896     294025589062     
1483661070        512597           4155135695        330049           1339432           161933142322     37506982122       3457742          1155439015076     294025596144     
1483661071        512597           4155135695        330049           1339432           161933142322     37506982122       3457814          1155489370548     294025603222     
1483661072        512597           4155135695        330049           1339432           161933142322     37506982122       3457878          1155556503248     294025610300     
1483661073        512597           4155135695        330049           1339432           161933142322     37506982122       3457942          1155611053036     294025617381     
1483661074        512597           4155135695        330049           1339432           161933142322     37506982122       3458006          1155690768648     294025624462     
1483661075        512597           4155135695        330049           1339432           161933142322     37506982122       3458080          1155770484260     294025631543     
1483661076        512601           4155135695        330049           1339432           161933142322     37506982122       3458144          1155812451136     294025638625     
1483661078        512601           4155135695        330049           1339432           161933142322     37506982122       3458208          1155896361052     294025645708     
1483661079        512601           4155135695        330049           1339432           161933142322     37506982122       3458272          1155946716536     294025652789     
1483661080        512601           4155135695        330049           1339432           161933142322     37506982122       3458336          1156030626452     294025659869     
1483661081        512601           4155135695        330049           1339432           161933142322     37506982122       3458408          1156127119280     294025666948     
1483661082        512601           4155135695        330049           1339432           161933142322     37506982122       3458472          1156194251980     294025674028     
1483661083        512601           4155135695        330049           1339432           161933142322     37506982122       3458536          1156273967592     294025681108     
1483661084        512601           4155135695        330049           1339432           161933142322     37506982122       3458600          1156336905976     294025688184     
1483661085        512601           4155135695        330049           1339432           161933142322     37506982122       3458674          1156370484232     294025695262     
1483661090        512607           4155135695        330049           1339433           161933142322     37506982122       3458746          1156672497956     294025702345     
1483661092        512607           4155135695        330049           1339433           161933142322     37506982122       3458812          1156731242048     294025709424     
1483661093        512607           4155135695        330049           1339433           161933142322     37506982122       3458876          1156815151964     294025716507     
1483661094        512607           4155135695        330049           1339433           161933142322     37506982122       3458940          1156865507448     294025723588     
1483661095        512607           4155135695        330049           1339433           161933142322     37506982122       3459012          1156936834452     294025730670     
1483661096        512611           4155135695        330049           1339433           161933142322     37506982122       3459076          1157016550052     294025737746     
1483661097        512611           4155135695        330049           1339433           161933142322     37506982122       3459140          1157092071360     294025744827     
1483661098        512611           4155135695        330049           1339433           161933142322     37506982122       3459204          1157180175580     294025751907     
1483661099        512611           4155135695        330049           1339433           161933142322     37506982122       3459268          1157238919672     294025758987     
1483661101        512611           4155135695        330049           1339433           161933142322     37506982122       3459342          1157293469460     294025766069     
1483661102        512611           4155135695        330049           1339433           161933142322     37506982122       3459406          1157381573680     294025773147     
1483661103        512611           4155135695        330049           1339433           161933142322     37506982122       3459470          1157431929164     294025780228     
1483661104        512611           4155135695        330049           1339433           161933142322     37506982122       3459534          1157515839068     294025787304     
1483661105        512611           4155135695        330049           1339433           161933142322     37506982122       3459606          1157578777464     294025794383     
1483661106        512615           4155135695        330049           1339433           161933142322     37506982122       3459670          1157654298776     294025801466     
1483661107        512615           4155135695        330049           1339433           161933142322     37506982122       3459734          1157708848568     294025808545     
1483661108        512615           4155135695        330049           1339433           161933142322     37506982122       3459798          1157792758488     294025815629     
1483661110        512615           4155135695        330049           1339433           161933142322     37506982122       3459862          1157872474092     294025822709     
1483661111        512615           4155135695        330049           1339433           161933142322     37506982122       3459936          1157952189708     294025829790     
1483661112        512615           4155135695        330049           1339433           161933142322     37506982122       3460000          1158036099628     294025836869     
1483661113        512615           4155135695        330049           1339434           161933142322     37506982122       3460064          1158115815232     294025843949     
1483661114        512615           4155135695        330049           1339434           161933142322     37506982122       3460128          1158208113760     294025851030     
1483661115        512615           4155135695        330049           1339434           161933142322     37506982122       3460200          1158258469248     294025858112     
1483661116        512619           4155135695        330049           1339434           161933142322     37506982122       3460264          1158321407648     294025865195     
1483661117        512619           4155135695        330049           1339434           161933142322     37506982122       3460328          1158384346048     294025872277     
1483661119        512619           4155135695        330049           1339434           161933142322     37506982122       3460392          1158443090144     294025879359     
1483661120        512619           4155135695        330049           1339434           161933142322     37506982122       3460456          1158522805760     294025886440     
1483661121        512619           4155135695        330049           1339434           161933142322     37506982122       3460522          1158568966944     294025893521     
1483661122        512619           4155135695        330049           1339434           161933142322     37506982122       3460586          1158631905344     294025900603     
1483661123        512619           4155135695        330049           1339434           161933142322     37506982122       3460650          1158703232352     294025907686     
1483661124        512619           4155135695        330049           1339434           161933142322     37506982122       3460714          1158782947968     294025914770     
1483661125        512619           4155135695        330049           1339434           161933142322     37506982122       3460790          1158854274976     294025921850     
1483661126        512623           4155135695        330049           1339434           161933142322     37506982122       3460854          1158896241856     294025928933     
1483661128        512623           4155135695        330049           1339434           161933142322     37506982122       3460918          1158992734676     294025936010     
1483661129        512623           4155135695        330049           1339434           161933142322     37506982122       3460984          1159101810420     294025943090     
1483661130        512623           4155135695        330049           1339434           161933142322     37506982122       3461048          1159236051988     294025950172     
1483661131        512623           4155135695        330049           1339434           161933142322     37506982122       3461120          1159433208104     294025957250     
1483661132        512623           4155135695        330049           1339434           161933142322     37506982122       3461184          1159580032584     294025964331     
1483661133        512623           4155135695        330049           1339434           161933142322     37506982122       3461248          1159747828560     294025971402     
1483661134        512623           4155135695        330049           1339434           161933142322     37506982122       3461312          1159919818864     294025978482     
1483661135        512623           4155135695        330049           1339434           161933142322     37506982122       3461384          1160066643344     294025985562     
1483661137        512627           4155135695        330049           1339434           161933142322     37506982122       3461448          1160263799472     294025992645     
1483661138        512627           4155135695        330049           1339435           161933142322     37506982122       3461512          1160435789776     294025999724     
1483661139        512627           4155135695        330049           1339435           161933142322     37506982122       3461576          1160611974384     294026006806     
1483661140        512627           4155135695        330049           1339435           161933142322     37506982122       3461650          1160788158980     294026013882     
1483661141        512627           4155135695        330049           1339435           161933142322     37506982122       3461714          1161002092312     294026020960     
1483661142        512627           4155135695        330049           1339435           161933142322     37506982122       3461778          1161325077548     294026028035     
1483661143        512627           4155135695        330049           1339435           161933142322     37506982122       3461842          1161635479888     294026035114     
1483661145        512627           4155135695        330049           1339435           161933142322     37506982122       3461906          1162038156916     294026042194     
1483661146        512631           4155135695        330049           1339435           161933142322     37506982122       3461978          1162365336460     294026049270     
1483661147        512631           4155135695        330049           1339435           161933142322     37506982122       3462042          1162591852696     294026056344     
1483661148        512631           4155135695        330049           1339435           161933142322     37506982122       3462106          1162864506276     294026063418     
1483661149        512631           4155135695        330049           1339435           161933142322     37506982122       3462170          1163120382640     294026070493     
1483661150        512631           4155135695        330049           1339435           161933142322     37506982122       3462244          1163363462272     294026077567     
1483661151        512631           4155135695        330049           1339435           161933142322     37506982122       3462308          1163363486092     294026084649     
1483661152        512631           4155135695        330049           1339435           161933142322     37506982122       3462372          1163363509912     294026091731     
1483661153        512631           4155135695        330049           1339435           161933142322     37506982122       3462436          1163363533732     294026098813     
1483661155        512631           4155135695        330049           1339435           161933142322     37506982122       3462500          1163363557552     294026105894     
1483661156        512635           4155135695        330049           1339435           161933142322     37506982122       3462572          1163363581372     294026112975     
1483661157        512635           4155135695        330049           1339435           161933142322     37506982122       3462636          1163363605192     294026120056     
1483661158        512635           4155135695        330049           1339435           161933142322     37506982122       3462700          1163363629012     294026127138     
1483661159        512636           4155135695        330049           1339435           161933142322     37506982122       3462753          1163363633008     294026129260     
1483661160        512636           4155135695        330049           1339435           161933142322     37506982122       3462812          1163363637004     294026131385     
1483661161        512636           4155135695        330049           1339435           161933142322     37506982122       3462861          1163363641000     294026133510     
1483661162        512636           4155135695        330049           1339435           161933142322     37506982122       3462910          1163363644996     294026135637     
1483661163        512636           4155135695        330049           1339436           161933142322     37506982122       3462959          1163363648992     294026137760     
1483661165        512636           4155135695        330049           1339436           161933142322     37506982122       3463008          1163363652988     294026139885     
1483661166        512638           4155135695        330049           1339436           161933142322     37506982122       3463065          1163363656984     294026142011     
