TIMESTAMP        home1-RQ         home1-RD         home1-WR         work-RQ          work-RD          work-WR          scratch-RQ       scratch-RD       scratch-WR       
1481824581        135284           1596949116        153277           254477            49428520254      1878561220        189646           107380581077      78471035986      
1481824582        135286           1596949116        153277           254525            49428524242      1878563344        189647           107380581077      78471035986      
1481824583        135286           1596949116        153277           254574            49428528230      1878565469        189647           107380581077      78471035986      
1481824584        135286           1596949116        153277           254623            49428532218      1878567595        189649           107380581077      78471035986      
1481824585        135286           1596949116        153277           254672            49428536206      1878569721        189651           107380581077      78471035986      
1481824586        135286           1596949116        153277           254721            49428540194      1878571847        189651           107380581077      78471035986      
1481824587        135286           1596949116        153277           254770            49428544186      1878573974        189651           107380581077      78471035986      
1481824588        135286           1596949116        153277           254819            49428548178      1878576102        189651           107380581077      78471035986      
1481824590        135286           1596949116        153277           254868            49428552170      1878578227        189651           107380581077      78471035986      
1481824591        135286           1596949116        153277           254917            49428556162      1878580353        189651           107380581077      78471035986      
1481824592        135288           1596949116        153277           254966            49428560154      1878582481        189651           107380581077      78471035986      
1481824593        135288           1596949116        153277           255015            49428564146      1878584608        189651           107380581077      78471035986      
1481824594        135288           1596949116        153277           255064            49428568138      1878586735        189653           107380581077      78471035986      
1481824595        135288           1596949116        153277           255113            49428572130      1878588860        189655           107380581077      78471035986      
1481824596        135288           1596949116        153277           255162            49428576122      1878590988        189655           107380581077      78471035986      
1481824598        135288           1596949116        153277           255211            49428580114      1878593115        189657           107380581077      78471035986      
1481824599        135288           1596949116        153277           255260            49428584106      1878595239        189657           107380581077      78471035986      
1481824600        135288           1596949116        153277           255309            49428588098      1878597365        189657           107380581077      78471035986      
1481824601        135288           1596949116        153277           255358            49428592090      1878599491        189657           107380581077      78471035986      
1481824602        135290           1596949116        153277           255407            49428596082      1878601617        189657           107380581077      78471035986      
1481824604        135307           1596957644        153277           255483            49428619926      1878608700        189663           107380581077      78471035986      
1481824605        135309           1596957644        153277           255550            49428643762      1878615781        189667           107380581077      78471035986      
1481824606        135309           1596957644        153277           255614            49428667598      1878622868        189667           107380581077      78471035986      
1481824607        135309           1596957644        153277           255678            49428691434      1878629955        189667           107380581077      78471035986      
1481824608        135309           1596957644        153277           255753            49428716410      1878637036        189690           107380581077      78471035986      
1481824609        135309           1596957644        153277           255817            49428740246      1878644119        189690           107380581077      78471035986      
1481824610        135309           1596957644        153277           255881            49428764082      1878651203        189690           107380581077      78471035986      
1481824611        135314           1596957644        153277           255947            49428787918      1878658286        189690           107380581077      78471035986      
1481824613        135314           1596957644        153277           256011            49428811754      1878665368        189690           107380581077      78471035986      
1481824614        135317           1596957644        153277           256125            49579830566      1878672452        189719           107623116597      78471035986      
1481824615        135317           1596957644        153277           256189            49634380342      1878679528        189723           107623116597      78471035986      
1481824616        135317           1596957644        153277           256253            49680541522      1878686610        189723           107623116597      78471035986      
1481824617        135317           1596957644        153277           256325            49735091298      1878693689        189723           107623116597      78471035986      
1481824618        135317           1596957644        153277           256389            49785446782      1878700770        189723           107623116597      78471035986      
1481824619        135317           1596957644        153277           256453            49831607962      1878707853        189723           107623116597      78471035986      
1481824620        135317           1596957644        153277           256517            49869380534      1878714932        189723           107623116597      78471035986      
1481824622        135321           1596957644        153277           256591            49928124626      1878722014        189723           107623116597      78471035986      
1481824623        135321           1596957644        153277           256655            49974285806      1878729090        189723           107623116597      78471035986      
1481824624        135321           1596957644        153277           256719            50079167242      1878736172        189725           107623116597      78471035986      
1481824625        135321           1596957644        153277           256783            50167271462      1878743255        189727           107623116597      78471035986      
1481824626        135321           1596957644        153277           256855            50267958594      1878750336        189727           107623116597      78471035986      
1481824627        135321           1596957644        153277           256919            50318314078      1878757416        189727           107623116597      78471035986      
1481824628        135321           1596957644        153277           256983            50419001210      1878764496        189727           107623116597      78471035986      
1481824629        135321           1596957644        153277           257047            50490328214      1878771576        189727           107623116597      78471035986      
1481824631        135321           1596957644        153277           257111            50553266610      1878778657        189729           107623116597      78471035986      
1481824632        135325           1596957644        153277           257183            50637176526      1878785739        189729           107623116597      78471035986      
1481824633        135325           1596957644        153277           257247            50737863658      1878792817        189729           107623116597      78471035986      
1481824634        135325           1596957644        153277           257311            50825967878      1878799896        189729           107623116597      78471035986      
1481824635        135325           1596957644        153277           257375            50893100578      1878806976        189731           107623116597      78471035986      
1481824636        135325           1596957644        153277           257449            50977010494      1878814056        189731           107623116597      78471035986      
1481824637        135325           1596957644        153277           257513            51044143182      1878821132        189733           107623116597      78471035986      
1481824639        135325           1596957644        153277           257577            51107081578      1878828212        189733           107623116597      78471035986      
1481824640        135325           1596957644        153277           257641            51195185786      1878835290        189733           107623116597      78471035986      
1481824641        135325           1596957644        153277           257705            51262318474      1878842366        189733           107623116597      78471035986      
1481824642        135329           1596957644        153277           257777            51329451174      1878849449        189733           107623116597      78471035986      
1481824643        135329           1596957644        153277           257841            51455304130      1878856526        189733           107623116597      78471035986      
1481824644        135329           1596957644        153277           257905            51560185566      1878863606        189735           107623116597      78471035986      
1481824645        135329           1596957644        153277           257969            51686038510      1878870682        189737           107623116597      78471035986      
1481824646        135329           1596957644        153277           258043            51757365514      1878877762        189737           107623116597      78471035986      
1481824648        135329           1596957644        153277           258107            51832886822      1878884840        189737           107623116597      78471035986      
1481824649        135329           1596957644        153277           258171            51891630914      1878891920        189737           107623116597      78471035986      
1481824650        135329           1596957644        153277           258235            51979735134      1878899001        189739           107623116597      78471035986      
1481824651        135329           1596957644        153277           258299            52080422266      1878906081        189739           107623116597      78471035986      
1481824652        135333           1596957644        153277           258371            52160137878      1878913162        189739           107623116597      78471035986      
1481824653        135333           1596957644        153277           258435            52235659162      1878920235        189743           107623116597      78471035986      
1481824654        135333           1596957644        153277           258499            52286014646      1878927315        189743           107623116597      78471035986      
1481824655        135333           1596957644        153277           258563            52353147350      1878934393        189743           107623116597      78471035986      
1481824657        135333           1596957644        153277           258635            52432862966      1878941476        189743           107623116597      78471035986      
1481824658        135333           1596957644        153277           258699            52520967190      1878948554        189743           107623116597      78471035986      
1481824659        135333           1596957644        153277           258763            52613265718      1878955633        189743           107623116597      78471035986      
1481824660        135333           1596957644        153277           258827            52676204126      1878962716        189743           107623116597      78471035986      
1481824661        135333           1596957644        153277           258901            52764308358      1878969797        189745           107623116597      78471035986      
1481824662        135337           1596957644        153277           258965            52844023982      1878976882        189745           107623116597      78471035986      
1481824663        135337           1596957644        153277           259029            52911156694      1878983964        189749           107623116597      78471035986      
1481824664        135337           1596957644        153277           259093            53003455230      1878991046        189751           107623116597      78471035986      
1481824666        135337           1596957644        153277           259157            53066393638      1878998129        189751           107623116597      78471035986      
1481824667        135337           1596957644        153277           259229            53150303566      1879005212        189751           107623116597      78471035986      
1481824668        135337           1596957644        153277           259293            53242602102      1879012294        189751           107623116597      78471035986      
1481824669        135337           1596957644        153277           259357            53334900638      1879019377        189751           107623116597      78471035986      
1481824670        135337           1596957644        153277           259421            53414616262      1879026460        189751           107623116597      78471035986      
1481824671        135337           1596957644        153277           259495            53494331886      1879033545        189751           107623116597      78471035986      
1481824672        135341           1596957644        153277           259559            53557270294      1879040627        189751           107623116597      78471035986      
1481824673        135341           1596957644        153277           259623            53636985918      1879047709        189753           107623116597      78471035986      
1481824675        135341           1596957644        153277           259687            53746061670      1879054788        189755           107623116597      78471035986      
1481824676        135341           1596957644        153277           259751            53821582990      1879061870        189755           107623116597      78471035986      
1481824677        135341           1596957644        153277           259823            53884521398      1879068954        189755           107623116597      78471035986      
1481824678        135341           1596957644        153277           259887            53964237022      1879076036        189755           107623116597      78471035986      
1481824679        135341           1596957644        153277           259951            54064924166      1879083113        189755           107623116597      78471035986      
1481824680        135341           1596957644        153277           260015            54144639790      1879090195        189755           107623116597      78471035986      
1481824681        135341           1596957644        153277           260089            54236938326      1879097278        189755           107623116597      78471035986      
1481824682        135347           1596957644        153277           260153            54337625470      1879104358        189755           107623116597      78471035986      
1481824684        135347           1596957644        153277           260219            54404758182      1879111436        189755           107623116597      78471035986      
1481824685        135347           1596957644        153277           260283            54497056718      1879118516        189755           107623116597      78471035986      
1481824686        135347           1596957644        153277           260347            54580966646      1879125596        189755           107623116597      78471035986      
1481824687        135347           1596957644        153277           260419            54664876574      1879132680        189755           107623116597      78471035986      
1481824688        135347           1596957644        153277           260483            54769758022      1879139759        189761           107623116597      78471035986      
1481824689        135347           1596957644        153277           260547            54849473622      1879146834        189761           107623116597      78471035986      
1481824690        135347           1596957644        153277           260611            54937577854      1879153916        189765           107623116597      78471035986      
1481824691        135351           1596957644        153277           260683            55013099174      1879161000        189765           107623116597      78471035986      
1481824693        135351           1596957644        153277           260747            55059260366      1879168082        189765           107623116597      78471035986      
1481824694        135351           1596957644        153277           260811            55122198774      1879175166        189765           107623116597      78471035986      
1481824695        135351           1596957644        153277           260875            55185137182      1879182247        189765           107623116597      78471035986      
1481824696        135351           1596957644        153277           260939            55248075590      1879189328        189765           107623116597      78471035986      
1481824697        135351           1596957644        153277           261013            55323596910      1879196408        189767           107623116597      78471035986      
1481824698        135351           1596957644        153277           261077            55382341014      1879203489        189767           107623116597      78471035986      
1481824699        135351           1596957644        153277           261141            55483028134      1879210565        189767           107623116597      78471035986      
1481824700        135351           1596957644        153277           261205            55550160846      1879217649        189767           107623116597      78471035986      
1481824702        135355           1596957644        153277           261277            55634070750      1879224726        189767           107623116597      78471035986      
1481824703        135355           1596957644        153277           261341            55730563590      1879231805        189767           107623116597      78471035986      
1481824704        135355           1596957644        153277           261405            55806084910      1879238886        189767           107623116597      78471035986      
1481824705        135355           1596957644        153277           261469            55915160662      1879245969        189767           107623116597      78471035986      
1481824706        135355           1596957644        153277           261543            56267506022      1879253045        189767           107623116597      78471035986      
1481824707        135355           1596957644        153277           261607            56540159606      1879260123        189769           107623116597      78471035986      
1481824709        135355           1596957644        153277           261671            56540183430      1879267208        189769           107623116597      78471035986      
1481824710        135355           1596957644        153277           261735            56540207254      1879274292        189769           107623116597      78471035986      
1481824711        135355           1596957644        153277           261799            56540231078      1879281377        189769           107623116597      78471035986      
1481824712        135359           1596957644        153277           261871            56540254902      1879288462        189769           107623116597      78471035986      
1481824713        135359           1596957644        153277           261935            56540278726      1879295546        189771           107623116597      78471035986      
1481824714        135359           1596957644        153277           261999            56540302550      1879302630        189771           107623116597      78471035986      
1481824715        135359           1596957644        153277           262063            56540326374      1879309714        189771           107623116597      78471035986      
1481824716        135359           1596957644        153277           262137            56540350198      1879316799        189773           107623116597      78471035986      
1481824717        135359           1596957644        153277           262201            56540374026      1879323885        189773           107623116597      78471035986      
1481824719        135359           1596957644        153277           262265            56540397854      1879330970        189773           107623116597      78471035986      
1481824720        135359           1596957644        153277           262329            56540421682      1879338056        189773           107623116597      78471035986      
1481824721        135359           1596957644        153277           262393            56540445510      1879345141        189775           107623116597      78471035986      
1481824722        135363           1596957644        153277           262465            56540469338      1879352227        189775           107623116597      78471035986      
1481824723        135363           1596957644        153277           262529            56540493166      1879359310        189775           107623116597      78471035986      
1481824724        135363           1596957644        153277           262593            56540516994      1879366397        189775           107623116597      78471035986      
1481824725        135363           1596957644        153277           262657            56540540822      1879373484        189775           107623116597      78471035986      
1481824726        135363           1596957644        153277           262731            56540564650      1879380570        189775           107623116597      78471035986      
1481824727        135363           1596957644        153277           262795            56540588478      1879387656        189777           107623116597      78471035986      
1481824729        135363           1596957644        153277           262859            56540612306      1879394741        189777           107623116597      78471035986      
1481824730        135363           1596957644        153277           262923            56540636134      1879401828        189777           107623116597      78471035986      
1481824731        135363           1596957644        153277           262987            56540659962      1879408915        189777           107623116597      78471035986      
1481824732        135367           1596957644        153277           263059            56540683790      1879416001        189777           107623116597      78471035986      
1481824733        135367           1596957644        153277           263123            56540707618      1879423088        189777           107623116597      78471035986      
1481824734        135367           1596957644        153277           263187            56540731446      1879430175        189777           107623116597      78471035986      
1481824735        135367           1596957644        153277           263251            56540755274      1879437261        189777           107623116597      78471035986      
1481824736        135367           1596957644        153277           263323            56540779102      1879444348        189777           107623116597      78471035986      
1481824737        135367           1596957644        153277           263387            56540802930      1879451434        189777           107623116597      78471035986      
1481824739        135367           1596957644        153277           263451            56540826758      1879458521        189779           107623116597      78471035986      
1481824740        135367           1596957644        153277           263515            56540850586      1879465608        189779           107623116597      78471035986      
1481824741        135367           1596957644        153277           263579            56540874414      1879472695        189779           107623116597      78471035986      
1481824742        135371           1596957644        153277           263655            56540898262      1879479786        189779           107623116597      78471035986      
1481824743        135372           1596957644        153277           263705            56540902262      1879481912        189779           107623116597      78471035986      
1481824744        135372           1596957644        153277           263754            56540906262      1879484040        189781           107623116597      78471035986      
1481824745        135372           1596957644        153277           263803            56540910262      1879486169        189787           107623116597      78471035986      
1481824746        135372           1596957644        153277           263860            56540914262      1879488297        189787           107623116597      78471035986      
