      time tx_packets rx_packets        tx_bytes        rx_bytes  tx_errors tx_dropped rx_frame_errors rx_crc_errors
1481760274          0          0               0               0          0          0          0          0
1481760275          1          0              60               0          0          0          0          0
1481760276          0          0               0               0          0          0          0          0
1481760277          0          0               0               0          0          0          0          0
1481760278          0          0               0               0          0          0          0          0
1481760279          0          0               0               0          0          0          0          0
1481760281          0          0               0               0          0          0          0          0
1481760282          9          0             540               0          0          0          0          0
1481760283          1          0              60               0          0          0          0          0
1481760284          0          0               0               0          0          0          0          0
1481760285          1          0              60               0          0          0          0          0
1481760286          0          0               0               0          0          0          0          0
1481760288          0          0               0               0          0          0          0          0
1481760289          0          0               0               0          0          0          0          0
1481760290          0          0               0               0          0          0          0          0
1481760291          0          0               0               0          0          0          0          0
1481760292          0          0               0               0          0          0          0          0
1481760293          0          0               0               0          0          0          0          0
1481760294          0          0               0               0          0          0          0          0
1481760296          0          0               0               0          0          0          0          0
1481760297          0          0               0               0          0          0          0          0
1481760298          1          0              60               0          0          0          0          0
1481760299          0          0               0               0          0          0          0          0
1481760300          0          0               0               0          0          0          0          0
1481760301          1          0              60               0          0          0          0          0
1481760302          0          0               0               0          0          0          0          0
1481760303          0          0               0               0          0          0          0          0
1481760305          0          0               0               0          0          0          0          0
1481760306          2          0             120               0          0          0          0          0
1481760307          0          0               0               0          0          0          0          0
1481760309          0          0               0               0          0          0          0          0
1481760310          0          0               0               0          0          0          0          0
1481760311          0          0               0               0          0          0          0          0
1481760312          0          0               0               0          0          0          0          0
1481760314          1          0              60               0          0          0          0          0
1481760315          2          0             120               0          0          0          0          0
1481760316          0          0               0               0          0          0          0          0
1481760317          0          0               0               0          0          0          0          0
1481760318          0          0               0               0          0          0          0          0
1481760320          1          0              60               0          0          0          0          0
1481760321          2          0             120               0          0          0          0          0
1481760322          0          0               0               0          0          0          0          0
1481760324          0          0               0               0          0          0          0          0
1481760325          0          0               0               0          0          0          0          0
1481760326          0          0               0               0          0          0          0          0
1481760327          0          0               0               0          0          0          0          0
1481760328          0          0               0               0          0          0          0          0
1481760329          2          0             138               0          0          0          0          0
1481760330          2          0             156               0          0          0          0          0
1481760332          4          0             312               0          0          0          0          0
1481760333          0          0               0               0          0          0          0          0
1481760334          0          0               0               0          0          0          0          0
1481760335          0          0               0               0          0          0          0          0
1481760336          2          0             120               0          0          0          0          0
1481760337          3          0             180               0          0          0          0          0
1481760339          3          0             180               0          0          0          0          0
1481760340          1          0              60               0          0          0          0          0
1481760341          0          0               0               0          0          0          0          0
1481760342          2          0             120               0          0          0          0          0
1481760343          1          0              60               0          0          0          0          0
1481760344          0          0               0               0          0          0          0          0
1481760346          0          0               0               0          0          0          0          0
1481760347          0          0               0               0          0          0          0          0
1481760348          0          0               0               0          0          0          0          0
1481760351          0          0               0               0          0          0          0          0
1481760352          0          0               0               0          0          0          0          0
1481760354          0          0               0               0          0          0          0          0
1481760355          2          0             120               0          0          0          0          0
1481760357          1          0              60               0          0          0          0          0
1481760358          0          0               0               0          0          0          0          0
1481760359          0          0               0               0          0          0          0          0
1481760360          1          0              78               0          0          0          0          0
1481760362          0          0               0               0          0          0          0          0
1481760363          0          0               0               0          0          0          0          0
1481760364          0          0               0               0          0          0          0          0
1481760365          0          0               0               0          0          0          0          0
1481760366          1          0              60               0          0          0          0          0
1481760367          0          0               0               0          0          0          0          0
1481760369          1          0              60               0          0          0          0          0
1481760370          0          0               0               0          0          0          0          0
1481760371          0          0               0               0          0          0          0          0
1481760372          0          0               0               0          0          0          0          0
1481760373          0          0               0               0          0          0          0          0
1481760374          0          0               0               0          0          0          0          0
1481760376          0          0               0               0          0          0          0          0
1481760377          0          0               0               0          0          0          0          0
1481760378          0          0               0               0          0          0          0          0
1481760379          1          0              60               0          0          0          0          0
1481760380          0          0               0               0          0          0          0          0
1481760381          0          0               0               0          0          0          0          0
1481760382          0          0               0               0          0          0          0          0
1481760384          1          0              60               0          0          0          0          0
1481760385          1          0              60               0          0          0          0          0
1481760386          1          0              60               0          0          0          0          0
1481760387          0          0               0               0          0          0          0          0
1481760389          0          0               0               0          0          0          0          0
1481760390          0          0               0               0          0          0          0          0
1481760391          2          0             120               0          0          0          0          0
1481760392          0          0               0               0          0          0          0          0
1481760393          0          0               0               0          0          0          0          0
1481760395          0          0               0               0          0          0          0          0
1481760396          2          0             120               0          0          0          0          0
1481760397          0          0               0               0          0          0          0          0
1481760398          0          0               0               0          0          0          0          0
1481760399          0          0               0               0          0          0          0          0
1481760400          0          0               0               0          0          0          0          0
1481760401          0          0               0               0          0          0          0          0
1481760403          0          0               0               0          0          0          0          0
1481760404          0          0               0               0          0          0          0          0
1481760405          0          0               0               0          0          0          0          0
1481760406          0          0               0               0          0          0          0          0
1481760407          1          0              60               0          0          0          0          0
1481760408          0          0               0               0          0          0          0          0
1481760409          2          0             120               0          0          0          0          0
1481760411          1          0              60               0          0          0          0          0
1481760412          1          0              78               0          0          0          0          0
1481760413          1          0              60               0          0          0          0          0
1481760414          0          0               0               0          0          0          0          0
1481760415          1          0              60               0          0          0          0          0
1481760416          0          0               0               0          0          0          0          0
1481760417          0          0               0               0          0          0          0          0
1481760419          1          0              60               0          0          0          0          0
1481760420          0          0               0               0          0          0          0          0
1481760421          0          0               0               0          0          0          0          0
1481760423          0          0               0               0          0          0          0          0
1481760424          0          0               0               0          0          0          0          0
1481760425          0          0               0               0          0          0          0          0
1481760426          0          0               0               0          0          0          0          0
1481760428          1          0              60               0          0          0          0          0
1481760429          0          0               0               0          0          0          0          0
1481760430          1          0              60               0          0          0          0          0
1481760432          3          0             180               0          0          0          0          0
1481760434          0          0               0               0          0          0          0          0
1481760435          0          0               0               0          0          0          0          0
1481760436          0          0               0               0          0          0          0          0
1481760437          4          0             240               0          0          0          0          0
1481760438         14          0             840               0          0          0          0          0
1481760439          1          0              60               0          0          0          0          0
1481760440          0          0               0               0          0          0          0          0
1481760442          0          0               0               0          0          0          0          0
1481760443          0          0               0               0          0          0          0          0
1481760444          0          0               0               0          0          0          0          0
1481760445          0          0               0               0          0          0          0          0
1481760446          0          0               0               0          0          0          0          0
1481760447          1          0              60               0          0          0          0          0
1481760448          0          0               0               0          0          0          0          0
1481760450          0          0               0               0          0          0          0          0
1481760451          0          0               0               0          0          0          0          0
1481760452          0          0               0               0          0          0          0          0
1481760453          0          0               0               0          0          0          0          0
1481760454          0          0               0               0          0          0          0          0
1481760455          0          0               0               0          0          0          0          0
1481760456          0          0               0               0          0          0          0          0
1481760458          0          0               0               0          0          0          0          0
1481760459          0          0               0               0          0          0          0          0
1481760461          0          0               0               0          0          0          0          0
1481760462          0          0               0               0          0          0          0          0
1481760463          1          0              60               0          0          0          0          0
1481760464          0          0               0               0          0          0          0          0
1481760466          0          0               0               0          0          0          0          0
1481760467          0          0               0               0          0          0          0          0
1481760469          0          0               0               0          0          0          0          0
1481760470          0          0               0               0          0          0          0          0
1481760471          0          0               0               0          0          0          0          0
1481760472          0          0               0               0          0          0          0          0
1481760474          0          0               0               0          0          0          0          0
1481760475          0          0               0               0          0          0          0          0
1481760476          1          0              60               0          0          0          0          0
1481760477          0          0               0               0          0          0          0          0
1481760478          0          0               0               0          0          0          0          0
1481760479          0          0               0               0          0          0          0          0
1481760480          0          0               0               0          0          0          0          0
1481760481          1          0              78               0          0          0          0          0
1481760483          0          0               0               0          0          0          0          0
1481760484          0          0               0               0          0          0          0          0
1481760485          0          0               0               0          0          0          0          0
1481760486          0          0               0               0          0          0          0          0
1481760487          5          0             372               0          0          0          0          0
1481760488          6          0             450               0          0          0          0          0
1481760490          3          0             234               0          0          0          0          0
1481760491          0          0               0               0          0          0          0          0
1481760492          1          0              60               0          0          0          0          0
1481760493          1          0              60               0          0          0          0          0
1481760494          8          0             480               0          0          0          0          0
1481760495          5          0             300               0          0          0          0          0
1481760496          1          0              60               0          0          0          0          0
1481760498          1          0              60               0          0          0          0          0
1481760499          1          0              60               0          0          0          0          0
1481760500          0          0               0               0          0          0          0          0
1481760501          0          0               0               0          0          0          0          0
1481760502          0          0               0               0          0          0          0          0
1481760503          0          0               0               0          0          0          0          0
1481760504          1          0              60               0          0          0          0          0
1481760506          0          0               0               0          0          0          0          0
1481760508          0          0               0               0          0          0          0          0
1481760509          1          0              60               0          0          0          0          0
1481760510          0          0               0               0          0          0          0          0
1481760511          0          0               0               0          0          0          0          0
1481760513          0          0               0               0          0          0          0          0
1481760514          1          0              60               0          0          0          0          0
1481760515          1          0              60               0          0          0          0          0
1481760516          0          0               0               0          0          0          0          0
1481760517          0          0               0               0          0          0          0          0
1481760518          0          0               0               0          0          0          0          0
1481760519          0          0               0               0          0          0          0          0
1481760521          1          0              78               0          0          0          0          0
1481760522          0          0               0               0          0          0          0          0
1481760523          0          0               0               0          0          0          0          0
1481760524          0          0               0               0          0          0          0          0
1481760525          1          0              60               0          0          0          0          0
1481760526          0          0               0               0          0          0          0          0
1481760527          1          0              60               0          0          0          0          0
1481760529          0          0               0               0          0          0          0          0
1481760530          0          0               0               0          0          0          0          0
1481760531          1          0              60               0          0          0          0          0
1481760532          0          0               0               0          0          0          0          0
1481760534          0          0               0               0          0          0          0          0
1481760535          0          0               0               0          0          0          0          0
1481760536          0          0               0               0          0          0          0          0
1481760537          0          0               0               0          0          0          0          0
1481760539          1          0              60               0          0          0          0          0
1481760540          0          0               0               0          0          0          0          0
1481760542          1          0              60               0          0          0          0          0
1481760543          0          0               0               0          0          0          0          0
1481760544          0          0               0               0          0          0          0          0
1481760545          1          0              60               0          0          0          0          0
1481760546          0          0               0               0          0          0          0          0
1481760548          1          0              60               0          0          0          0          0
1481760550          1          0              60               0          0          0          0          0
1481760551          0          0               0               0          0          0          0          0
1481760552          0          0               0               0          0          0          0          0
1481760553          0          0               0               0          0          0          0          0
1481760554          0          0               0               0          0          0          0          0
1481760555          0          0               0               0          0          0          0          0
1481760556          0          0               0               0          0          0          0          0
1481760558          1          0              60               0          0          0          0          0
1481760559          0          0               0               0          0          0          0          0
1481760560          2          0             120               0          0          0          0          0
1481760561          0          0               0               0          0          0          0          0
1481760562          0          0               0               0          0          0          0          0
1481760563          0          0               0               0          0          0          0          0
1481760564          1          0              60               0          0          0          0          0
1481760566          1          0              60               0          0          0          0          0
1481760567          1          0              60               0          0          0          0          0
1481760568          1          0              60               0          0          0          0          0
1481760569          0          0               0               0          0          0          0          0
1481760570          0          0               0               0          0          0          0          0
1481760571          1          0              60               0          0          0          0          0
1481760572          0          0               0               0          0          0          0          0
1481760574          0          0               0               0          0          0          0          0
1481760575          1          0              60               0          0          0          0          0
1481760576          0          0               0               0          0          0          0          0
1481760577          0          0               0               0          0          0          0          0
1481760580          1          0              60               0          0          0          0          0
1481760581          1          0              60               0          0          0          0          0
1481760582          0          0               0               0          0          0          0          0
1481760583          2          0             120               0          0          0          0          0
1481760585          0          0               0               0          0          0          0          0
1481760586          0          0               0               0          0          0          0          0
1481760587          0          0               0               0          0          0          0          0
1481760588          0          0               0               0          0          0          0          0
1481760589          1          0              60               0          0          0          0          0
1481760590          0          0               0               0          0          0          0          0
1481760591          0          0               0               0          0          0          0          0
1481760593          0          0               0               0          0          0          0          0
1481760594          0          0               0               0          0          0          0          0
1481760595          0          0               0               0          0          0          0          0
1481760596          0          0               0               0          0          0          0          0
1481760597          1          0              60               0          0          0          0          0
1481760598          0          0               0               0          0          0          0          0
1481760599          0          0               0               0          0          0          0          0
1481760601          1          0              60               0          0          0          0          0
1481760602          1          0              60               0          0          0          0          0
1481760603          0          0               0               0          0          0          0          0
1481760604          0          0               0               0          0          0          0          0
1481760605          1          0              60               0          0          0          0          0
1481760606          0          0               0               0          0          0          0          0
1481760607          0          0               0               0          0          0          0          0
1481760609          0          0               0               0          0          0          0          0
1481760610          1          0              60               0          0          0          0          0
1481760611          0          0               0               0          0          0          0          0
1481760612          0          0               0               0          0          0          0          0
1481760613          0          0               0               0          0          0          0          0
1481760614          0          0               0               0          0          0          0          0
1481760615          2          0             120               0          0          0          0          0
1481760617          0          0               0               0          0          0          0          0
1481760618          1          0              60               0          0          0          0          0
1481760620          1          0              60               0          0          0          0          0
1481760621          3          0             180               0          0          0          0          0
1481760622          0          0               0               0          0          0          0          0
1481760623          0          0               0               0          0          0          0          0
1481760624          1          0              60               0          0          0          0          0
1481760625          0          0               0               0          0          0          0          0
1481760627          0          0               0               0          0          0          0          0
1481760628          0          0               0               0          0          0          0          0
1481760629          2          0             138               0          0          0          0          0
1481760630          0          0               0               0          0          0          0          0
1481760631          0          0               0               0          0          0          0          0
1481760632          0          0               0               0          0          0          0          0
1481760633          0          0               0               0          0          0          0          0
1481760635          1          0              60               0          0          0          0          0
1481760636          0          0               0               0          0          0          0          0
1481760637          0          0               0               0          0          0          0          0
1481760638          0          0               0               0          0          0          0          0
1481760639          1          0              60               0          0          0          0          0
1481760641          0          0               0               0          0          0          0          0
1481760642          0          0               0               0          0          0          0          0
1481760643          1          0              60               0          0          0          0          0
1481760644          0          0               0               0          0          0          0          0
1481760645          0          0               0               0          0          0          0          0
1481760646          0          0               0               0          0          0          0          0
1481760647          0          0               0               0          0          0          0          0
1481760649          0          0               0               0          0          0          0          0
1481760650          0          0               0               0          0          0          0          0
1481760651          0          0               0               0          0          0          0          0
1481760653          1          0              60               0          0          0          0          0
1481760654          0          0               0               0          0          0          0          0
1481760655          1          0              60               0          0          0          0          0
1481760656          0          0               0               0          0          0          0          0
1481760659          1          0              60               0          0          0          0          0
1481760660          0          0               0               0          0          0          0          0
1481760661          0          0               0               0          0          0          0          0
1481760662          0          0               0               0          0          0          0          0
1481760664          0          0               0               0          0          0          0          0
1481760665          2          0             156               0          0          0          0          0
