#TIME Node0_NumHit Node1_NumHit Node0_NumMiss Node1_NumMiss Node0_Local Node1_Local Node0_Other Node1_Other Node0_Free Node1_Free Node0_Used Node1_Used
1481747559 1336939 1234457 0 0 1334048 1222099 2891 12358 15291.22 13035.40 1043.02 3348.20
1481747560 1336970 1234487 0 0 1334078 1222129 2891 12358 15291.41 13034.95 1043.23 3349.07
1481747561 1336999 1234519 0 0 1334108 1222161 2891 12358 15290.70 13034.75 1043.48 3349.62
1481747562 1337051 1234561 0 0 1334160 1222203 2891 12358 15283.16 13033.78 1051.14 3350.59
1481747564 1337083 1234637 0 0 1334191 1222278 2891 12358 15281.99 13010.16 1052.64 3373.88
1481747565 1337127 1234784 0 0 1334236 1222426 2891 12358 15280.64 12955.34 1054.35 3439.93
1481747566 1337172 1235648 0 0 1334281 1223290 2891 12358 15278.96 12210.27 1056.09 4184.95
1481747567 1337215 1236133 0 0 1334323 1223775 2891 12358 15277.55 11763.65 1057.09 4620.36
1481747568 1337254 1236573 0 0 1334363 1224215 2891 12358 15277.69 11344.84 1056.22 5039.16
1481747569 1337298 1237132 0 0 1334407 1224774 2891 12358 15278.11 10810.36 1056.12 5585.99
1481747570 1337341 1237717 0 0 1334449 1225359 2891 12358 15279.07 10249.41 1055.93 6134.57
1481747571 1337370 1238390 0 0 1334479 1226032 2891 12358 15279.07 9607.29 1056.29 6777.11
1481747572 1337412 1238904 0 0 1334521 1226546 2891 12358 15277.94 9121.21 1056.71 7267.93
1481747574 1337452 1239552 0 0 1334560 1227194 2891 12358 15278.04 8483.05 1056.56 7900.57
1481747575 1337491 1240064 0 0 1334599 1227706 2891 12358 15278.27 8011.88 1056.38 8372.15
1481747576 1337532 1240573 0 0 1334641 1228215 2891 12358 15278.48 7526.04 1055.77 8857.97
1481747577 1337563 1240964 0 0 1334672 1228606 2891 12358 15278.22 7166.44 1056.02 9219.03
1481747578 1337603 1241367 0 0 1334711 1229009 2891 12358 15277.98 6792.97 1056.25 9591.03
1481747579 1337644 1241978 0 0 1334753 1229620 2891 12358 15278.28 6205.48 1056.41 10178.52
1481747580 1337691 1242534 0 0 1334800 1230176 2891 12358 15278.80 5657.36 1056.18 10726.64
1481747581 1337740 1243549 0 0 1334849 1231191 2891 12358 15277.75 4665.52 1056.84 11722.83
1481747583 1337791 1244539 0 0 1334899 1232181 2891 12358 15276.98 3688.11 1057.62 12700.61
1481747584 1337844 1245539 0 0 1334953 1233181 2891 12358 15277.09 2699.81 1056.83 13686.73
1481747585 1337900 1246539 0 0 1335009 1234181 2891 12358 15277.80 1711.55 1056.83 14678.28
1481747586 1337950 1247548 0 0 1335059 1235190 2891 12358 15277.67 719.95 1057.38 15669.13
1481747587 1338001 1248425 0 0 1335110 1236067 2891 12358 15276.76 55.55 1057.51 16329.17
1481747588 1338058 1249004 0 0 1335166 1236646 2891 12358 15277.13 55.06 1057.52 16328.93
1481747589 1338115 1249554 0 0 1335223 1237195 2891 12358 15276.96 55.56 1057.31 16328.43
1481747590 1338168 1250107 0 0 1335276 1237749 2891 12358 15277.89 54.81 1057.07 16328.86
1481747592 1338224 1250665 0 0 1335333 1238307 2891 12358 15277.85 55.19 1056.38 16328.82
1481747593 1338276 1251237 0 0 1335385 1238879 2891 12358 15277.33 55.26 1056.96 16328.73
1481747594 1338332 1251795 0 0 1335440 1239436 2891 12358 15277.18 54.93 1057.45 16328.36
1481747595 1338386 1252363 0 0 1335495 1240005 2891 12358 15277.57 54.97 1057.07 16328.30
1481747596 1338441 1252917 0 0 1335550 1240559 2891 12358 15277.97 55.23 1056.67 16328.39
1481747597 1338496 1253474 0 0 1335605 1241115 2892 12358 15278.32 55.21 1056.68 16329.16
1481747598 1338551 1254040 0 0 1335660 1241682 2892 12358 15277.80 55.21 1056.49 16328.79
1481747600 1338603 1254603 0 0 1335712 1242245 2892 12358 15277.32 55.10 1057.68 16328.51
1481747601 1338659 1255162 0 0 1335768 1242804 2892 12358 15277.10 55.38 1056.80 16328.62
1481747602 1338714 1255719 0 0 1335822 1243360 2892 12358 15277.77 55.15 1056.45 16328.87
1481747603 1338766 1256277 0 0 1335875 1243919 2892 12358 15278.57 55.25 1056.04 16329.11
1481747604 1338818 1256842 0 0 1335926 1244483 2892 12358 15277.62 54.91 1056.24 16329.08
1481747605 1338874 1257398 0 0 1335982 1245040 2892 12358 15277.65 55.60 1057.35 16329.12
1481747606 1338930 1257944 0 0 1336039 1245586 2892 12358 15277.44 55.46 1056.79 16328.90
1481747607 1338986 1258496 0 0 1336094 1246138 2892 12358 15277.86 55.84 1056.73 16328.53
1481747609 1339042 1259070 0 0 1336151 1246712 2892 12358 15277.88 54.84 1056.82 16329.15
1481747610 1339099 1259615 0 0 1336207 1247256 2892 12358 15277.77 55.71 1056.92 16327.93
1481747611 1339150 1260074 0 0 1336258 1247716 2892 12358 15276.97 55.44 1058.38 16327.83
1481747612 1339199 1260506 0 0 1336308 1248148 2892 12358 15276.50 56.20 1058.12 16328.90
1481747613 1339240 1260928 0 0 1336348 1248570 2892 12358 15276.68 54.83 1057.96 16329.20
1481747614 1339286 1261333 0 0 1336394 1248975 2892 12358 15277.06 56.06 1057.95 16327.94
1481747615 1339336 1261869 0 0 1336445 1249511 2892 12358 15275.94 55.00 1057.93 16328.28
1481747617 1339393 1262287 0 0 1336501 1249929 2892 12358 15277.16 55.58 1057.88 16329.15
1481747618 1339444 1262807 0 0 1336553 1250448 2892 12358 15275.68 55.81 1059.34 16328.19
1481747619 1339498 1263198 0 0 1336606 1250840 2892 12358 15276.16 55.41 1058.48 16327.85
1481747620 1339545 1263645 0 0 1336653 1251286 2892 12358 15276.34 55.63 1057.96 16328.37
1481747621 1339599 1264123 0 0 1336707 1251765 2892 12358 15276.55 54.84 1058.51 16328.41
1481747622 1339654 1264676 0 0 1336762 1252318 2892 12358 15276.58 54.97 1057.77 16329.04
1481747623 1339712 1265188 0 0 1336821 1252830 2892 12358 15277.31 56.19 1057.32 16328.52
1481747624 1339768 1265484 0 0 1336876 1253125 2892 12358 15276.24 55.85 1058.01 16328.88
1481747626 1339826 1265777 0 0 1336934 1253419 2892 12358 15276.32 55.25 1058.29 16329.11
1481747627 1339882 1265809 0 0 1336990 1253451 2892 12358 15276.76 56.35 1058.23 16327.65
1481747628 1339940 1265816 0 0 1337049 1253458 2892 12358 15276.60 57.08 1057.66 16327.28
1481747629 1339999 1265824 0 0 1337107 1253466 2892 12358 15276.72 57.08 1057.89 16326.92
1481747630 1340052 1265835 0 0 1337161 1253477 2892 12358 15276.51 57.19 1058.10 16326.81
1481747631 1340112 1265841 0 0 1337220 1253483 2892 12358 15277.29 57.57 1056.97 16326.79
1481747632 1340165 1265853 0 0 1337274 1253495 2892 12358 15276.67 56.88 1057.60 16327.12
1481747633 1340218 1265866 0 0 1337327 1253508 2892 12358 15277.49 57.02 1057.13 16327.34
1481747634 1340272 1265879 0 0 1337380 1253521 2892 12358 15276.73 57.28 1057.52 16326.36
1481747635 1340330 1265885 0 0 1337439 1253527 2892 12358 15277.45 58.01 1056.45 16325.99
1481747637 1340389 1265893 0 0 1337498 1253535 2892 12358 15277.51 57.16 1057.13 16326.48
1481747638 1340447 1265900 0 0 1337556 1253541 2892 12358 15277.66 56.80 1056.98 16326.84
1481747639 1340506 1265906 0 0 1337615 1253547 2892 12358 15277.68 58.02 1056.95 16325.98
1481747640 1340564 1265914 0 0 1337672 1253556 2892 12358 15277.90 57.61 1056.35 16326.39
1481747641 1340618 1265926 0 0 1337727 1253567 2892 12358 15277.68 57.57 1056.93 16326.43
1481747642 1340671 1265938 0 0 1337779 1253580 2892 12358 15278.37 57.60 1057.02 16326.40
1481747643 1340722 1265954 0 0 1337830 1253596 2892 12358 15283.50 158.75 1051.12 16224.11
1481747644 1340752 1265988 0 0 1337860 1253630 2892 12358 15283.71 158.65 1050.54 16224.97
1481747645 1340783 1266019 0 0 1337891 1253661 2892 12358 15284.56 158.76 1049.70 16225.24
1481747646 1340815 1266051 0 0 1337923 1253693 2892 12358 15284.19 159.45 1049.68 16225.29
1481747648 1340846 1266083 0 0 1337955 1253725 2892 12358 15283.85 159.54 1050.42 16224.82
