 %time 1481757539
 %usr 0.00 0.00 0.00 0.00 0.00 0.00 0.00 0.00 0.00 0.00 0.00 0.00 0.00 0.00 0.00 0.00 0.00
 %sys 0.06 0.00 0.00 0.00 0.00 0.00 0.00 0.00 0.00 0.00 0.00 0.00 0.00 0.00 0.00 0.00 0.00
 %idle 99.94 100.00 100.00 100.00 100.00 100.00 100.00 100.00 100.00 100.00 100.00 100.00 100.00 100.00 100.00 100.00 100.00
 %time 1481757540
 %usr 0.00 0.00 0.00 0.00 0.00 0.00 0.00 0.00 0.00 0.00 0.00 0.00 0.00 0.00 0.00 0.00 0.00
 %sys 0.06 0.00 0.00 0.00 0.00 0.00 0.00 0.00 0.00 0.00 0.00 0.00 0.00 0.00 0.98 0.00 0.00
 %idle 99.94 100.00 100.00 100.00 100.00 100.00 100.00 100.00 100.00 100.00 100.00 100.00 100.00 100.00 99.02 100.00 100.00
 %time 1481757541
 %usr 0.00 0.00 0.00 0.00 0.00 0.00 0.00 0.00 0.00 0.00 0.00 0.00 0.00 0.00 0.00 0.00 0.00
 %sys 0.06 1.00 0.00 0.00 0.00 0.00 0.00 0.00 0.00 0.00 0.00 0.00 0.00 0.00 0.00 0.00 0.00
 %idle 99.94 99.00 100.00 100.00 100.00 100.00 100.00 100.00 100.00 100.00 100.00 100.00 100.00 100.00 100.00 100.00 100.00
 %time 1481757542
 %usr 0.00 0.00 0.00 0.00 0.00 0.00 0.00 0.00 0.00 0.00 0.00 0.00 0.00 0.00 0.00 0.00 0.00
 %sys 0.06 1.00 0.99 0.00 0.00 0.00 0.99 0.00 0.00 0.00 0.00 0.00 0.00 0.00 0.00 0.00 0.00
 %idle 99.81 99.00 99.01 100.00 100.00 100.00 99.01 100.00 100.00 98.00 100.00 100.00 100.00 100.00 100.00 100.00 100.00
 %time 1481757543
 %usr 0.00 0.00 0.00 0.00 0.00 0.00 0.00 0.00 0.00 0.00 0.00 0.00 0.00 0.00 0.00 0.00 0.00
 %sys 0.06 1.00 0.00 0.00 0.00 0.00 0.00 0.00 0.00 0.00 0.00 0.00 0.00 0.00 0.00 0.00 0.00
 %idle 99.75 99.00 100.00 100.00 100.00 100.00 100.00 100.00 100.00 97.00 100.00 100.00 100.00 100.00 100.00 100.00 100.00
 %time 1481757545
 %usr 0.00 0.00 0.00 0.00 0.00 0.00 0.00 0.00 0.00 0.00 0.00 0.00 0.00 0.00 0.00 0.00 0.00
 %sys 0.06 0.00 0.00 0.00 0.00 0.00 0.00 0.00 0.00 0.00 0.00 0.00 0.00 0.00 0.00 0.00 0.00
 %idle 99.94 100.00 100.00 100.00 100.00 100.00 100.00 100.00 100.00 100.00 100.00 100.00 100.00 100.00 100.00 100.00 100.00
 %time 1481757546
 %usr 0.00 0.00 0.00 0.00 0.00 0.00 0.00 0.00 0.00 0.00 0.00 0.00 0.00 0.00 0.00 0.00 0.00
 %sys 0.06 0.00 0.00 0.00 0.00 0.00 0.00 0.00 0.00 0.00 0.00 0.00 0.00 0.00 0.00 0.99 0.00
 %idle 99.94 100.00 100.00 100.00 100.00 100.00 100.00 100.00 100.00 100.00 100.00 100.00 100.00 100.00 100.00 99.01 100.00
 %time 1481757547
 %usr 1.44 10.00 2.02 0.00 0.00 0.00 0.00 0.00 0.00 7.07 4.95 0.98 0.00 0.00 0.00 0.00 0.00
 %sys 0.31 1.00 1.01 0.00 0.00 0.00 0.00 0.00 0.00 0.00 1.98 0.98 0.00 0.00 0.00 0.00 0.00
 %idle 97.75 89.00 96.97 100.00 94.00 100.00 100.00 100.00 100.00 91.92 92.08 98.04 100.00 100.00 100.00 100.00 100.00
 %time 1481757548
 %usr 0.31 0.00 0.00 0.00 3.00 0.00 0.00 0.00 0.00 1.00 0.00 0.00 0.00 0.00 0.00 0.00 0.00
 %sys 0.50 1.00 0.00 0.00 2.00 0.00 0.00 0.00 0.00 2.00 0.00 0.00 0.00 0.00 0.00 0.00 0.00
 %idle 93.19 86.00 99.00 99.00 13.00 100.00 100.00 100.00 100.00 96.00 100.00 100.00 100.00 100.00 100.00 100.00 100.00
 %time 1481757549
 %usr 0.00 0.00 0.00 0.00 0.00 0.00 0.00 0.00 0.00 0.00 0.00 0.00 0.00 0.00 0.00 0.00 0.00
 %sys 0.12 0.99 0.00 0.00 0.00 0.00 0.00 0.00 0.00 0.00 0.00 0.00 0.99 0.99 0.00 0.00 0.00
 %idle 99.88 99.01 100.00 100.00 100.00 100.00 100.00 100.00 100.00 100.00 100.00 100.00 99.01 99.01 100.00 100.00 100.00
 %time 1481757550
 %usr 0.13 0.00 0.00 0.00 0.00 0.00 0.00 0.00 0.00 1.00 1.00 0.00 0.00 0.00 0.00 0.00 0.00
 %sys 0.69 1.00 0.00 0.00 0.00 0.00 0.00 0.00 0.00 4.00 3.00 1.00 0.00 0.00 0.00 0.00 2.00
 %idle 96.06 99.00 100.00 100.00 100.00 100.00 100.00 100.00 100.00 69.00 74.00 97.00 100.00 100.00 100.00 100.00 98.00
 %time 1481757551
 %usr 1.69 0.00 0.00 0.00 0.00 0.00 0.00 0.00 0.00 13.13 13.00 0.00 0.00 0.00 0.00 0.00 0.00
 %sys 0.88 0.00 0.99 0.00 0.00 0.00 0.00 0.00 0.00 6.06 6.00 0.00 0.00 0.00 0.00 0.00 0.00
 %idle 87.68 100.00 99.01 100.00 100.00 100.00 100.00 100.00 100.00 2.02 2.00 100.00 100.00 100.00 100.00 100.00 100.00
 %time 1481757553
 %usr 2.56 0.00 0.00 0.00 0.00 0.00 0.00 0.00 0.00 14.85 27.00 0.00 0.00 0.00 0.00 0.00 0.00
 %sys 0.44 0.00 0.00 0.00 0.00 0.00 0.00 0.00 0.00 2.97 2.00 0.00 0.99 0.00 0.00 0.00 0.00
 %idle 87.06 100.00 100.00 100.00 94.00 100.00 100.00 100.00 100.00 0.00 0.00 100.00 99.01 100.00 100.00 100.00 100.00
 %time 1481757554
 %usr 0.56 0.00 0.00 0.00 0.00 0.00 0.00 0.00 0.00 4.04 5.00 0.00 0.00 0.00 0.00 0.00 0.00
 %sys 0.62 0.99 0.00 0.00 0.00 0.00 0.00 0.00 0.99 4.04 3.00 0.00 1.00 0.00 0.00 0.00 0.99
 %idle 87.19 99.01 100.00 100.00 97.98 100.00 100.00 100.00 99.01 0.00 0.00 100.00 99.00 100.00 100.00 100.00 99.01
 %time 1481757555
 %usr 0.75 0.00 0.00 0.00 0.00 0.00 0.00 0.00 0.00 5.00 7.00 0.00 0.00 0.00 0.00 0.00 0.00
 %sys 0.75 1.01 0.00 0.00 0.00 1.00 0.00 0.00 0.00 4.00 5.00 0.00 0.00 0.00 0.00 0.00 0.00
 %idle 87.30 98.99 100.00 100.00 100.00 99.00 100.00 100.00 100.00 0.00 0.00 100.00 100.00 100.00 100.00 100.00 100.00
 %time 1481757558
 %usr 0.75 0.00 0.00 0.00 0.00 0.00 0.00 0.00 0.00 5.00 6.06 0.00 0.00 0.00 0.00 0.00 0.00
 %sys 0.69 0.00 0.00 0.99 0.00 0.99 0.00 0.00 0.00 4.00 4.04 0.00 0.99 0.00 0.00 0.00 0.00
 %idle 87.25 100.00 100.00 99.01 100.00 99.01 100.00 100.00 100.00 0.00 0.00 100.00 99.01 100.00 100.00 100.00 100.00
 %time 1481757559
 %usr 0.50 0.00 0.00 0.00 0.00 0.00 0.00 0.00 0.00 4.00 3.96 0.00 0.00 0.00 0.00 0.00 0.00
 %sys 0.50 0.00 0.00 0.99 0.00 0.00 0.00 0.00 0.00 2.00 3.96 0.00 0.99 0.00 0.00 0.00 0.00
 %idle 87.32 100.00 100.00 99.01 100.00 100.00 100.00 100.00 100.00 0.00 0.00 100.00 99.01 100.00 100.00 100.00 100.00
 %time 1481757560
 %usr 0.50 0.00 0.00 0.00 0.00 0.00 0.00 0.00 0.00 2.00 5.00 0.00 0.00 0.00 0.00 0.00 0.00
 %sys 0.56 0.99 1.00 0.00 0.00 0.00 1.00 0.00 0.00 2.00 4.00 0.00 0.00 0.00 0.00 0.00 1.00
 %idle 87.32 99.01 99.00 100.00 100.00 100.00 99.00 100.00 100.00 0.00 0.00 100.00 100.00 100.00 100.00 100.00 99.00
 %time 1481757561
 %usr 0.87 0.00 0.00 0.00 0.00 0.00 0.00 0.00 0.00 3.96 9.00 0.00 0.00 0.00 0.00 0.00 0.00
 %sys 0.81 1.00 0.00 0.00 0.00 0.00 0.00 0.99 0.00 3.96 6.00 0.00 0.00 0.00 0.00 0.00 0.00
 %idle 87.20 99.00 100.00 100.00 99.01 100.00 100.00 99.01 100.00 0.00 0.00 100.00 100.00 100.00 100.00 100.00 100.00
 %time 1481757562
 %usr 0.81 0.00 0.00 0.00 0.00 0.00 0.00 0.00 0.00 5.00 7.00 0.00 0.00 0.00 0.00 0.00 0.00
 %sys 0.69 1.00 0.00 0.00 0.00 0.00 0.99 0.00 0.00 3.00 5.00 0.00 0.00 0.00 0.00 0.00 0.00
 %idle 87.31 99.00 100.00 100.00 100.00 100.00 99.01 100.00 100.00 0.00 0.00 100.00 100.00 100.00 100.00 100.00 100.00
 %time 1481757563
 %usr 0.44 0.00 0.00 0.00 0.00 0.00 0.00 0.00 0.00 1.01 5.94 0.00 0.00 0.00 0.00 0.00 0.00
 %sys 0.50 0.00 0.00 0.00 0.00 0.00 0.00 0.00 1.00 1.01 3.96 0.00 0.00 0.99 0.00 0.00 0.99
 %idle 87.27 100.00 100.00 100.00 100.00 100.00 100.00 100.00 99.00 0.00 0.00 100.00 100.00 99.01 100.00 100.00 99.01
 %time 1481757564
 %usr 0.69 0.00 0.00 0.00 0.00 0.00 0.00 0.00 0.00 2.00 9.00 0.00 0.00 0.00 0.00 0.00 0.00
 %sys 0.81 1.00 1.00 0.00 1.00 1.00 0.99 0.00 0.00 2.00 6.00 0.00 0.00 0.00 0.00 0.00 0.00
 %idle 87.23 99.00 99.00 100.00 99.00 99.00 99.01 100.00 100.00 0.00 0.00 100.00 100.00 100.00 100.00 100.00 100.00
 %time 1481757565
 %usr 0.75 0.00 0.00 0.00 0.00 0.00 0.00 0.00 0.00 6.00 6.06 0.00 0.00 0.00 0.00 0.00 0.00
 %sys 0.62 0.99 0.00 0.00 0.00 0.00 0.00 0.00 0.00 3.00 4.04 0.00 0.00 0.00 0.00 0.00 0.00
 %idle 87.13 99.01 100.00 100.00 97.96 100.00 100.00 100.00 100.00 0.00 0.00 100.00 100.00 100.00 100.00 100.00 100.00
 %time 1481757567
 %usr 0.75 0.00 0.00 0.00 0.00 0.00 0.00 0.00 0.00 3.96 8.08 0.00 0.00 0.00 0.00 0.00 0.00
 %sys 0.69 0.99 0.00 1.00 0.00 0.00 0.00 0.00 0.99 2.97 5.05 0.00 0.00 0.99 0.00 0.00 0.99
 %idle 87.31 99.01 100.00 99.00 100.00 100.00 100.00 100.00 99.01 0.00 0.00 100.00 100.00 99.01 100.00 100.00 99.01
 %time 1481757568
 %usr 0.62 0.00 0.00 0.00 0.00 0.00 0.00 0.00 0.00 4.04 4.00 0.00 0.00 0.00 0.00 0.00 0.00
 %sys 0.75 0.00 0.00 0.00 1.00 0.00 1.00 0.00 0.00 4.04 3.00 0.99 0.00 0.00 0.00 0.00 0.99
 %idle 87.20 100.00 100.00 100.00 99.00 100.00 99.00 100.00 100.00 0.00 0.00 99.01 100.00 100.00 100.00 100.00 99.01
 %time 1481757569
 %usr 0.94 0.00 0.00 0.00 0.00 0.00 0.00 0.00 0.00 9.90 4.95 0.00 0.00 0.00 0.00 0.00 0.00
 %sys 0.88 0.99 0.00 0.99 0.00 0.00 0.00 0.00 0.00 6.93 4.95 0.00 0.00 0.00 0.00 0.00 0.00
 %idle 87.30 99.01 100.00 99.01 100.00 100.00 100.00 100.00 100.00 0.00 0.00 100.00 100.00 100.00 100.00 100.00 100.00
 %time 1481757570
 %usr 0.87 0.00 0.00 0.00 0.00 0.00 0.00 0.00 0.00 6.93 6.06 0.00 0.00 0.00 0.00 0.00 0.00
 %sys 0.94 1.00 0.00 1.00 0.00 1.00 0.99 0.00 0.99 6.93 4.04 0.00 0.00 0.00 0.00 0.00 1.00
 %idle 87.20 99.00 100.00 99.00 100.00 99.00 99.01 100.00 99.01 0.00 0.00 100.00 100.00 100.00 100.00 100.00 99.00
 %time 1481757571
 %usr 0.88 0.00 0.00 0.00 0.00 0.00 0.00 0.00 0.00 10.10 4.04 0.00 0.00 0.00 0.00 0.00 0.00
 %sys 0.94 0.00 1.00 0.00 0.00 0.00 0.00 0.99 0.00 7.07 2.02 0.99 0.00 0.99 0.99 0.00 0.99
 %idle 87.25 100.00 99.00 100.00 100.00 100.00 100.00 99.01 100.00 0.00 0.00 99.01 100.00 99.01 99.01 100.00 99.01
 %time 1481757572
 %usr 0.56 0.00 0.00 0.00 0.00 0.00 0.00 0.00 0.00 7.00 2.97 0.00 0.00 0.00 0.00 0.00 0.00
 %sys 0.63 1.00 1.00 0.00 0.00 0.99 0.00 0.00 0.99 4.00 2.97 0.00 0.00 0.00 0.00 0.00 0.00
 %idle 87.30 99.00 99.00 100.00 100.00 99.01 100.00 100.00 99.01 0.00 0.00 100.00 100.00 100.00 100.00 100.00 100.00
 %time 1481757574
 %usr 0.81 0.00 0.00 0.00 0.00 0.00 0.00 0.00 0.00 9.00 5.00 0.00 0.00 0.00 0.00 0.00 0.00
 %sys 0.75 1.00 1.00 0.00 0.00 0.00 0.00 0.00 0.00 5.00 4.00 0.00 0.00 0.00 0.00 0.00 0.00
 %idle 87.31 99.00 99.00 100.00 100.00 100.00 100.00 100.00 100.00 0.00 0.00 100.00 100.00 100.00 100.00 100.00 100.00
 %time 1481757575
 %usr 0.44 0.00 0.00 0.00 0.00 0.00 0.00 0.00 0.00 3.00 3.00 0.00 0.00 0.00 0.00 0.00 0.00
 %sys 0.44 0.99 0.00 0.00 0.99 0.00 0.99 0.00 0.00 2.00 4.00 0.00 0.00 0.00 0.00 0.00 0.00
 %idle 87.38 99.01 100.00 100.00 99.01 100.00 99.01 100.00 100.00 0.00 0.00 100.00 100.00 100.00 100.00 100.00 100.00
 %time 1481757576
 %usr 0.81 0.00 0.00 0.00 0.00 0.00 0.00 0.00 0.00 3.00 10.00 0.00 0.00 0.00 0.00 0.00 0.00
 %sys 0.75 0.00 0.99 0.00 0.00 0.00 0.00 0.00 0.99 3.00 6.00 0.99 0.00 0.00 0.00 0.99 0.99
 %idle 87.31 100.00 99.01 100.00 100.00 100.00 100.00 100.00 99.01 0.00 0.00 99.01 100.00 100.00 100.00 99.01 99.01
 %time 1481757577
 %usr 0.75 0.00 0.00 0.00 0.00 0.00 0.00 0.00 0.00 4.08 7.00 0.00 0.00 0.00 0.00 0.00 0.00
 %sys 0.69 0.00 0.00 0.00 0.00 0.00 0.00 0.99 0.00 3.06 5.00 0.00 0.00 0.00 0.00 0.00 0.00
 %idle 87.31 100.00 100.00 100.00 100.00 100.00 100.00 99.01 100.00 0.00 0.00 100.00 100.00 100.00 100.00 100.00 100.00
 %time 1481757578
 %usr 0.81 0.00 0.00 0.00 0.00 0.00 0.00 0.00 0.00 2.02 9.90 0.00 0.00 0.00 0.00 0.00 0.00
 %sys 0.87 1.00 0.00 0.00 0.00 0.00 0.00 0.00 0.00 2.02 7.92 0.99 0.00 0.00 0.00 0.00 1.00
 %idle 87.15 99.00 100.00 100.00 100.00 100.00 100.00 100.00 100.00 0.00 0.00 99.01 100.00 100.00 100.00 100.00 99.00
 %time 1481757579
 %usr 0.75 0.00 0.00 0.00 0.00 0.00 0.00 0.00 0.00 2.02 10.10 0.00 0.00 0.00 0.00 0.00 0.00
 %sys 0.81 1.01 0.00 0.00 0.00 0.00 0.00 0.00 0.00 2.02 6.06 0.00 0.00 0.00 0.00 0.99 0.00
 %idle 87.25 98.99 100.00 100.00 100.00 100.00 100.00 100.00 100.00 0.00 0.00 100.00 100.00 100.00 100.00 99.01 100.00
 %time 1481757580
 %usr 0.13 0.00 0.00 0.00 0.00 0.00 0.00 0.00 0.00 1.00 1.00 0.00 0.00 0.00 0.00 0.00 0.00
 %sys 0.25 0.00 0.99 1.00 0.00 0.00 0.00 0.00 0.00 1.00 2.00 0.00 0.99 0.00 0.00 0.00 0.00
 %idle 87.49 100.00 99.01 99.00 100.00 100.00 100.00 100.00 100.00 0.00 0.00 100.00 99.01 100.00 100.00 100.00 100.00
 %time 1481757581
 %usr 0.12 0.00 0.00 0.00 0.00 0.00 0.00 0.00 0.00 1.00 1.00 0.00 0.00 0.00 0.00 0.00 0.00
 %sys 0.19 0.99 0.00 0.00 0.00 0.00 0.00 0.00 0.00 1.00 1.00 0.00 0.00 0.00 0.98 0.00 0.00
 %idle 87.44 99.01 100.00 100.00 100.00 100.00 100.00 100.00 100.00 0.00 0.00 100.00 100.00 100.00 99.02 100.00 100.00
 %time 1481757583
 %usr 0.31 0.00 0.00 0.00 0.00 0.00 0.00 0.00 0.00 0.99 4.95 0.00 0.00 0.00 0.00 0.00 0.00
 %sys 0.25 0.00 0.99 0.99 0.00 0.00 0.00 0.00 0.00 0.99 2.97 0.00 0.00 0.00 0.00 0.00 0.00
 %idle 87.49 100.00 99.01 99.01 100.00 100.00 100.00 100.00 100.00 0.00 0.00 100.00 100.00 100.00 100.00 100.00 100.00
 %time 1481757584
 %usr 0.25 0.00 0.00 0.00 0.00 0.00 0.00 0.00 0.00 0.99 3.00 0.00 0.00 0.00 0.00 0.00 0.00
 %sys 0.37 0.00 0.00 0.99 0.00 0.00 0.00 0.99 0.00 2.97 1.00 0.00 0.00 0.00 0.00 0.00 0.00
 %idle 87.38 100.00 100.00 99.01 100.00 100.00 100.00 99.01 100.00 0.00 0.00 100.00 100.00 100.00 100.00 100.00 100.00
 %time 1481757585
 %usr 0.50 0.00 0.00 0.00 0.00 0.00 0.00 0.00 0.00 3.00 5.00 0.00 0.00 0.00 0.00 0.00 0.00
 %sys 0.50 1.00 0.99 0.00 0.00 0.00 0.00 0.00 0.00 2.00 4.00 0.00 0.00 0.00 0.00 0.00 0.00
 %idle 87.32 99.00 99.01 100.00 100.00 100.00 100.00 100.00 100.00 0.00 0.00 100.00 100.00 100.00 100.00 100.00 100.00
 %time 1481757586
 %usr 0.44 0.00 0.00 0.00 0.00 0.00 0.00 0.00 0.00 3.00 3.00 0.00 0.00 0.00 0.00 0.00 0.00
 %sys 0.50 0.99 0.00 0.00 0.00 0.00 0.00 0.00 0.00 3.00 3.00 1.00 0.00 0.00 0.00 0.00 0.99
 %idle 87.32 99.01 100.00 100.00 100.00 100.00 100.00 100.00 100.00 0.00 0.00 99.00 100.00 100.00 100.00 100.00 99.01
 %time 1481757587
 %usr 0.62 0.00 0.00 0.00 0.00 0.00 0.00 0.00 0.00 4.95 6.00 0.00 0.00 0.00 0.00 0.00 0.00
 %sys 0.62 1.00 0.00 0.00 0.00 0.00 0.99 0.00 0.00 3.96 3.00 0.00 0.99 0.00 0.00 0.00 0.00
 %idle 87.32 99.00 100.00 100.00 100.00 100.00 99.01 100.00 100.00 0.00 0.00 100.00 99.01 100.00 100.00 100.00 100.00
 %time 1481757588
 %usr 0.81 0.00 0.00 0.00 0.00 0.00 0.00 0.00 0.00 4.95 8.00 0.00 0.00 0.00 0.00 0.00 0.00
 %sys 0.69 1.98 0.00 0.00 0.00 0.99 0.00 1.00 0.00 3.96 5.00 1.00 0.00 0.00 0.00 0.00 0.00
 %idle 87.36 98.02 100.00 100.00 100.00 99.01 100.00 99.00 100.00 0.00 0.00 99.00 100.00 100.00 100.00 100.00 100.00
 %time 1481757589
 %usr 0.88 0.00 0.00 0.00 0.00 0.00 0.00 0.00 0.00 6.93 7.07 0.00 0.00 0.00 0.00 0.00 0.00
 %sys 0.94 1.00 0.99 0.00 0.00 0.00 1.00 0.99 0.99 4.95 4.04 0.00 0.00 0.00 0.99 0.00 1.00
 %idle 87.12 99.00 99.01 100.00 100.00 100.00 99.00 99.01 99.01 0.00 0.00 100.00 100.00 100.00 99.01 100.00 99.00
 %time 1481757590
 %usr 0.62 0.00 0.00 0.00 0.00 0.00 0.00 0.00 0.00 8.91 1.01 0.00 0.00 0.00 0.00 0.00 0.00
 %sys 0.69 0.00 0.00 0.00 0.00 0.00 0.00 0.00 0.00 5.94 2.02 0.99 0.00 0.99 0.00 0.00 0.00
 %idle 87.31 100.00 100.00 100.00 100.00 100.00 100.00 100.00 100.00 0.00 0.00 99.01 100.00 99.01 100.00 100.00 100.00
 %time 1481757591
 %usr 0.88 0.00 0.00 0.00 0.00 0.00 0.00 0.00 0.00 7.92 6.93 0.00 0.00 0.00 0.00 0.00 0.00
 %sys 0.81 0.00 0.00 0.00 0.00 0.00 0.00 0.00 0.00 4.95 5.94 0.00 0.00 0.00 0.99 0.00 0.00
 %idle 87.31 100.00 100.00 100.00 100.00 100.00 100.00 100.00 100.00 0.00 0.00 100.00 100.00 100.00 99.01 100.00 100.00
 %time 1481757593
 %usr 0.81 0.00 0.00 0.00 0.00 0.00 0.00 0.00 0.00 4.04 9.90 0.00 0.00 0.00 0.00 0.00 0.00
 %sys 0.75 1.00 0.00 0.00 0.00 0.00 0.00 0.99 0.00 2.02 6.93 0.00 0.99 0.00 0.00 0.00 1.00
 %idle 87.31 99.00 100.00 100.00 100.00 100.00 100.00 99.01 100.00 0.00 0.00 100.00 99.01 100.00 100.00 100.00 99.00
 %time 1481757594
 %usr 0.50 0.00 0.00 0.00 0.00 0.00 0.00 0.00 0.00 3.00 5.00 0.00 0.00 0.00 0.00 0.00 0.00
 %sys 0.62 0.00 0.00 0.00 0.00 0.00 1.00 0.00 0.00 3.00 3.00 0.99 1.00 0.00 0.00 0.00 0.00
 %idle 87.27 100.00 100.00 100.00 100.00 100.00 99.00 100.00 100.00 0.00 0.00 99.01 99.00 100.00 100.00 100.00 100.00
 %time 1481757595
 %usr 1.00 0.00 0.00 0.00 0.00 0.00 0.00 0.00 0.00 5.00 9.00 0.00 0.00 0.00 0.00 0.00 0.00
 %sys 0.87 0.00 0.00 0.00 0.00 0.00 0.00 0.00 0.00 4.00 7.00 0.00 1.00 0.00 0.00 0.00 0.00
 %idle 87.27 100.00 100.00 100.00 100.00 100.00 100.00 100.00 100.00 0.00 0.00 100.00 99.00 100.00 100.00 100.00 100.00
 %time 1481757596
 %usr 0.81 0.00 0.00 0.00 0.00 0.00 0.00 0.00 0.00 4.95 7.92 0.00 0.00 0.00 0.00 0.00 0.00
 %sys 0.87 0.99 0.00 0.00 0.00 0.00 0.00 0.00 0.00 4.95 5.94 1.00 0.00 0.00 0.00 0.00 1.00
 %idle 87.27 99.01 100.00 100.00 100.00 100.00 100.00 100.00 100.00 0.00 0.00 99.00 100.00 100.00 100.00 100.00 99.00
 %time 1481757597
 %usr 0.69 0.00 0.00 0.00 0.00 0.00 0.00 0.00 0.00 4.00 5.94 0.00 0.00 0.00 0.00 0.00 0.00
 %sys 0.69 0.99 0.00 0.00 0.00 0.00 1.00 1.00 0.00 4.00 3.96 0.00 0.99 0.99 0.99 0.00 0.00
 %idle 87.26 99.01 100.00 100.00 100.00 100.00 99.00 99.00 100.00 0.00 0.00 100.00 99.01 99.01 99.01 100.00 100.00
 %time 1481757598
 %usr 0.69 0.00 0.00 0.00 0.00 0.00 0.00 0.00 0.00 8.08 4.00 0.00 0.00 0.00 0.00 0.00 0.00
 %sys 0.56 0.00 0.00 0.00 0.00 0.00 0.00 0.00 0.00 4.04 3.00 0.00 0.00 0.00 0.00 0.00 0.00
 %idle 87.43 100.00 100.00 100.00 100.00 100.00 100.00 100.00 100.00 0.00 0.00 100.00 100.00 100.00 100.00 100.00 100.00
 %time 1481757599
 %usr 0.69 0.00 0.00 0.00 0.00 0.00 0.00 0.00 0.00 4.04 6.00 0.00 0.00 0.00 0.00 0.00 0.00
 %sys 0.69 1.00 0.00 0.00 0.00 0.00 0.00 0.00 0.00 3.03 4.00 1.00 0.00 0.00 0.99 0.00 0.00
 %idle 87.32 99.00 100.00 100.00 100.00 100.00 100.00 100.00 100.00 0.00 0.00 99.00 100.00 100.00 99.01 100.00 100.00
 %time 1481757601
 %usr 0.88 0.00 0.00 0.00 0.00 0.00 0.00 0.00 0.00 8.91 4.95 0.00 0.00 0.00 0.00 0.00 0.00
 %sys 0.81 1.00 0.00 0.00 0.00 0.00 1.00 0.00 0.00 7.92 3.96 0.00 0.00 0.00 0.99 0.00 0.00
 %idle 87.31 99.00 100.00 100.00 100.00 100.00 99.00 100.00 100.00 0.00 0.00 100.00 100.00 100.00 99.01 100.00 100.00
 %time 1481757602
 %usr 0.44 0.98 0.00 0.00 0.00 0.00 0.00 0.00 0.00 4.04 3.96 0.00 0.00 0.00 0.00 0.00 0.00
 %sys 0.62 1.96 0.00 0.00 0.00 0.00 0.99 0.00 0.00 2.02 3.96 0.00 1.00 0.00 0.99 0.00 0.00
 %idle 87.25 97.06 100.00 100.00 100.00 100.00 99.01 100.00 100.00 0.00 0.00 100.00 99.00 100.00 99.01 100.00 100.00
 %time 1481757603
 %usr 1.06 0.00 0.00 0.00 0.00 0.00 0.00 0.00 0.00 4.00 13.86 0.00 0.00 0.00 0.00 0.00 0.00
 %sys 0.94 1.00 0.00 0.00 0.00 0.00 0.00 0.99 0.00 3.00 8.91 0.00 0.00 0.00 0.00 0.00 0.00
 %idle 87.36 99.00 100.00 100.00 100.00 100.00 100.00 99.01 100.00 0.00 0.00 100.00 100.00 100.00 100.00 100.00 100.00
 %time 1481757605
 %usr 0.81 0.00 0.00 0.00 0.00 0.00 0.00 0.00 0.00 3.96 8.00 0.00 0.00 0.00 0.00 0.00 0.00
 %sys 0.81 1.98 1.00 0.00 0.00 0.00 0.00 0.00 0.00 2.97 7.00 1.00 0.00 0.00 0.00 0.00 0.00
 %idle 87.20 98.02 99.00 100.00 100.00 100.00 100.00 100.00 100.00 0.00 0.00 99.00 100.00 100.00 100.00 100.00 100.00
 %time 1481757606
 %usr 0.75 0.00 0.00 0.00 0.00 0.00 0.00 0.00 0.00 4.04 8.00 0.00 0.00 0.00 0.00 0.00 0.00
 %sys 0.69 0.99 0.00 0.00 0.00 0.99 0.00 0.00 0.00 3.03 5.00 0.00 0.00 0.00 0.00 0.99 0.00
 %idle 87.31 99.01 100.00 100.00 100.00 99.01 100.00 100.00 100.00 0.00 0.00 100.00 100.00 100.00 100.00 99.01 100.00
 %time 1481757607
 %usr 0.94 0.00 0.00 0.00 0.00 0.00 0.00 0.00 0.00 4.00 12.00 0.00 0.00 0.00 0.00 0.00 0.00
 %sys 0.87 1.00 0.00 0.00 0.00 0.00 0.00 0.00 0.00 3.00 7.00 0.00 0.00 0.00 0.00 0.00 0.00
 %idle 87.07 99.00 100.00 100.00 97.00 100.00 100.00 100.00 100.00 0.00 0.00 100.00 100.00 100.00 100.00 100.00 100.00
 %time 1481757608
 %usr 0.56 0.00 0.00 0.00 0.00 0.00 0.00 0.00 0.00 0.00 7.07 0.00 0.00 0.00 0.00 0.00 0.00
 %sys 0.62 0.00 0.00 0.00 0.00 0.00 0.00 0.00 0.00 2.02 5.05 0.99 0.00 0.00 0.00 0.00 0.00
 %idle 87.32 100.00 100.00 100.00 100.00 100.00 100.00 100.00 100.00 0.00 0.00 99.01 100.00 100.00 100.00 100.00 100.00
 %time 1481757609
 %usr 0.81 0.00 0.00 0.00 0.00 0.00 0.00 0.00 0.00 7.07 4.95 0.00 0.00 0.00 0.00 0.00 0.00
 %sys 0.69 0.99 0.00 0.00 0.00 0.00 0.99 0.00 0.00 5.05 2.97 0.00 0.00 0.00 0.00 0.00 1.00
 %idle 87.31 99.01 100.00 100.00 100.00 100.00 99.01 100.00 100.00 0.00 0.00 100.00 100.00 100.00 100.00 100.00 99.00
 %time 1481757610
 %usr 0.38 0.00 0.00 0.00 0.00 0.00 0.00 0.00 0.00 3.92 2.00 0.00 0.00 0.00 0.00 0.00 0.00
 %sys 0.38 0.00 0.00 0.00 0.00 0.00 0.00 0.00 0.00 2.94 3.00 0.99 0.00 0.00 0.00 0.00 0.00
 %idle 87.43 100.00 100.00 100.00 100.00 100.00 100.00 100.00 100.00 0.00 0.00 99.01 100.00 100.00 100.00 100.00 100.00
 %time 1481757611
 %usr 0.69 0.00 0.00 0.00 0.00 0.00 0.00 0.00 0.00 4.00 6.06 0.00 0.00 0.00 0.00 0.00 0.00
 %sys 0.69 0.99 0.00 0.00 0.00 0.00 0.00 0.99 0.00 4.00 4.04 1.00 0.00 0.00 0.00 0.00 0.00
 %idle 87.26 99.01 100.00 100.00 100.00 100.00 100.00 99.01 100.00 0.00 0.00 99.00 100.00 100.00 100.00 100.00 100.00
 %time 1481757613
 %usr 0.75 0.00 0.00 0.00 0.00 0.00 0.00 0.00 0.00 7.00 4.00 0.00 0.00 0.00 0.00 0.00 0.00
 %sys 0.75 0.00 0.00 0.00 0.00 0.00 0.99 0.00 0.00 6.00 4.00 0.00 0.00 0.00 0.00 0.00 0.00
 %idle 87.32 100.00 100.00 100.00 100.00 100.00 99.01 100.00 100.00 0.00 0.00 100.00 100.00 100.00 100.00 100.00 100.00
 %time 1481757614
 %usr 0.81 0.00 0.00 0.00 0.00 0.00 0.00 0.00 0.00 6.86 6.00 0.00 0.00 0.00 0.00 0.00 0.00
 %sys 0.69 0.00 0.00 0.00 0.00 0.99 0.00 0.99 0.00 4.90 4.00 0.00 0.00 0.00 0.00 0.00 0.99
 %idle 87.32 100.00 100.00 100.00 100.00 99.01 100.00 99.01 100.00 0.00 0.00 100.00 100.00 100.00 100.00 100.00 99.01
 %time 1481757615
 %usr 0.63 0.00 0.00 0.00 0.00 0.00 0.00 0.00 0.00 6.06 4.04 0.00 0.00 0.00 0.00 0.00 0.00
 %sys 0.63 1.00 0.00 0.00 0.00 0.00 0.00 0.00 0.00 4.04 3.03 0.99 0.00 0.00 0.00 0.00 0.00
 %idle 87.43 99.00 100.00 100.00 100.00 100.00 100.00 100.00 100.00 0.00 0.00 99.01 100.00 100.00 100.00 100.00 100.00
 %time 1481757616
 %usr 0.12 0.00 0.00 0.00 0.00 0.00 0.00 0.00 0.00 1.00 0.00 0.00 0.00 0.00 0.00 0.00 0.00
 %sys 0.12 0.00 0.00 0.00 0.00 0.00 0.00 0.00 0.00 1.00 0.00 0.99 0.00 0.00 0.00 0.00 0.00
 %idle 87.45 100.00 100.00 100.00 100.00 100.00 100.00 100.00 100.00 0.00 0.00 99.01 100.00 100.00 100.00 100.00 100.00
 %time 1481757617
 %usr 0.25 0.00 0.00 0.00 0.00 0.00 0.00 0.00 0.00 0.00 3.96 0.00 0.00 0.00 0.00 0.00 0.00
 %sys 0.19 0.00 0.00 0.00 0.00 0.00 0.00 0.00 0.00 0.00 2.97 0.00 0.00 0.00 0.00 0.00 0.00
 %idle 87.49 100.00 100.00 100.00 100.00 100.00 100.00 100.00 100.00 0.00 0.00 100.00 100.00 100.00 100.00 100.00 100.00
 %time 1481757618
 %usr 0.12 0.00 0.00 0.00 0.00 0.00 0.00 0.00 0.00 1.00 0.00 0.00 0.00 0.00 0.00 0.00 0.00
 %sys 0.25 0.99 0.00 0.00 0.00 0.00 0.00 0.00 0.99 1.00 1.00 0.99 0.00 0.00 0.00 0.00 0.00
 %idle 87.33 99.01 100.00 100.00 100.00 100.00 100.00 100.00 99.01 0.00 0.00 99.01 100.00 100.00 100.00 100.00 100.00
 %time 1481757619
 %usr 0.37 0.00 0.00 0.00 0.00 0.00 0.00 0.00 0.00 2.00 4.04 0.00 0.00 0.00 0.00 0.00 0.00
 %sys 0.56 0.00 0.00 0.00 0.00 0.00 0.00 0.00 0.00 3.00 3.03 0.00 0.00 0.00 0.00 0.00 0.00
 %idle 87.33 100.00 100.00 100.00 100.00 100.00 100.00 100.00 100.00 0.00 0.00 100.00 100.00 100.00 100.00 100.00 100.00
 %time 1481757621
 %usr 0.81 0.00 0.00 0.00 0.00 0.00 0.00 0.00 0.00 5.05 6.00 0.00 0.00 0.00 0.00 0.00 0.00
 %sys 0.62 0.00 0.99 0.00 0.00 0.00 0.00 0.00 0.00 3.03 5.00 0.99 0.00 0.00 0.00 0.00 0.00
 %idle 87.33 100.00 99.01 100.00 100.00 100.00 100.00 100.00 100.00 0.00 0.00 99.01 100.00 100.00 100.00 100.00 100.00
 %time 1481757622
 %usr 0.75 0.00 0.00 0.00 0.00 0.00 0.00 0.00 0.00 2.00 10.00 0.00 0.00 0.00 0.00 0.00 0.00
 %sys 0.81 1.00 0.00 0.00 0.00 0.00 0.99 1.00 1.00 3.00 6.00 0.99 0.99 0.00 0.00 0.00 0.99
 %idle 87.25 99.00 100.00 100.00 100.00 100.00 99.01 99.00 99.00 0.00 0.00 99.01 99.01 100.00 100.00 100.00 99.01
 %time 1481757623
 %usr 0.69 0.00 0.00 0.00 0.00 0.00 0.00 0.00 0.00 8.00 3.00 0.00 0.00 0.00 0.00 0.00 0.00
 %sys 0.69 0.00 0.00 0.00 0.99 0.00 0.00 0.00 0.99 7.00 1.00 0.99 0.00 0.99 0.00 0.00 0.00
 %idle 87.31 100.00 100.00 100.00 99.01 100.00 100.00 100.00 99.01 0.00 0.00 99.01 100.00 99.01 100.00 100.00 100.00
 %time 1481757624
 %usr 1.00 0.00 0.00 0.00 0.00 0.00 0.00 0.00 0.00 6.06 9.90 0.00 0.00 0.00 0.00 0.00 0.00
 %sys 1.00 0.00 0.00 1.00 0.00 0.00 0.00 0.99 0.00 3.03 8.91 0.00 0.99 0.00 0.00 0.00 0.00
 %idle 87.25 100.00 100.00 99.00 100.00 100.00 100.00 99.01 100.00 0.00 0.00 100.00 99.01 100.00 100.00 100.00 100.00
 %time 1481757625
 %usr 0.75 0.00 0.00 0.00 0.00 0.00 0.00 0.00 0.00 3.00 9.00 0.00 0.00 0.00 0.00 0.00 0.00
 %sys 0.69 0.00 0.00 0.00 0.00 0.00 0.00 0.00 0.00 3.00 5.00 0.99 0.00 0.00 0.00 0.00 0.99
 %idle 87.38 100.00 100.00 100.00 100.00 100.00 100.00 100.00 100.00 0.00 0.00 99.01 100.00 100.00 100.00 100.00 99.01
 %time 1481757626
 %usr 0.94 0.00 0.00 0.00 0.00 0.00 0.00 0.00 0.00 4.00 11.11 0.00 0.00 0.00 0.00 0.00 0.00
 %sys 0.88 0.00 0.00 0.00 0.00 0.00 0.00 0.00 0.00 3.00 8.08 0.00 0.00 0.00 0.00 0.00 0.00
 %idle 87.31 100.00 100.00 100.00 100.00 100.00 100.00 100.00 100.00 0.00 0.00 100.00 100.00 100.00 100.00 100.00 100.00
 %time 1481757627
 %usr 0.62 0.00 0.00 0.00 0.00 0.00 0.00 0.00 0.00 3.00 6.93 0.00 0.00 0.00 0.00 0.00 0.00
 %sys 0.56 0.00 0.00 0.00 0.00 0.00 0.00 0.99 0.00 4.00 3.96 0.99 0.00 0.00 0.99 0.00 0.00
 %idle 87.38 100.00 100.00 100.00 100.00 100.00 100.00 99.01 100.00 0.00 0.00 99.01 100.00 100.00 99.01 100.00 100.00
 %time 1481757628
 %usr 0.56 0.00 0.00 0.00 0.00 0.00 0.00 0.00 0.00 4.00 4.00 0.00 0.00 0.00 0.00 0.00 0.00
 %sys 0.56 1.00 1.00 0.99 0.00 0.00 0.00 0.00 0.00 4.00 3.00 0.00 0.00 0.00 0.00 0.00 0.00
 %idle 87.38 99.00 99.00 99.01 100.00 100.00 100.00 100.00 100.00 0.00 0.00 100.00 100.00 100.00 100.00 100.00 100.00
 %time 1481757630
 %usr 0.69 0.00 0.00 0.00 0.00 0.00 0.00 0.00 0.00 4.95 5.00 0.00 0.00 0.00 0.00 0.00 0.00
 %sys 0.75 0.00 0.00 0.00 0.00 0.00 0.00 0.99 0.00 3.96 5.00 0.99 0.00 0.00 0.00 0.00 0.00
 %idle 87.26 100.00 100.00 100.00 100.00 100.00 100.00 99.01 100.00 0.00 0.00 99.01 100.00 100.00 100.00 100.00 100.00
 %time 1481757631
 %usr 0.81 0.00 1.00 0.00 0.00 0.00 0.00 0.00 0.00 4.95 7.00 0.00 0.00 0.00 0.00 0.00 0.00
 %sys 0.69 1.00 0.00 0.99 0.00 0.00 0.00 0.00 0.00 2.97 6.00 0.00 0.00 0.00 0.00 0.00 0.99
 %idle 87.26 99.00 99.00 99.01 100.00 100.00 100.00 100.00 100.00 0.00 0.00 100.00 100.00 100.00 100.00 100.00 99.01
 %time 1481757632
 %usr 0.81 0.00 0.00 0.00 0.00 0.00 0.00 0.00 0.00 4.00 8.91 0.00 0.00 0.00 0.00 0.00 0.00
 %sys 0.94 2.00 0.00 0.00 0.00 0.00 1.00 1.00 0.00 4.00 5.94 0.99 0.00 0.00 0.00 0.00 0.00
 %idle 87.13 98.00 100.00 100.00 100.00 100.00 99.00 99.00 100.00 0.00 0.00 99.01 100.00 100.00 100.00 100.00 100.00
 %time 1481757633
 %usr 0.69 0.00 0.00 0.00 0.00 0.00 0.00 0.00 0.00 6.86 4.95 0.00 0.00 0.00 0.00 0.00 0.00
 %sys 0.69 1.00 0.99 0.00 0.00 0.00 0.00 0.00 0.00 4.90 3.96 0.00 0.00 0.00 0.00 0.00 1.00
 %idle 87.26 99.00 99.01 100.00 100.00 100.00 100.00 100.00 100.00 0.00 0.00 100.00 100.00 100.00 100.00 100.00 99.00
 %time 1481757634
 %usr 0.56 0.00 0.00 0.00 0.00 0.00 0.00 0.00 0.00 4.95 4.00 0.00 0.00 0.00 0.00 0.00 0.00
 %sys 0.62 1.00 0.00 1.00 0.00 0.00 0.00 0.00 0.99 2.97 5.00 0.00 0.00 0.00 0.00 0.00 0.00
 %idle 87.31 99.00 100.00 99.00 100.00 100.00 100.00 100.00 99.01 0.00 0.00 100.00 100.00 100.00 100.00 100.00 100.00
 %time 1481757635
 %usr 0.81 0.00 0.00 0.00 0.00 0.00 0.00 0.00 0.00 5.05 8.00 0.00 0.00 0.00 0.00 0.00 0.00
 %sys 0.81 1.01 1.00 0.99 0.00 0.00 0.99 0.99 0.00 4.04 4.00 0.99 0.99 0.00 0.00 0.00 0.99
 %idle 87.25 98.99 99.00 99.01 100.00 100.00 99.01 99.01 100.00 0.00 0.00 99.01 99.01 100.00 100.00 100.00 99.01
 %time 1481757636
 %usr 0.69 0.00 0.00 0.00 0.00 0.00 0.00 0.00 0.00 7.00 4.95 0.00 0.00 0.00 0.00 0.00 0.00
 %sys 0.81 2.00 1.00 0.00 1.00 0.00 0.00 0.00 0.00 4.00 4.95 0.00 0.00 0.00 0.00 0.00 0.00
 %idle 87.24 98.00 99.00 100.00 99.00 100.00 100.00 100.00 100.00 0.00 0.00 100.00 100.00 100.00 100.00 100.00 100.00
 %time 1481757637
 %usr 1.06 0.00 0.00 0.00 0.00 0.00 0.00 0.00 0.00 5.00 12.12 0.00 0.00 0.00 0.00 0.00 0.00
 %sys 1.12 1.00 1.00 0.00 0.00 0.00 0.99 0.99 0.00 3.00 9.09 0.00 0.00 0.00 0.00 0.00 0.00
 %idle 87.13 99.00 99.00 100.00 100.00 100.00 99.01 99.01 100.00 0.00 0.00 100.00 100.00 100.00 100.00 100.00 100.00
 %time 1481757638
 %usr 0.81 0.00 0.00 0.00 0.00 0.00 0.00 0.00 0.00 3.00 10.00 0.00 0.00 0.00 0.00 0.00 0.00
 %sys 1.06 1.00 4.00 1.00 0.00 0.00 0.00 0.00 0.00 3.00 7.00 0.00 0.00 0.00 0.00 0.00 0.00
 %idle 87.06 99.00 96.00 99.00 100.00 100.00 100.00 100.00 100.00 0.00 0.00 100.00 100.00 100.00 100.00 100.00 100.00
 %time 1481757640
 %usr 0.81 0.00 0.00 0.00 0.00 0.00 0.00 0.00 0.00 6.00 7.92 0.00 0.00 0.00 0.00 0.00 0.00
 %sys 1.06 1.00 0.00 0.99 0.00 0.99 0.00 0.00 0.00 4.00 4.95 0.99 0.00 0.00 0.99 0.99 1.00
 %idle 87.01 99.00 100.00 99.01 100.00 99.01 100.00 100.00 100.00 0.00 0.00 99.01 100.00 100.00 99.01 99.01 99.00
 %time 1481757641
 %usr 0.50 0.00 0.00 0.00 0.00 0.00 0.00 0.00 0.00 3.03 5.88 0.00 0.00 0.00 0.00 0.00 0.00
 %sys 0.44 0.00 0.00 0.00 0.00 0.00 0.00 0.00 0.00 1.01 3.92 0.00 0.00 1.00 0.00 0.00 0.00
 %idle 87.38 100.00 100.00 100.00 100.00 100.00 100.00 100.00 100.00 0.00 0.00 100.00 100.00 99.00 100.00 100.00 100.00
 %time 1481757642
 %usr 4.06 0.00 0.00 0.00 0.00 0.00 0.00 0.00 0.00 3.00 62.00 0.00 0.00 0.00 0.00 0.00 0.00
 %sys 0.44 1.00 0.00 0.99 0.00 0.00 0.00 0.99 0.00 2.00 2.00 0.00 0.00 0.00 0.00 0.00 1.00
 %idle 87.38 99.00 100.00 99.01 100.00 100.00 100.00 99.01 100.00 0.00 0.00 100.00 100.00 100.00 100.00 100.00 99.00
 %time 1481757643
 %usr 6.75 0.00 0.00 0.00 0.00 0.00 0.00 0.00 0.00 8.00 100.00 0.00 0.00 0.00 0.00 0.00 0.00
 %sys 0.50 1.00 0.00 0.00 0.00 0.00 0.00 0.00 0.00 6.00 0.00 0.00 0.00 0.00 0.00 0.00 0.00
 %idle 87.37 99.00 100.00 100.00 100.00 100.00 100.00 100.00 100.00 0.00 0.00 100.00 100.00 100.00 100.00 100.00 100.00
 %time 1481757644
 %usr 6.87 0.00 0.00 0.00 0.00 0.00 0.00 0.00 0.00 10.10 100.00 0.00 0.00 0.00 0.00 0.00 0.00
 %sys 0.75 1.00 0.99 1.00 0.99 0.99 0.00 0.00 0.00 7.07 0.00 0.00 0.00 0.00 0.00 0.00 0.00
 %idle 87.26 99.00 99.01 99.00 99.01 99.01 100.00 100.00 100.00 0.00 0.00 100.00 100.00 100.00 100.00 100.00 100.00
 %time 1481757645
 %usr 7.01 0.00 0.00 0.00 0.00 0.00 0.00 0.00 0.00 12.12 100.00 0.00 0.00 0.00 0.00 0.00 0.00
 %sys 0.69 1.00 0.00 1.00 0.00 0.00 0.00 0.99 0.00 8.08 0.00 0.00 0.00 0.00 0.00 0.00 0.00
 %idle 87.36 99.00 100.00 99.00 100.00 100.00 100.00 99.01 100.00 0.00 0.00 100.00 100.00 100.00 100.00 100.00 100.00
 %time 1481757646
 %usr 7.55 0.00 0.00 0.00 0.00 0.00 0.00 0.00 0.00 20.00 100.00 0.00 0.00 0.00 0.00 0.00 0.00
 %sys 1.25 2.00 1.98 2.00 0.00 0.00 0.00 0.00 0.00 14.00 0.00 0.00 0.00 0.00 0.00 0.00 0.00
 %idle 87.02 98.00 98.02 98.00 100.00 100.00 100.00 100.00 100.00 0.00 0.00 100.00 100.00 100.00 100.00 100.00 100.00
 %time 1481757647
 %usr 7.12 0.00 0.00 0.00 0.00 0.00 0.00 0.00 0.00 13.13 100.00 0.00 0.00 0.00 0.00 0.00 0.00
 %sys 0.69 0.00 0.00 0.00 0.00 0.00 0.99 0.00 0.00 8.08 0.00 0.99 0.00 0.00 0.98 0.00 0.00
 %idle 87.31 100.00 100.00 100.00 100.00 100.00 99.01 100.00 100.00 0.00 0.00 99.01 100.00 100.00 99.02 100.00 100.00
 %time 1481757649
 %usr 7.63 0.00 0.00 0.00 0.00 0.00 0.00 0.00 0.00 21.21 100.00 0.00 0.00 0.00 0.00 0.00 0.00
 %sys 1.13 1.00 1.00 0.00 0.00 0.00 0.00 0.00 1.00 14.14 0.00 0.00 0.00 0.00 0.00 0.00 1.00
 %idle 87.24 99.00 99.00 100.00 100.00 100.00 100.00 100.00 99.00 0.00 0.00 100.00 100.00 100.00 100.00 100.00 99.00
 %time 1481757650
 %usr 7.38 0.00 0.00 0.00 0.00 0.00 0.00 0.00 0.00 18.81 100.00 0.00 0.00 0.00 0.00 0.00 0.00
 %sys 1.00 0.00 1.00 0.00 0.00 0.00 0.99 1.00 0.00 12.87 0.00 0.00 0.00 0.00 0.00 0.00 0.00
 %idle 87.05 100.00 99.00 100.00 94.95 100.00 99.01 99.00 100.00 0.00 0.00 100.00 100.00 100.00 100.00 100.00 100.00
 %time 1481757651
 %usr 10.99 0.00 0.00 0.00 0.00 0.00 0.00 0.00 0.00 75.25 100.00 0.00 0.00 0.00 0.00 0.00 0.00
 %sys 0.12 0.00 0.00 0.00 0.00 0.00 0.00 0.00 0.00 1.98 0.00 0.00 0.00 0.00 0.00 0.00 0.00
 %idle 87.45 100.00 100.00 100.00 100.00 100.00 100.00 100.00 100.00 0.00 0.00 100.00 100.00 100.00 100.00 100.00 100.00
 %time 1481757652
 %usr 12.49 0.00 0.00 0.00 0.00 0.00 0.00 0.00 0.00 100.00 100.00 0.00 0.00 0.00 0.00 0.00 0.00
 %sys 0.06 0.00 0.00 0.00 0.00 0.00 0.00 0.00 0.00 0.00 0.00 0.99 0.00 0.00 0.00 0.00 0.00
 %idle 87.45 100.00 100.00 100.00 100.00 100.00 100.00 100.00 100.00 0.00 0.00 99.01 100.00 100.00 100.00 100.00 100.00
 %time 1481757653
 %usr 12.50 0.00 0.00 0.00 0.00 0.00 0.00 0.00 0.00 100.00 100.00 0.00 0.00 0.00 0.00 0.00 0.00
 %sys 0.00 0.00 0.99 0.00 0.00 0.00 0.00 0.00 0.00 0.00 0.00 0.00 0.00 0.00 0.00 0.00 0.00
 %idle 87.50 100.00 99.01 100.00 100.00 100.00 100.00 100.00 100.00 0.00 0.00 100.00 100.00 100.00 100.00 100.00 100.00
 %time 1481757654
 %usr 12.50 0.00 0.00 0.00 0.00 0.00 0.00 0.00 0.00 100.00 100.00 0.00 0.00 0.00 0.00 0.00 0.00
 %sys 0.06 0.00 0.00 0.00 0.00 0.00 0.00 0.00 0.99 0.00 0.00 0.00 0.00 0.00 0.00 0.00 0.00
 %idle 87.44 100.00 100.00 100.00 100.00 100.00 100.00 100.00 99.01 0.00 0.00 100.00 100.00 100.00 100.00 100.00 100.00
 %time 1481757655
 %usr 12.51 0.00 0.00 0.00 0.00 0.00 0.00 0.00 0.00 100.00 100.00 0.00 0.00 0.00 0.00 0.00 0.00
 %sys 0.06 1.98 0.00 0.00 0.00 0.00 0.00 0.00 0.00 0.00 0.00 0.00 0.00 0.00 0.00 0.00 0.00
 %idle 87.43 98.02 100.00 100.00 100.00 100.00 100.00 100.00 100.00 0.00 0.00 100.00 100.00 100.00 100.00 100.00 100.00
 %time 1481757656
 %usr 12.50 0.00 0.00 0.00 0.00 0.00 0.00 0.00 0.00 100.00 100.00 0.00 0.00 0.00 0.00 0.00 0.00
 %sys 0.06 0.99 0.00 0.00 0.00 0.00 0.00 0.00 0.00 0.00 0.00 0.00 0.00 0.00 0.00 0.00 0.00
 %idle 87.44 99.01 100.00 100.00 100.00 100.00 100.00 100.00 100.00 0.00 0.00 100.00 100.00 100.00 100.00 100.00 100.00
 %time 1481757657
 %usr 12.51 0.00 0.00 0.00 0.00 0.00 0.00 0.00 0.00 100.00 100.00 0.00 0.00 0.00 0.00 0.00 0.00
 %sys 0.00 0.00 0.00 0.00 0.00 0.00 0.00 0.00 0.00 0.00 0.00 0.00 0.00 0.00 0.00 0.00 0.00
 %idle 87.49 100.00 100.00 100.00 100.00 100.00 100.00 100.00 100.00 0.00 0.00 100.00 100.00 100.00 100.00 100.00 100.00
 %time 1481757659
 %usr 12.50 0.00 0.00 0.00 0.00 0.00 0.00 0.00 0.00 100.00 100.00 0.00 0.00 0.00 0.00 0.00 0.00
 %sys 0.00 0.00 0.00 0.00 0.00 0.00 0.00 0.00 0.00 0.00 0.00 0.00 0.00 0.00 0.00 0.00 0.00
 %idle 87.50 100.00 100.00 100.00 100.00 100.00 100.00 100.00 100.00 0.00 0.00 100.00 100.00 100.00 100.00 100.00 100.00
 %time 1481757660
 %usr 12.50 0.00 0.00 0.00 0.00 0.00 0.00 0.00 0.00 100.00 100.00 0.00 0.00 0.00 0.00 0.00 0.00
 %sys 0.00 0.99 0.00 0.00 0.00 0.00 0.00 0.00 0.00 0.00 0.00 0.00 0.00 0.00 0.00 0.00 0.00
 %idle 87.50 99.01 100.00 100.00 100.00 100.00 100.00 100.00 100.00 0.00 0.00 100.00 100.00 100.00 100.00 100.00 100.00
 %time 1481757661
 %usr 12.56 0.00 0.00 0.00 0.00 0.00 0.00 0.00 0.00 100.00 100.00 0.00 0.00 0.00 0.00 0.00 0.00
 %sys 0.00 0.00 0.00 0.00 0.00 0.00 0.00 0.00 0.00 0.00 0.00 0.00 0.00 0.00 0.00 0.00 0.00
 %idle 87.44 100.00 100.00 100.00 100.00 100.00 100.00 100.00 100.00 0.00 0.00 100.00 100.00 100.00 100.00 100.00 100.00
 %time 1481757662
 %usr 12.50 0.00 0.00 0.00 0.00 0.00 0.00 0.00 0.00 100.00 100.00 0.00 0.00 0.00 0.00 0.00 0.00
 %sys 0.06 0.00 0.00 0.00 0.00 0.00 0.00 0.00 0.00 0.00 0.00 0.00 0.00 0.00 0.00 0.00 0.00
 %idle 87.44 100.00 100.00 100.00 100.00 100.00 100.00 100.00 100.00 0.00 0.00 100.00 100.00 100.00 100.00 100.00 100.00
 %time 1481757663
 %usr 12.50 0.00 0.00 0.00 0.00 0.00 0.00 0.00 0.00 100.00 100.00 0.00 0.00 0.00 0.00 0.00 0.00
 %sys 0.00 0.00 0.00 0.00 0.00 0.00 0.00 0.00 0.00 0.00 0.00 0.00 0.00 0.00 0.00 0.00 0.00
 %idle 87.50 100.00 100.00 100.00 100.00 100.00 100.00 100.00 100.00 0.00 0.00 100.00 100.00 100.00 100.00 100.00 100.00
 %time 1481757664
 %usr 12.50 0.00 0.00 0.00 0.00 0.00 0.00 0.00 0.00 100.00 100.00 0.00 0.00 0.00 0.00 0.00 0.00
 %sys 0.19 1.00 0.99 0.00 0.00 0.00 0.00 0.00 0.00 0.00 0.00 0.00 0.00 0.00 0.99 0.00 0.00
 %idle 87.31 99.00 99.01 100.00 100.00 100.00 100.00 100.00 100.00 0.00 0.00 100.00 100.00 100.00 99.01 100.00 100.00
 %time 1481757666
 %usr 12.50 0.00 0.00 0.00 0.00 0.00 0.00 0.00 0.00 100.00 100.00 0.00 0.00 0.00 0.00 0.00 0.00
 %sys 0.00 0.00 0.00 0.00 0.00 0.00 0.00 0.00 0.00 0.00 0.00 0.00 0.00 0.00 0.00 0.00 0.00
 %idle 87.50 100.00 100.00 100.00 100.00 100.00 100.00 100.00 100.00 0.00 0.00 100.00 100.00 100.00 100.00 100.00 100.00
 %time 1481757667
 %usr 12.50 0.00 0.00 0.00 0.00 0.00 0.00 0.00 0.00 100.00 100.00 0.00 0.00 0.00 0.00 0.00 0.00
 %sys 0.06 0.00 0.00 0.00 0.00 0.00 0.00 0.00 0.00 0.00 0.00 0.00 0.00 0.00 0.00 0.00 0.00
 %idle 87.44 100.00 100.00 100.00 100.00 100.00 100.00 100.00 100.00 0.00 0.00 100.00 100.00 100.00 100.00 100.00 100.00
 %time 1481757668
 %usr 12.50 0.00 0.00 0.00 0.00 0.00 0.00 0.00 0.00 100.00 100.00 0.00 0.00 0.00 0.00 0.00 0.00
 %sys 0.06 0.00 0.00 0.00 0.00 0.00 0.00 0.00 0.00 0.00 0.00 0.00 0.00 0.00 0.00 0.00 0.00
 %idle 87.44 100.00 100.00 100.00 100.00 100.00 100.00 100.00 100.00 0.00 0.00 100.00 100.00 100.00 100.00 100.00 100.00
 %time 1481757670
 %usr 12.51 0.00 0.00 0.00 0.00 0.00 0.00 0.00 0.00 100.00 100.00 0.00 0.00 0.00 0.00 0.00 0.00
 %sys 0.00 0.00 0.00 0.00 0.00 0.00 0.00 0.00 0.00 0.00 0.00 0.00 0.00 0.00 0.00 0.00 0.00
 %idle 87.49 100.00 100.00 100.00 100.00 100.00 100.00 100.00 100.00 0.00 0.00 100.00 100.00 100.00 100.00 100.00 100.00
 %time 1481757671
 %usr 11.82 0.00 0.00 0.00 0.00 0.00 0.00 0.00 0.00 95.00 94.95 0.00 0.00 0.00 0.00 0.00 0.00
 %sys 0.06 0.00 0.00 0.00 0.00 0.00 0.00 0.00 0.00 0.00 0.00 0.00 0.00 0.00 0.00 0.00 0.00
 %idle 88.06 100.00 100.00 100.00 100.00 100.00 100.00 100.00 100.00 4.00 4.04 100.00 100.00 100.00 100.00 100.00 100.00
 %time 1481757672
 %usr 0.06 1.01 0.00 0.00 0.00 0.00 0.00 0.00 0.00 0.00 0.00 0.00 0.00 0.00 0.00 0.00 0.00
 %sys 0.06 0.00 0.00 0.00 0.00 0.99 0.00 0.00 0.00 0.00 0.00 0.00 0.00 0.99 0.00 0.00 0.00
 %idle 99.88 98.99 100.00 100.00 100.00 99.01 100.00 100.00 100.00 100.00 100.00 100.00 100.00 99.01 100.00 100.00 100.00
 %time 1481757673
 %usr 0.00 0.00 0.00 0.00 0.00 0.00 0.00 0.00 0.00 0.00 0.00 0.00 0.00 0.00 0.00 0.00 0.00
 %sys 0.06 0.99 0.00 0.00 0.00 0.00 0.00 0.00 0.00 0.00 0.00 0.00 0.00 0.00 0.00 0.00 0.00
 %idle 99.94 99.01 100.00 100.00 100.00 100.00 100.00 100.00 100.00 100.00 100.00 100.00 100.00 100.00 100.00 100.00 100.00
 %time 1481757674
 %usr 0.00 0.00 0.00 0.00 0.00 0.00 0.00 0.00 0.00 0.00 0.00 0.00 0.00 0.00 0.00 0.00 0.00
 %sys 0.12 1.00 0.00 0.00 0.00 0.00 0.00 0.00 0.00 0.00 0.00 0.00 0.00 0.00 0.00 0.00 0.00
 %idle 99.88 99.00 100.00 100.00 100.00 100.00 100.00 100.00 100.00 100.00 100.00 100.00 100.00 100.00 100.00 100.00 100.00
 %time 1481757675
 %usr 0.00 0.00 0.00 0.00 0.00 0.00 0.00 0.00 0.00 0.00 0.00 0.00 0.00 0.00 0.00 0.00 0.00
 %sys 0.12 1.01 0.00 0.00 0.00 0.00 0.00 0.00 0.00 0.00 0.00 0.00 0.00 0.00 0.00 0.00 0.00
 %idle 99.88 98.99 100.00 100.00 100.00 100.00 100.00 100.00 100.00 100.00 100.00 100.00 100.00 100.00 100.00 100.00 100.00
 %time 1481757676
 %usr 0.00 0.00 0.00 0.00 0.00 0.00 0.00 0.00 0.00 0.00 0.00 0.00 0.00 0.00 0.00 0.00 0.00
 %sys 0.00 0.00 0.00 0.00 0.00 0.00 0.00 0.00 0.00 0.00 0.00 0.00 0.00 0.00 0.00 0.00 0.00
 %idle 99.75 100.00 100.00 100.00 96.00 100.00 100.00 100.00 100.00 100.00 100.00 100.00 100.00 100.00 100.00 100.00 100.00
 %time 1481757678
 %usr 0.00 0.00 0.00 0.00 0.00 0.00 0.00 0.00 0.00 0.00 0.00 0.00 0.00 0.00 0.00 0.00 0.00
 %sys 0.06 0.99 0.99 0.00 0.00 0.00 0.00 0.00 0.00 0.00 0.00 0.00 0.00 0.00 0.00 0.00 0.00
 %idle 99.94 99.01 99.01 100.00 100.00 100.00 100.00 100.00 100.00 100.00 100.00 100.00 100.00 100.00 100.00 100.00 100.00
 %time 1481757679
 %usr 1.44 3.96 11.00 1.00 0.00 0.00 0.00 0.00 0.00 7.00 1.01 0.00 0.00 0.00 0.00 0.00 0.00
 %sys 0.31 0.99 2.00 0.00 0.00 0.00 0.00 0.99 0.00 0.00 1.01 0.00 0.00 0.99 0.00 0.00 0.00
 %idle 98.06 95.05 87.00 99.00 96.00 100.00 100.00 99.01 100.00 93.00 97.98 100.00 100.00 99.01 100.00 100.00 100.00
