#TIME Node0_NumHit Node1_NumHit Node0_NumMiss Node1_NumMiss Node0_Local Node1_Local Node0_Other Node1_Other Node0_Free Node1_Free Node0_Used Node1_Used
1481672838 12070193 12159016 8164 0 12067551 12146656 10806 12361 14761.95 13526.61 1572.66 2857.38
1481672839 12070222 12159047 8164 0 12067581 12146687 10806 12361 14761.19 13526.73 1573.41 2857.30
1481672840 12070252 12159079 8164 0 12067611 12146718 10806 12361 14761.10 13527.34 1573.52 2857.06
1481672842 12070281 12159111 8164 0 12067639 12146751 10806 12361 14760.84 13526.81 1572.98 2856.82
1481672843 12070311 12159144 8164 0 12067669 12146783 10806 12361 14761.54 13526.34 1573.11 2857.68
1481672844 12070341 12159177 8164 0 12067699 12146816 10806 12361 14760.74 13527.05 1573.45 2856.59
1481672845 12070373 12159208 8164 0 12067731 12146847 10806 12361 14761.22 13527.21 1573.40 2857.16
1481672846 12070404 12159240 8164 0 12067762 12146880 10806 12361 14760.83 13527.30 1574.17 2857.48
1481672847 12070437 12159271 8164 0 12067795 12146911 10806 12361 14761.11 13526.27 1573.51 2856.98
1481672848 12070467 12159303 8164 0 12067826 12146943 10806 12361 14761.16 13526.64 1573.42 2856.98
1481672849 12070497 12159336 8164 0 12067855 12146975 10806 12361 14761.31 13526.76 1573.09 2856.73
1481672850 12070528 12159367 8164 0 12067887 12147007 10806 12361 14760.91 13526.34 1572.91 2857.61
1481672852 12070559 12159399 8164 0 12067917 12147039 10806 12361 14760.66 13526.72 1573.52 2857.29
1481672853 12070590 12159432 8164 0 12067948 12147071 10806 12361 14760.98 13526.72 1573.27 2857.29
1481672854 12070622 12159463 8164 0 12067980 12147102 10806 12361 14760.33 13526.59 1573.88 2857.04
1481672855 12070652 12159495 8164 0 12068011 12147134 10806 12361 14760.79 13526.98 1573.83 2856.66
1481672856 12070684 12159527 8164 0 12068042 12147166 10806 12361 14760.50 13526.64 1573.75 2857.00
1481672857 12070714 12159560 8164 0 12068072 12147199 10806 12361 14761.67 13525.96 1572.58 2857.65
1481672859 12070745 12159591 8164 0 12068103 12147230 10806 12361 14760.80 13525.84 1573.45 2858.19
1481672860 12070777 12159622 8164 0 12068135 12147261 10806 12361 14760.84 13526.06 1573.41 2857.94
1481672861 12070806 12159655 8164 0 12068165 12147294 10806 12361 14760.79 13526.32 1573.39 2857.71
1481672862 12070837 12159686 8164 0 12068196 12147326 10806 12361 14760.53 13526.09 1573.34 2857.52
1481672863 12070868 12159719 8164 0 12068226 12147359 10806 12361 14760.89 13525.89 1573.34 2857.74
1481672864 12070940 12159783 8164 0 12068298 12147422 10806 12361 14749.02 13521.56 1585.62 2862.44
1481672865 12071074 12160033 8164 0 12068432 12147673 10806 12361 14694.64 13419.71 1640.01 2963.92
1481672867 12071392 12160758 8164 0 12068750 12148397 10806 12361 14608.79 13174.33 1725.10 3209.33
1481672868 12072162 12161522 8164 0 12069520 12149161 10806 12361 14314.77 12881.73 2019.12 3502.22
1481672870 12072208 12161595 8164 0 12069566 12149234 10806 12361 14300.82 12849.26 2033.82 3534.74
1481672872 12072250 12161629 8164 0 12069608 12149269 10806 12361 14299.14 12843.92 2035.50 3540.07
1481672875 12072291 12161661 8164 0 12069649 12149301 10806 12361 14299.18 12845.00 2035.07 3538.64
1481672878 12072331 12161692 8164 0 12069689 12149331 10806 12361 14300.06 12844.47 2034.95 3539.88
1481672880 12072453 12161765 8164 0 12069811 12149404 10806 12361 14219.81 12801.96 2115.17 3581.68
1481672881 12072509 12161811 8164 0 12069867 12149450 10806 12361 14196.96 12792.22 2136.23 3591.78
1481672882 12072573 12161866 8164 0 12069932 12149505 10806 12361 14165.63 12775.45 2168.69 3608.19
1481672883 12072624 12161911 8164 0 12069982 12149551 10806 12361 14149.08 12767.97 2185.59 3615.66
1481672884 12072669 12161975 8164 0 12070027 12149615 10806 12361 14137.21 12742.58 2197.80 3641.06
1481672885 12072714 12162042 8164 0 12070072 12149681 10806 12361 14124.54 12713.08 2209.68 3669.78
1481672887 12072770 12162088 8164 0 12070128 12149727 10806 12361 14104.82 12703.98 2229.06 3680.04
1481672888 12072817 12162139 8164 0 12070176 12149778 10806 12361 14091.89 12689.76 2242.73 3693.10
1481672889 12072864 12162197 8164 0 12070222 12149837 10806 12361 14078.96 12669.18 2256.02 3714.10
1481672890 12072917 12162235 8164 0 12070275 12149874 10806 12361 14059.86 12668.29 2274.07 3715.33
1481672891 12072987 12162305 8164 0 12070345 12149945 10806 12361 14025.38 12635.80 2309.64 3748.21
1481672892 12073024 12162342 8164 0 12070383 12149981 10806 12361 14018.67 12635.27 2314.77 3748.70
1481672893 12073069 12162391 8164 0 12070427 12150031 10806 12361 14009.06 12624.22 2325.14 3759.78
1481672895 12073138 12162460 8164 0 12070497 12150100 10806 12361 13973.77 12592.83 2360.85 3790.80
1481672896 12073200 12162543 8164 0 12070559 12150183 10806 12361 13940.31 12551.87 2394.33 3831.37
1481672897 12073242 12162599 8164 0 12070600 12150238 10806 12361 13935.62 12529.94 2398.61 3854.03
1481672898 12073300 12162663 8164 0 12070658 12150302 10806 12361 13904.73 12510.23 2429.85 3873.77
1481672899 12073382 12162735 8164 0 12070741 12150375 10806 12361 13853.45 12477.88 2481.15 3905.00
1481672900 12073465 12162788 8164 0 12070823 12150427 10806 12361 13805.26 12462.73 2528.63 3921.29
1481672902 12073534 12162850 8164 0 12070892 12150490 10806 12361 13769.41 12438.22 2564.83 3945.76
1481672903 12073570 12162896 8164 0 12070928 12150536 10806 12361 13768.45 12428.05 2566.18 3955.59
1481672904 12073628 12162960 8164 0 12070986 12150600 10806 12361 13744.48 12401.80 2589.77 3982.20
1481672905 12073750 12163032 8164 0 12071108 12150672 10806 12361 13658.02 12366.59 2676.97 4017.44
1481672907 12073873 12163085 8164 0 12071232 12150725 10806 12361 13568.75 12350.29 2765.48 4033.33
1481672908 12073920 12163223 8164 0 12071278 12150863 10806 12361 13555.20 12251.43 2779.77 4131.84
1481672909 12073950 12163288 8164 0 12071309 12150927 10806 12361 13554.45 12228.20 2779.77 4155.39
1481672910 12073981 12163349 8164 0 12071340 12150988 10806 12361 13554.69 12206.65 2779.90 4177.71
1481672911 12074020 12163403 8164 0 12071378 12151042 10806 12361 13554.61 12184.10 2779.64 4199.91
1481672912 12074056 12163477 8164 0 12071414 12151116 10806 12361 13555.27 12145.90 2779.75 4237.66
1481672913 12074091 12163532 8164 0 12071449 12151172 10806 12361 13555.32 12125.41 2779.28 4258.22
1481672914 12074128 12163592 8164 0 12071486 12151232 10806 12361 13554.59 12100.83 2779.66 4283.15
1481672916 12074164 12163651 8164 0 12071522 12151290 10806 12361 13555.65 12077.06 2778.53 4306.94
1481672917 12074234 12163734 8164 0 12071592 12151373 10806 12361 13520.72 12029.65 2813.89 4353.94
1481672918 12074281 12163769 8164 0 12071639 12151408 10806 12361 13510.41 12028.09 2824.60 4355.91
1481672919 12074352 12163823 8164 0 12071710 12151463 10806 12361 13472.53 12008.26 2862.12 4375.77
1481672920 12074416 12163897 8164 0 12071774 12151537 10806 12361 13448.95 11968.44 2885.67 4415.20
1481672921 12074470 12163971 8164 0 12071828 12151610 10806 12361 13431.98 11929.81 2902.65 4454.21
1481672922 12074507 12164005 8164 0 12071865 12151645 10806 12361 13431.96 11929.79 2902.27 4454.21
1481672924 12074543 12164062 8164 0 12071901 12151702 10806 12361 13432.57 11905.47 2902.05 4478.17
1481672925 12074604 12164126 8164 0 12071962 12151765 10806 12361 13405.84 11879.53 2928.41 4504.86
1481672926 12074664 12164169 8164 0 12072022 12151808 10806 12361 13379.59 11873.31 2955.03 4511.07
1481672927 12074732 12164214 8164 0 12072090 12151853 10806 12361 13346.16 11866.21 2988.47 4517.81
1481672928 12074771 12164245 8164 0 12072129 12151885 10806 12361 13345.64 11865.71 2989.38 4518.31
1481672930 12074861 12164281 8164 0 12072220 12151920 10806 12361 13278.97 11866.08 3056.49 4517.78
1481672933 12074904 12164320 8164 0 12072262 12151959 10806 12361 13278.37 11864.53 3056.25 4519.47
1481672936 12074936 12164359 8164 0 12072294 12151998 10806 12361 13278.76 11864.20 3055.86 4519.81
1481672939 12074968 12164398 8164 0 12072326 12152038 10806 12361 13279.31 11864.09 3055.31 4519.96
1481672941 12074996 12164441 8164 0 12072354 12152080 10806 12361 13279.48 11864.74 3055.14 4518.89
1481672944 12075036 12164471 8164 0 12072394 12152111 10806 12361 13279.21 11865.35 3055.04 4519.05
1481672947 12075068 12164511 8164 0 12072426 12152151 10806 12361 13280.06 11864.43 3054.55 4519.57
1481672950 12075099 12164552 8164 0 12072457 12152191 10806 12361 13279.60 11863.92 3055.04 4519.72
1481672952 12075139 12164583 8164 0 12072497 12152222 10806 12361 13278.72 11864.50 3055.53 4519.89
1481672955 12075171 12164622 8164 0 12072529 12152261 10806 12361 13279.18 11864.54 3055.07 4519.85
1481672958 12075202 12164661 8164 0 12072560 12152300 10806 12361 13279.42 11863.70 3055.19 4520.32
1481672961 12075234 12164700 8164 0 12072592 12152339 10806 12361 13280.16 11864.20 3054.09 4519.81
1481672963 12075265 12164740 8164 0 12072623 12152379 10806 12361 13280.57 11864.24 3054.40 4519.79
1481672966 12075298 12164779 8164 0 12072656 12152419 10806 12361 13280.14 11864.61 3054.22 4518.91
1481672969 12075329 12164819 8164 0 12072687 12152458 10806 12361 13280.75 11864.46 3054.22 4519.57
1481672972 12075360 12164858 8164 0 12072718 12152498 10806 12361 13280.13 11865.22 3054.12 4519.17
1481672974 12075391 12164897 8164 0 12072749 12152536 10806 12361 13280.13 11864.79 3054.12 4519.21
1481672977 12075423 12164936 8164 0 12072781 12152575 10806 12361 13280.85 11864.98 3053.76 4519.04
1481672980 12075454 12164976 8164 0 12072812 12152615 10806 12361 13280.01 11864.86 3054.60 4518.78
1481672983 12075486 12165015 8164 0 12072844 12152654 10806 12361 13279.79 11865.05 3054.10 4518.96
1481672985 12075518 12165053 8164 0 12072876 12152693 10806 12361 13279.95 11865.26 3054.30 4519.15
1481672988 12075549 12165093 8164 0 12072907 12152733 10806 12361 13279.96 11865.48 3054.65 4518.55
1481672991 12075580 12165133 8164 0 12072938 12152772 10806 12361 13280.20 11865.38 3054.78 4519.02
1481672993 12075612 12165172 8164 0 12072970 12152812 10806 12361 13279.93 11864.63 3054.69 4519.02
1481672996 12075644 12165211 8164 0 12073002 12152851 10806 12361 13280.34 11864.91 3054.63 4518.70
1481672999 12075676 12165250 8164 0 12073034 12152890 10806 12361 13279.63 11864.71 3055.34 4519.68
1481673002 12075709 12165294 8164 0 12073067 12152933 10806 12361 13279.17 11864.12 3055.80 4520.27
1481673004 12075741 12165333 8164 0 12073098 12152973 10806 12361 13278.65 11864.52 3055.96 4519.88
1481673007 12075772 12165372 8164 0 12073130 12153012 10806 12361 13278.62 11864.00 3054.91 4520.02
1481673010 12075804 12165412 8164 0 12073162 12153052 10806 12361 13279.45 11864.37 3055.56 4519.27
1481673013 12075846 12165442 8164 0 12073203 12153082 10806 12361 13278.42 11863.88 3056.21 4520.12
1481673015 12075886 12165473 8164 0 12073244 12153113 10806 12361 13278.83 11863.77 3055.42 4519.88
1481673018 12075918 12165512 8164 0 12073275 12153152 10806 12361 13279.17 11863.52 3055.43 4520.50
1481673020 12075949 12165551 8164 0 12073307 12153190 10806 12361 13334.98 11920.49 2998.72 4459.47
1481673021 12075980 12165586 8164 0 12073338 12153226 10806 12361 13666.63 12462.68 2667.64 3921.32
1481673023 12076010 12165620 8164 0 12073368 12153260 10806 12361 13667.73 12463.38 2667.26 3921.01
1481673024 12076040 12165653 8164 0 12073398 12153293 10806 12361 13667.70 12463.39 2667.27 3920.24
1481673025 12076071 12165686 8164 0 12073429 12153325 10806 12361 13667.46 12463.64 2667.19 3920.35
1481673026 12076102 12165719 8164 0 12073460 12153358 10806 12361 13668.36 12463.88 2666.26 3919.76
1481673027 12076132 12165751 8164 0 12073490 12153391 10806 12361 13668.67 12463.58 2665.96 3920.44
1481673028 12076163 12165784 8164 0 12073521 12153423 10806 12361 13668.10 12464.04 2666.53 3919.96
1481673029 12076194 12165817 8164 0 12073552 12153456 10806 12361 13668.23 12463.91 2666.02 3920.09
1481673030 12076224 12165850 8164 0 12073582 12153489 10806 12361 13669.11 12464.61 2665.89 3919.76
1481673032 12076254 12165883 8164 0 12073611 12153523 10807 12361 13669.10 12463.74 2666.27 3919.49
1481673033 12076283 12165917 8164 0 12073640 12153556 10807 12361 13669.09 12464.12 2665.15 3919.88
1481673034 12076312 12165951 8164 0 12073670 12153590 10807 12361 13669.58 12465.39 2665.04 3918.99
1481673035 12076343 12165984 8164 0 12073701 12153623 10807 12361 13669.13 12464.52 2664.80 3919.51
1481673036 12076373 12166018 8164 0 12073730 12153657 10807 12361 13669.39 12464.98 2665.23 3919.40
1481673037 12076403 12166050 8164 0 12073761 12153690 10807 12361 13669.96 12464.38 2664.66 3919.62
1481673038 12076433 12166084 8164 0 12073791 12153723 10807 12361 13669.21 12464.50 2665.35 3919.11
1481673039 12076463 12166117 8164 0 12073820 12153756 10807 12361 13670.39 12464.89 2664.60 3918.75
1481673040 12076492 12166150 8164 0 12073850 12153790 10807 12361 13670.92 12464.75 2664.10 3919.25
1481673042 12076522 12166183 8164 0 12073880 12153822 10807 12361 13670.40 12465.09 2664.21 3919.29
1481673043 12076551 12166217 8164 0 12073909 12153857 10807 12361 13670.08 12464.89 2664.52 3919.14
1481673044 12076582 12166249 8164 0 12073940 12153888 10807 12361 13670.45 12464.88 2664.18 3918.75
1481673045 12076613 12166282 8164 0 12073971 12153921 10807 12361 13670.18 12465.13 2664.05 3918.50
1481673046 12076643 12166315 8164 0 12074001 12153955 10807 12361 13669.71 12465.25 2664.12 3918.39
1481673047 12076674 12166348 8164 0 12074032 12153988 10807 12361 13670.60 12465.38 2664.03 3917.86
1481673048 12076704 12166381 8164 0 12074062 12154021 10807 12361 13670.91 12465.66 2663.71 3919.09
1481673049 12076733 12166415 8164 0 12074090 12154055 10807 12361 13669.81 12465.37 2664.45 3918.94
1481673050 12076763 12166448 8164 0 12074121 12154087 10807 12361 13670.41 12465.50 2664.21 3918.50
1481673052 12076793 12166482 8164 0 12074150 12154121 10807 12361 13669.61 12465.86 2664.63 3918.13
1481673053 12076823 12166516 8164 0 12074181 12154156 10807 12361 13669.23 12465.50 2665.29 3918.13
