120 5 0 3.31096840497e-05 0.713358879089
120 5 1 3.23235006357e-05 0.696204185486
120 5 2 5.79293599298e-05 1.24955201149
120 5 3 3.77651612742e-05 0.812180042267
120 5 4 3.35720122387e-05 0.72341799736
120 5 5 3.66203762735e-05 0.787274837494
120 5 6 3.29281966613e-05 0.709367036819
120 5 7 3.40386794523e-05 0.733635902405
120 5 8 3.63351167288e-05 0.781368017197
120 5 9 3.30427537421e-05 0.711795806885
120 5 10 3.52923158874e-05 0.762460947037
120 5 11 3.69990785907e-05 0.795475959778
120 5 12 3.78147240951e-05 0.812940120697
120 5 13 5.50215301805e-05 1.18698000908
120 5 14 3.38470790618e-05 0.728543043137
120 5 15 3.53651910002e-05 0.761137962341
120 5 16 3.31192390145e-05 0.714303970337
120 5 17 3.45751468794e-05 0.743970155716
120 5 18 3.30142255099e-05 0.711395025253
120 5 19 3.2340947842e-05 0.696038007736
120 5 20 3.83866667491e-05 0.825026988983
120 5 21 3.28721879404e-05 0.709050893784
120 5 22 3.37178307955e-05 0.72660112381
120 5 23 3.62596564228e-05 0.779693126678
120 5 24 3.45314263671e-05 0.742439985275
120 5 25 3.24674400874e-05 0.698962926865
120 5 26 3.2661272627e-05 0.702856063843
120 5 27 3.49960778134e-05 0.752803087234
120 5 28 3.31150708177e-05 0.712558984756
120 5 29 3.31048667075e-05 0.712357997894
120 5 30 3.15573610097e-05 0.67924785614
120 5 31 5.30363524305e-05 1.14396119118
120 5 32 3.35408760364e-05 0.721704959869
120 5 33 3.25805849923e-05 0.700843095779
120 5 34 3.31798486958e-05 0.713542938232
120 5 35 3.43391882197e-05 0.7377409935
120 5 36 3.80262657769e-05 0.8180809021
120 5 37 3.50565052784e-05 0.756978988647
120 5 38 3.24520086485e-05 0.69854593277
120 5 39 3.39195100225e-05 0.729500055313
120 5 40 5.56652774269e-05 1.20053505898
120 5 41 3.37214295665e-05 0.725656986237
120 5 42 3.22890503753e-05 0.694904088974
120 5 43 3.23600805486e-05 0.696465969086
120 5 44 3.2858578664e-05 0.706218957901
120 5 45 3.35335304437e-05 0.721739053726
120 5 46 3.65305892146e-05 0.786534070969
120 5 47 3.3708458047e-05 0.724185943604
120 5 48 3.65602562984e-05 0.786961078644
120 5 49 5.77913083408e-05 1.24621701241
120 5 50 3.37497641939e-05 0.727173805237
120 5 51 3.23171686209e-05 0.69575715065
120 5 52 3.42823709142e-05 0.738435029984
120 5 53 3.29991585035e-05 0.712425947189
120 5 54 3.15837823664e-05 0.681102991104
120 5 55 3.20095534196e-05 0.690640926361
120 5 56 3.44384846893e-05 0.742020845413
120 5 57 3.43103411091e-05 0.739978075027
120 5 58 3.65743666695e-05 0.787649154663
120 5 59 3.47303723503e-05 0.748832941055
120 5 60 3.82073090132e-05 0.822066068649
120 5 61 3.53590639787e-05 0.760977983475
120 5 62 3.46003154994e-05 0.745105028152
120 5 63 3.35132361085e-05 0.722466945648
120 5 64 3.1904164094e-05 0.687283992767
120 5 65 3.34697092009e-05 0.721257925034
120 5 66 3.18377121041e-05 0.687184095383
120 5 67 5.58335769139e-05 1.20438694954
120 5 68 3.60091318514e-05 0.776869058609
120 5 69 3.39747101588e-05 0.732021093369
120 5 70 3.33789655067e-05 0.71897983551
120 5 71 3.61033148774e-05 0.775934934616
120 5 72 3.46523724053e-05 0.746886968613
120 5 73 3.45303786237e-05 0.742916107178
120 5 74 3.39346795256e-05 0.730662107468
120 5 75 3.28037771257e-05 0.70774102211
120 5 76 3.56226284008e-05 0.767701864243
120 5 77 4.51846768471e-05 0.975311994553
120 5 78 3.18531321545e-05 0.686756849289
120 5 79 3.175748001e-05 0.684416055679
120 5 80 3.51902747855e-05 0.758553981781
120 5 81 3.32057803464e-05 0.714832782745
120 5 82 3.34351222783e-05 0.720524072647
120 5 83 3.47843083613e-05 0.749861955643
120 5 84 3.89516054659e-05 0.838384151459
120 5 85 3.27307881277e-05 0.705039978027
120 5 86 3.4489653291e-05 0.743278026581
120 5 87 3.2861824391e-05 0.708211898804
120 5 88 3.32894062182e-05 0.716816902161
120 5 89 3.34364205691e-05 0.721467971802
120 5 90 3.1805676209e-05 0.685526132584
120 5 91 3.47850030608e-05 0.748299121857
120 5 92 3.68869244867e-05 0.79443192482
120 5 93 5.70277083538e-05 1.22987294197
120 5 94 3.40575730001e-05 0.733918190002
120 5 95 3.34893088367e-05 0.722894906998
120 5 96 3.52351455379e-05 0.758963108063
120 5 97 3.63334084514e-05 0.780603885651
120 5 98 3.50776081983e-05 0.756198883057
120 5 99 3.51468389861e-05 0.756160974503
120 5 100 3.24784186167e-05 0.699768066406
120 5 101 5.31204110659e-05 1.14721298218
120 5 102 3.28102799683e-05 0.706241846085
120 5 103 3.3223147833e-05 0.715619087219
120 5 104 3.23622443666e-05 0.697055101395
120 5 105 3.4036356195e-05 0.734032154083
120 5 106 3.56737286714e-05 0.767734050751
120 5 107 3.36914663814e-05 0.725141048431
120 5 108 3.8976489373e-05 0.838568925858
120 5 109 3.66823639652e-05 0.788270950317
120 5 110 5.6636695051e-05 1.22167897224
120 5 111 3.33203146502e-05 0.7174680233
120 5 112 3.52848336325e-05 0.760215997696
120 5 113 3.39463299773e-05 0.730872154236
120 5 114 3.30718855656e-05 0.713258981705
120 5 115 3.36007568527e-05 0.723634004593
120 5 116 3.25241321193e-05 0.700551986694
120 5 117 3.36844510556e-05 0.725610017776
120 5 118 3.40777078961e-05 0.733319997787
120 5 119 3.27141495061e-05 0.704746007919
