time              msgs_alloc        msgs_max          errors            send_count        recv_count        route_count       drop_count        send_length       recv_length       route_length      drop_length      
1481746032        0                 10366             0                 28935147          28918449          0                 594               10227300434       7327538024        0                 198000           
1481746033        0                 10366             0                 28935207          28918506          0                 594               10227325090       7327561328        0                 198000           
1481746034        0                 10366             0                 28935262          28918559          0                 594               10227348058       7327582896        0                 198000           
1481746035        0                 10366             0                 28935330          28918625          0                 594               10227377239       7327607472        0                 198000           
1481746036        0                 10366             0                 28935387          28918680          0                 594               10227401111       7327629704        0                 198000           
1481746037        0                 10366             0                 28935441          28918732          0                 594               10227423887       7327650912        0                 198000           
1481746038        0                 10366             0                 28935550          28918839          0                 594               10227472023       7328752640        0                 198000           
1481746039        0                 10366             0                 28935741          28919028          0                 594               10227542357       7329871760        0                 198000           
1481746040        0                 10366             0                 28935815          28919100          0                 594               10227573277       7329900736        0                 198000           
1481746042        0                 10366             0                 28936289          28919572          0                 594               10227719021       7348821015        0                 198000           
1481746043        0                 10366             0                 28936358          28919639          0                 594               10227748357       7348848303        0                 198000           
1481746044        0                 10366             0                 28936759          28920029          0                 594               10227861773       7463428447        0                 198000           
1481746045        0                 10366             0                 28937206          28920475          0                 594               10228013068       7651227319        0                 198000           
1481746046        0                 10366             0                 28937638          28920904          0                 594               10228131220       7841119263        0                 198000           
1481746047        0                 10366             0                 28938101          28921365          0                 594               10228256588       8046746503        0                 198000           
1481746048        0                 10366             0                 28938518          28921780          0                 594               10228388848       8217782071        0                 198000           
1481746049        0                 10366             0                 28938975          28922235          0                 594               10228513288       8416048231        0                 198000           
1481746051        0                 10366             0                 28939424          28922682          0                 594               10228636112       8613284575        0                 198000           
1481746052        0                 10366             0                 28939928          28923184          0                 594               10228771848       8838843383        0                 198000           
1481746053        0                 10366             0                 28940333          28923587          0                 594               10228907187       9003564719        0                 198000           
1481746054        0                 10366             0                 28940680          28923932          0                 594               10229004355       9149399671        0                 198000           
1481746055        0                 10366             0                 28941121          28924371          0                 594               10229124459       9341403055        0                 198000           
1481746056        0                 10366             0                 28941489          28924737          0                 594               10229226699       9495626879        0                 198000           
1481746057        0                 10366             0                 28941910          28925156          0                 594               10229341819       9676071703        0                 198000           
1481746058        1                 10366             0                 28942342          28925586          0                 594               10229489506       9856526983        0                 198000           
1481746060        0                 10366             0                 28942756          28925998          0                 594               10229603266       10033845103       0                 198000           
1481746061        0                 10366             0                 28943144          28926384          0                 594               10229711154       10197502687       0                 198000           
1481746062        0                 10366             0                 28943535          28926773          0                 594               10229850361       10354882223       0                 198000           
1481746063        0                 10366             0                 28943994          28927230          0                 594               10229998394       10547925671       0                 198000           
1481746064        0                 10366             0                 28944403          28927637          0                 594               10230108634       10718938143       0                 198000           
1481746065        0                 10366             0                 28944734          28927966          0                 594               10230201898       10854292327       0                 198000           
1481746066        0                 10366             0                 28945224          28928454          0                 594               10230333906       11073548167       0                 198000           
1481746067        0                 10366             0                 28945753          28928981          0                 594               10230478898       11307500695       0                 198000           
1481746068        0                 10366             0                 28947253          28930479          0                 594               10230866658       11503890287       0                 198000           
1481746070        0                 10366             0                 28947715          28930939          0                 594               10230992426       11707420567       0                 198000           
1481746071        0                 10366             0                 28948112          28931334          0                 594               10231101202       11877382783       0                 198000           
1481746072        0                 10366             0                 28948577          28931797          0                 594               10231228570       12080913431       0                 198000           
1481746073        0                 10366             0                 28949086          28932304          0                 594               10231389184       12302278927       0                 198000           
1481746074        0                 10366             0                 28949533          28932749          0                 594               10231510752       12500562679       0                 198000           
1481746075        0                 10366             0                 28949984          28933198          0                 594               10231633192       12699896063       0                 198000           
1481746076        0                 10366             0                 28950311          28933523          0                 594               10231725480       12833152295       0                 198000           
1481746077        0                 10366             0                 28950642          28933852          0                 594               10231820504       12964296311       0                 198000           
1481746079        0                 10366             0                 28951088          28934295          0                 594               10231972104       13147912407       0                 198000           
1481746080        0                 10366             0                 28951552          28934758          0                 594               10232098344       13352479695       0                 198000           
1481746081        0                 10366             0                 28951876          28935079          0                 594               10232190040       13482589655       0                 198000           
1481746082        0                 10366             0                 28952344          28935546          0                 594               10232317792       13685064591       0                 198000           
1481746083        0                 10366             0                 28952780          28935980          0                 594               10232460652       13865520927       0                 198000           
1481746084        0                 10366             0                 28953207          28936405          0                 594               10232577236       14045999719       0                 198000           
1481746085        0                 10366             0                 28953620          28936816          0                 594               10232690508       14226426303       0                 198000           
1481746086        4                 10366             0                 28954093          28937287          0                 594               10232838201       14426813239       0                 198000           
1481746088        0                 10366             0                 28954528          28937720          0                 594               10232956737       14616710335       0                 198000           
1481746089        0                 10366             0                 28954911          28938101          0                 594               10233062585       14779325863       0                 198000           
1481746090        0                 10366             0                 28955406          28938594          0                 594               10233196529       14999640335       0                 198000           
1481746091        0                 10366             0                 28955838          28939024          0                 594               10233314385       15189532639       0                 198000           
1481746092        0                 10366             0                 28956304          28939488          0                 594               10233471982       15380481255       0                 198000           
1481746093        0                 10366             0                 28956719          28939901          0                 594               10233585638       15560933071       0                 198000           
1481746094        0                 10366             0                 28958189          28941368          0                 594               10233936262       15745797799       0                 198000           
1481746096        0                 10366             0                 28958616          28941794          0                 594               10234052654       15931478615       0                 198000           
1481746097        0                 10366             0                 28959023          28942199          0                 594               10234236388       16088860935       0                 198000           
1481746098        0                 10366             0                 28959450          28942624          0                 594               10234353076       16276654927       0                 198000           
1481746099        0                 10366             0                 28959820          28942992          0                 594               10234455804       16434028975       0                 198000           
1481746100        0                 10366             0                 28960255          28943425          0                 594               10234575108       16622874167       0                 198000           
1481746101        0                 10366             0                 28960690          28943858          0                 594               10234693644       16813815743       0                 198000           
1481746102        0                 10366             0                 28961089          28944255          0                 594               10234838295       16970148063       0                 198000           
1481746103        0                 10366             0                 28961560          28944723          0                 594               10234971917       17177873863       0                 198000           
1481746104        0                 10366             0                 28961975          28945137          0                 594               10235085381       17359374359       0                 198000           
1481746106        0                 10366             0                 28962392          28945552          0                 594               10235199629       17541923471       0                 198000           
1481746107        0                 10366             0                 28962840          28945998          0                 594               10235323149       17734965223       0                 198000           
1481746108        0                 10366             0                 28963303          28946459          0                 594               10235472645       17933252591       0                 198000           
1481746109        0                 10366             0                 28963728          28946882          0                 594               10235588741       18118949287       0                 198000           
1481746110        0                 10366             0                 28964128          28947280          0                 594               10235699365       18289961311       0                 198000           
1481746111        0                 10366             0                 28964610          28947760          0                 594               10235829421       18506078015       0                 198000           
1481746112        0                 10366             0                 28965078          28948226          0                 594               10235957469       18710657999       0                 198000           
1481746113        3                 10366             0                 28965522          28948668          0                 594               10236108284       18896358919       0                 198000           
1481746115        0                 10366             0                 28965963          28949107          0                 594               10236228388       19091495743       0                 198000           
1481746116        0                 10366             0                 28966460          28949602          0                 594               10236362052       19314955575       0                 198000           
1481746117        0                 10366             0                 28966902          28950042          0                 594               10236484108       19504850399       0                 198000           
1481746118        0                 10366             0                 28967385          28950523          0                 594               10236638376       19712579207       0                 198000           
1481746119        0                 10366             0                 28968954          28952090          0                 594               10237012952       19955119247       0                 198000           
1481746120        0                 10366             0                 28969541          28952675          0                 594               10237169448       20224734935       0                 198000           
1481746121        0                 10366             0                 28970116          28953248          0                 594               10237322248       20490153151       0                 198000           
1481746122        0                 10366             0                 28970707          28953836          0                 594               10237480064       20757671855       0                 198000           
1481746124        0                 10366             0                 28971299          28954427          0                 594               10237664847       21017850351       0                 198000           
1481746125        0                 10366             0                 28971911          28955037          0                 594               10237826623       21302150495       0                 198000           
1481746126        0                 10366             0                 28972165          28955298          0                 594               10237898903       21402883975       0                 198000           
1481746127        0                 10366             0                 28972316          28955447          0                 594               10237950079       21403068263       0                 198000           
1481746128        0                 10366             0                 28972386          28955515          0                 594               10238000781       21403093087       0                 198000           
1481746129        0                 10366             0                 28972441          28955568          0                 594               10238023557       21403114375       0                 198000           
1481746130        0                 10366             0                 28972501          28955626          0                 594               10238047621       21403137127       0                 198000           
1481746131        0                 10366             0                 28972578          28955701          0                 594               10238120554       21403163711       0                 198000           
1481746133        0                 10366             0                 28972636          28955757          0                 594               10238145340       21403185823       0                 198000           
1481746134        0                 10366             0                 28972702          28955821          0                 594               10238174146       21403209743       0                 198000           
