      time tx_packets rx_packets        tx_bytes        rx_bytes  tx_errors tx_dropped rx_frame_errors rx_crc_errors
1481746032          0          0               0               0          0          0          0          0
1481746033          0          0               0               0          0          0          0          0
1481746034          0          0               0               0          0          0          0          0
1481746035          2          0             120               0          0          0          0          0
1481746036          0          0               0               0          0          0          0          0
1481746037          1          0              60               0          0          0          0          0
1481746038          0          0               0               0          0          0          0          0
1481746039          0          0               0               0          0          0          0          0
1481746040          0          0               0               0          0          0          0          0
1481746042          0          0               0               0          0          0          0          0
1481746043          1          0              60               0          0          0          0          0
1481746044          0          0               0               0          0          0          0          0
1481746045          0          0               0               0          0          0          0          0
1481746046          0          0               0               0          0          0          0          0
1481746047          0          0               0               0          0          0          0          0
1481746048          1          0              60               0          0          0          0          0
1481746049          0          0               0               0          0          0          0          0
1481746051          0          0               0               0          0          0          0          0
1481746052          0          0               0               0          0          0          0          0
1481746053          0          0               0               0          0          0          0          0
1481746054          0          0               0               0          0          0          0          0
1481746055          1          0              60               0          0          0          0          0
1481746056          0          0               0               0          0          0          0          0
1481746057          0          0               0               0          0          0          0          0
1481746058          0          0               0               0          0          0          0          0
1481746060          0          0               0               0          0          0          0          0
1481746061          0          0               0               0          0          0          0          0
1481746062          0          0               0               0          0          0          0          0
1481746063          0          0               0               0          0          0          0          0
1481746064          0          0               0               0          0          0          0          0
1481746065          0          0               0               0          0          0          0          0
1481746066          0          0               0               0          0          0          0          0
1481746067          0          0               0               0          0          0          0          0
1481746068         11          0             858               0          0          0          0          0
1481746070          4          0             312               0          0          0          0          0
1481746071          0          0               0               0          0          0          0          0
1481746072          0          0               0               0          0          0          0          0
1481746073          0          0               0               0          0          0          0          0
1481746074          0          0               0               0          0          0          0          0
1481746075         11          0             660               0          0          0          0          0
1481746076          5          0             300               0          0          0          0          0
1481746077          1          0              60               0          0          0          0          0
1481746079          0          0               0               0          0          0          0          0
1481746080          0          0               0               0          0          0          0          0
1481746081          1          0              60               0          0          0          0          0
1481746082          0          0               0               0          0          0          0          0
1481746083          0          0               0               0          0          0          0          0
1481746084          0          0               0               0          0          0          0          0
1481746085          0          0               0               0          0          0          0          0
1481746086          0          0               0               0          0          0          0          0
1481746088          1          0              60               0          0          0          0          0
1481746089          0          0               0               0          0          0          0          0
1481746090          0          0               0               0          0          0          0          0
1481746091          0          0               0               0          0          0          0          0
1481746092          0          0               0               0          0          0          0          0
1481746093          1          0              60               0          0          0          0          0
1481746094          0          0               0               0          0          0          0          0
1481746096          0          0               0               0          0          0          0          0
1481746097          0          0               0               0          0          0          0          0
1481746098          0          0               0               0          0          0          0          0
1481746099          0          0               0               0          0          0          0          0
1481746100          0          0               0               0          0          0          0          0
1481746101          0          0               0               0          0          0          0          0
1481746102          0          0               0               0          0          0          0          0
1481746103          0          0               0               0          0          0          0          0
1481746104          1          0              60               0          0          0          0          0
1481746106          1          0              60               0          0          0          0          0
1481746107          2          0             120               0          0          0          0          0
1481746108          0          0               0               0          0          0          0          0
1481746109          0          0               0               0          0          0          0          0
1481746110          0          0               0               0          0          0          0          0
1481746111          0          0               0               0          0          0          0          0
1481746112          0          0               0               0          0          0          0          0
1481746113          2          0             120               0          0          0          0          0
1481746115          0          0               0               0          0          0          0          0
1481746116          1          0              60               0          0          0          0          0
1481746117          0          0               0               0          0          0          0          0
1481746118          1          0              78               0          0          0          0          0
1481746119          1          0              60               0          0          0          0          0
1481746120          0          0               0               0          0          0          0          0
1481746121          0          0               0               0          0          0          0          0
1481746122          0          0               0               0          0          0          0          0
1481746124          1          0              60               0          0          0          0          0
1481746125          2          0             120               0          0          0          0          0
1481746126          0          0               0               0          0          0          0          0
1481746127          0          0               0               0          0          0          0          0
1481746128          0          0               0               0          0          0          0          0
1481746129          0          0               0               0          0          0          0          0
1481746130          0          0               0               0          0          0          0          0
1481746131          0          0               0               0          0          0          0          0
1481746133          1          0              60               0          0          0          0          0
1481746134          0          0               0               0          0          0          0          0
