#TIME Node0_NumHit Node1_NumHit Node0_NumMiss Node1_NumMiss Node0_Local Node1_Local Node0_Other Node1_Other Node0_Free Node1_Free Node0_Used Node1_Used
1481767885 28257797 29487396 10188 1921617 28254910 29475118 13075 1933895 15264.52 13009.13 1070.09 3374.48
1481767887 28257826 29487427 10188 1921617 28254939 29475149 13075 1933895 15264.16 13008.77 1070.14 3374.85
1481767889 28257855 29487458 10188 1921617 28254968 29475181 13075 1933895 15264.10 13008.57 1070.15 3375.45
1481767890 28257886 29487489 10188 1921617 28254999 29475211 13075 1933895 15263.66 13008.59 1070.52 3375.03
1481767891 28257934 29487534 10188 1921617 28255047 29475256 13075 1933895 15257.87 13007.09 1076.35 3376.92
1481767892 28257990 29487587 10188 1921617 28255102 29475310 13075 1933895 15238.60 13000.47 1095.65 3383.18
1481767893 28258022 29487626 10188 1921617 28255135 29475348 13075 1933895 15237.86 12994.32 1097.15 3389.32
1481767894 28258054 29487709 10188 1921617 28255167 29475432 13075 1933895 15237.93 12980.13 1096.70 3403.83
1481767895 28258085 29487980 10188 1921617 28255198 29475703 13075 1933895 15237.59 12891.72 1096.62 3492.30
1481767897 28258117 29488092 10188 1921617 28255230 29475814 13075 1933895 15237.29 12812.16 1096.55 3571.85
1481767898 28258150 29488323 10188 1921617 28255263 29476045 13075 1933895 15237.06 12612.94 1097.25 3771.08
1481767899 28258184 29488516 10188 1921617 28255296 29476239 13075 1933895 15237.40 12444.46 1096.89 3939.55
1481767900 28258219 29488727 10188 1921617 28255332 29476450 13075 1933895 15237.19 12269.39 1097.05 4115.03
1481767901 28258255 29488896 10188 1921617 28255368 29476619 13075 1933895 15236.80 12128.20 1097.80 4256.18
1481767902 28258287 29489057 10188 1921617 28255400 29476779 13075 1933895 15235.97 11998.31 1098.22 4386.10
1481767904 28258320 29489259 10188 1921617 28255433 29476981 13075 1933895 15236.77 11828.93 1098.20 4555.02
1481767905 28258355 29489454 10188 1921617 28255468 29477176 13075 1933895 15236.20 11661.60 1098.79 4723.16
1481767906 28258385 29489635 10188 1921617 28255498 29477358 13075 1933895 15236.87 11513.25 1098.13 4870.36
1481767907 28258417 29489811 10188 1921617 28255530 29477533 13075 1933895 15235.95 11372.41 1098.63 5011.55
1481767908 28258450 29489989 10188 1921617 28255563 29477711 13075 1933895 15235.96 11226.28 1098.64 5157.38
1481767909 28258483 29490098 10188 1921617 28255596 29477821 13075 1933895 15236.71 11149.90 1097.54 5234.47
1481767910 28258517 29490201 10188 1921617 28255630 29477924 13075 1933895 15236.73 11077.77 1097.86 5305.87
1481767911 28258552 29490352 10188 1921617 28255665 29478075 13075 1933895 15236.27 10956.21 1098.31 5427.82
1481767912 28258585 29490514 10188 1921617 28255698 29478236 13075 1933895 15236.81 10826.63 1098.14 5557.32
1481767914 28258616 29490691 10188 1921617 28255728 29478413 13075 1933895 15237.39 10669.93 1097.96 5713.69
1481767915 28258645 29490897 10188 1921617 28255758 29478619 13075 1933895 15236.18 10511.61 1098.42 5872.38
1481767916 28258677 29491072 10188 1921617 28255790 29478795 13075 1933895 15235.98 10354.59 1099.01 6029.74
1481767917 28258708 29491209 10188 1921617 28255821 29478931 13075 1933895 15236.01 10267.34 1098.59 6116.23
1481767918 28258740 29491383 10188 1921617 28255852 29479105 13075 1933895 15235.32 10117.34 1099.69 6266.70
1481767919 28258774 29491546 10188 1921617 28255887 29479269 13075 1933895 15235.59 9993.12 1098.28 6391.25
1481767920 28258808 29491742 10188 1921617 28255921 29479465 13075 1933895 15235.88 9828.80 1099.11 6555.21
1481767921 28258840 29491950 10188 1921617 28255953 29479672 13075 1933895 15235.68 9647.30 1098.11 6738.84
1481767923 28258873 29492180 10188 1921617 28255986 29479902 13075 1933895 15235.43 9454.83 1098.38 6928.80
1481767924 28258905 29492333 10188 1921617 28256018 29480055 13075 1933895 15235.67 9334.44 1098.48 7049.57
1481767925 28258942 29492469 10188 1921617 28256055 29480191 13075 1933895 15235.83 9222.91 1098.37 7164.05
1481767926 28258978 29492569 10188 1921617 28256091 29480292 13075 1933895 15235.50 9155.09 1098.48 7229.05
1481767927 28259012 29492644 10188 1921617 28256125 29480366 13075 1933895 15235.80 9111.98 1099.20 7272.33
1481767929 28259045 29492880 10188 1921617 28256158 29480602 13075 1933895 15235.62 8902.07 1098.63 7481.86
1481767930 28259081 29493096 10188 1921617 28256194 29480818 13075 1933895 15234.75 8720.39 1099.14 7663.23
1481767931 28259113 29493397 10188 1921617 28256226 29481119 13075 1933895 15235.90 8447.43 1099.09 7936.57
1481767932 28259147 29493712 10188 1921617 28256260 29481434 13075 1933895 15235.04 8169.37 1099.22 8215.00
1481767933 28259185 29494009 10188 1921617 28256298 29481731 13075 1933895 15235.13 7898.67 1099.46 8485.36
1481767934 28259215 29494331 10188 1921617 28256327 29482053 13075 1933895 15235.62 7603.15 1099.76 8781.20
1481767936 28259247 29494464 10188 1921617 28256360 29482186 13075 1933895 15235.57 7510.37 1098.66 8873.23
1481767937 28259282 29494621 10188 1921617 28256395 29482343 13075 1933895 15235.95 7384.75 1098.64 8999.25
1481767938 28259310 29494789 10188 1921617 28256423 29482511 13075 1933895 15235.21 7253.99 1099.37 9129.59
1481767939 28259343 29494925 10188 1921617 28256456 29482647 13075 1933895 15235.33 7150.09 1098.14 9233.16
1481767940 28259374 29495014 10188 1921617 28256487 29482737 13075 1933895 15235.37 7095.32 1098.87 9288.69
1481767941 28259403 29495088 10188 1921617 28256516 29482811 13075 1933895 15235.70 7055.46 1098.49 9328.18
1481767942 28259436 29495160 10188 1921617 28256548 29482882 13075 1933895 15235.66 7018.66 1098.13 9365.68
1481767943 28259467 29495291 10188 1921617 28256579 29483014 13075 1933895 15235.67 6919.99 1098.64 9467.59
1481767945 28259497 29495430 10188 1921617 28256610 29483152 13075 1933895 15235.05 6815.37 1098.87 9569.37
1481767946 28259533 29495632 10188 1921617 28256646 29483354 13075 1933895 15235.06 6636.01 1099.92 9747.63
1481767947 28259568 29495774 10188 1921617 28256681 29483497 13075 1933895 15234.55 6529.96 1100.04 9854.07
1481767948 28259599 29495938 10188 1921617 28256712 29483661 13075 1933895 15234.66 6398.27 1099.57 9985.71
1481767949 28259630 29496107 10188 1921617 28256743 29483829 13075 1933895 15234.29 6262.19 1099.60 10122.16
1481767950 28259666 29496220 10188 1921617 28256778 29483942 13075 1933895 15235.33 6179.83 1099.30 10204.17
1481767952 28259697 29496360 10188 1921617 28256810 29484083 13075 1933895 15234.78 6073.42 1099.11 10310.61
1481767953 28259731 29496500 10188 1921617 28256844 29484222 13075 1933895 15235.30 5962.59 1099.70 10420.99
1481767954 28259763 29496668 10188 1921617 28256875 29484391 13075 1933895 15234.86 5827.16 1099.39 10556.86
1481767955 28259796 29496792 10188 1921617 28256908 29484514 13075 1933895 15235.69 5734.90 1099.72 10648.31
1481767956 28259828 29496952 10188 1921617 28256941 29484674 13075 1933895 15235.01 5608.60 1099.36 10774.13
1481767957 28259861 29497087 10188 1921617 28256973 29484810 13075 1933895 15235.07 5505.14 1100.29 10878.47
1481767958 28259894 29497244 10188 1921617 28257007 29484966 13075 1933895 15234.54 5380.95 1100.11 11002.65
1481767959 28259926 29497554 10188 1921617 28257039 29485276 13076 1933895 15235.03 5096.89 1099.98 11292.15
1481767961 28259959 29497696 10188 1921617 28257071 29485418 13076 1933895 15234.88 4991.36 1099.40 11392.21
1481767962 28259992 29497804 10188 1921617 28257105 29485527 13076 1933895 15234.82 4905.43 1099.03 11478.58
1481767963 28260023 29497944 10188 1921617 28257136 29485666 13076 1933895 15236.08 4808.66 1098.51 11575.00
1481767964 28260057 29498171 10188 1921617 28257170 29485893 13076 1933895 15235.57 4607.21 1099.07 11777.16
1481767965 28260093 29498333 10188 1921617 28257206 29486056 13076 1933895 15234.92 4476.85 1099.71 11907.14
1481767967 28260127 29498506 10188 1921617 28257240 29486229 13076 1933895 15235.11 4335.61 1099.85 12051.71
1481767968 28260162 29498645 10188 1921617 28257274 29486367 13076 1933895 15234.29 4227.73 1099.98 12157.00
1481767969 28260196 29498776 10188 1921617 28257309 29486498 13076 1933895 15234.57 4127.47 1100.04 12258.32
1481767970 28260232 29498923 10188 1921617 28257344 29486645 13076 1933895 15234.01 4008.90 1100.60 12374.74
1481767971 28260264 29499086 10188 1921617 28257377 29486808 13076 1933895 15234.91 3875.39 1099.30 12511.82
1481767972 28260300 29499259 10188 1921617 28257413 29486982 13076 1933895 15234.19 3734.71 1100.44 12648.95
1481767973 28260332 29499403 10188 1921617 28257444 29487125 13076 1933895 15234.26 3623.04 1100.03 12761.37
1481767975 28260363 29499566 10188 1921617 28257476 29487288 13076 1933895 15235.00 3493.67 1099.96 12889.98
1481767976 28260396 29499766 10188 1921617 28257509 29487489 13076 1933895 15234.08 3323.97 1100.53 13060.04
1481767977 28260429 29499899 10188 1921617 28257541 29487621 13076 1933895 15234.22 3225.26 1099.69 13161.29
1481767978 28260460 29500084 10188 1921617 28257572 29487806 13076 1933895 15234.02 3072.55 1100.22 13311.42
1481767979 28260493 29500257 10188 1921617 28257606 29487980 13076 1933895 15234.43 2931.34 1100.18 13453.04
1481767980 28260524 29500420 10188 1921617 28257636 29488142 13076 1933895 15234.39 2801.99 1099.86 13581.28
1481767981 28260558 29500575 10188 1921617 28257670 29488297 13076 1933895 15235.42 2678.63 1099.59 13704.59
1481767982 28260591 29500794 10188 1921617 28257704 29488516 13076 1933895 15234.75 2491.16 1099.86 13892.07
1481767984 28260625 29500935 10188 1921617 28257738 29488658 13076 1933895 15234.40 2379.91 1099.47 14004.06
1481767985 28260660 29501068 10188 1921617 28257772 29488791 13076 1933895 15234.95 2277.90 1099.30 14106.11
1481767986 28260692 29501101 10188 1921617 28257805 29488823 13076 1933895 15235.03 2277.43 1099.93 14106.60
1481767987 28260722 29501206 10188 1921617 28257835 29488929 13076 1933895 15234.39 2204.02 1099.85 14179.14
1481767988 28260757 29501343 10188 1921617 28257870 29489065 13076 1933895 15235.10 2097.56 1099.40 14286.82
1481767989 28260791 29501522 10188 1921617 28257903 29489244 13076 1933895 15234.20 1950.29 1100.05 14433.75
1481767991 28260823 29501699 10188 1921617 28257935 29489421 13076 1933895 15234.80 1804.77 1099.09 14579.13
1481768034 28260857 29505344 10188 1921617 28257970 29493067 13076 1933895 15238.41 55.31 1095.84 16327.95
1481768035 28260888 29505434 10188 1921617 28258000 29493156 13076 1933895 15236.45 55.89 1098.14 16327.38
1481768036 28260920 29505594 10188 1921617 28258032 29493316 13076 1933895 15236.06 55.57 1098.18 16327.71
1481768037 28260953 29505804 10188 1921617 28258065 29493526 13076 1933895 15235.10 55.64 1099.91 16328.36
1481768038 28260991 29505983 10188 1921617 28258104 29493706 13076 1933895 15235.04 55.54 1099.58 16328.12
1481768039 28261026 29506101 10188 1921617 28258138 29493823 13076 1933895 15234.47 55.29 1099.44 16328.71
1481768041 28261076 29506254 10188 1921617 28258188 29493976 13076 1933895 15234.25 55.37 1100.32 16328.27
1481768042 28261112 29506394 10188 1921617 28258224 29494116 13076 1933895 15234.03 55.35 1100.58 16328.29
1481768043 28261152 29506553 10188 1921617 28258264 29494276 13076 1933895 15233.95 55.11 1100.68 16328.15
1481768044 28261197 29506685 10188 1921617 28258310 29494407 13076 1933895 15233.38 54.89 1101.61 16328.76
1481768045 28261231 29506819 10188 1921617 28258344 29494541 13076 1933895 15233.83 56.10 1100.43 16328.96
1481768046 28261279 29506964 10188 1921617 28258391 29494686 13076 1933895 15234.45 56.38 1100.57 16327.99
1481768047 28261318 29507058 10188 1921617 28258430 29494781 13076 1933895 15233.42 55.20 1101.21 16328.43
1481768048 28261370 29507133 10188 1921617 28258483 29494855 13076 1933895 15233.71 55.54 1100.50 16328.09
1481768049 28261429 29507139 10188 1921617 28258541 29494862 13076 1933895 15233.00 56.63 1101.27 16327.73
1481768051 28261484 29507148 10188 1921617 28258596 29494870 13076 1933895 15232.91 56.39 1101.37 16327.61
1481768052 28261537 29507159 10188 1921617 28258650 29494881 13076 1933895 15233.11 56.81 1101.48 16327.55
1481768053 28261589 29507172 10188 1921617 28258702 29494894 13076 1933895 15233.38 56.57 1100.85 16327.80
1481768054 28261649 29507178 10188 1921617 28258761 29494900 13076 1933895 15233.94 56.61 1100.69 16327.02
1481768055 28261703 29507187 10188 1921617 28258816 29494909 13076 1933895 15233.53 56.63 1100.68 16327.37
1481768056 28261758 29507197 10188 1921617 28258870 29494920 13076 1933895 15233.35 56.41 1101.29 16327.59
1481768057 28261815 29507204 10188 1921617 28258927 29494926 13076 1933895 15233.79 57.29 1100.10 16326.71
1481768059 28261869 29507214 10188 1921617 28258982 29494937 13076 1933895 15233.97 56.68 1100.66 16327.68
1481768060 28261922 29507227 10188 1921617 28259034 29494949 13076 1933895 15234.02 56.21 1100.58 16327.42
1481768061 28261979 29507234 10188 1921617 28259091 29494956 13076 1933895 15233.67 56.18 1100.59 16327.46
1481768062 28262035 29507244 10188 1921617 28259147 29494966 13076 1933895 15233.82 56.07 1100.82 16327.57
1481768063 28262091 29507252 10188 1921617 28259203 29494974 13076 1933895 15234.51 56.82 1100.12 16327.18
1481768064 28262149 29507258 10188 1921617 28259262 29494981 13076 1933895 15234.30 56.80 1099.57 16327.56
1481768065 28262206 29507266 10188 1921617 28259318 29494988 13076 1933895 15234.15 56.67 1099.70 16327.33
1481768066 28262263 29507273 10188 1921617 28259375 29494996 13076 1933895 15233.77 56.55 1099.73 16327.09
1481768069 28262320 29507281 10188 1921617 28259432 29495003 13076 1933895 15234.50 56.86 1099.77 16327.50
1481768070 28262379 29507287 10188 1921617 28259491 29495009 13076 1933895 15234.51 56.98 1100.13 16327.38
1481768071 28262434 29507296 10188 1921617 28259547 29495018 13076 1933895 15234.48 56.62 1100.17 16327.75
1481768073 28262489 29507306 10188 1921617 28259602 29495028 13076 1933895 15234.27 56.27 1099.98 16327.73
1481768074 28262547 29507313 10188 1921617 28259659 29495035 13076 1933895 15234.50 56.50 1100.14 16327.50
1481768075 28262605 29507320 10188 1921617 28259717 29495042 13076 1933895 15235.14 56.75 1099.50 16327.25
1481768077 28262660 29507329 10188 1921617 28259772 29495052 13076 1933895 15234.45 56.88 1100.15 16327.12
1481768078 28262715 29507338 10188 1921617 28259827 29495060 13076 1933895 15234.45 57.00 1099.81 16327.00
1481768079 28262773 29507345 10188 1921617 28259885 29495067 13076 1933895 15234.72 57.09 1099.53 16327.27
1481768080 28262829 29507353 10188 1921617 28259942 29495075 13076 1933895 15234.14 57.09 1100.13 16326.54
1481768081 28262886 29507360 10188 1921617 28259998 29495083 13076 1933895 15234.70 57.12 1099.55 16326.88
1481768083 28262940 29507372 10188 1921617 28260052 29495094 13076 1933895 15234.95 56.48 1099.68 16327.16
1481768084 28262996 29507381 10188 1921617 28260108 29495103 13076 1933895 15234.35 56.72 1099.94 16327.29
1481768085 28263054 29507387 10188 1921617 28260166 29495110 13076 1933895 15234.63 56.88 1099.64 16327.49
1481768086 28263109 29507397 10188 1921617 28260221 29495120 13076 1933895 15234.71 56.89 1099.91 16327.11
1481768087 28263165 29507406 10188 1921617 28260277 29495129 13076 1933895 15234.48 56.75 1100.14 16326.88
1481768088 28263219 29507416 10188 1921617 28260331 29495139 13076 1933895 15234.01 56.66 1100.26 16327.34
1481768089 28263273 29507427 10188 1921617 28260385 29495150 13076 1933895 15234.48 56.24 1099.77 16327.76
1481768090 28263330 29507434 10188 1921617 28260442 29495156 13076 1933895 15234.98 56.49 1099.23 16327.51
1481768091 28263384 29507444 10188 1921617 28260496 29495167 13076 1933895 15235.11 57.00 1099.89 16327.00
1481768092 28263438 29507456 10188 1921617 28260551 29495178 13076 1933895 15235.19 56.63 1099.79 16327.37
1481768094 28263496 29507462 10188 1921617 28260608 29495185 13076 1933895 15234.22 57.14 1100.40 16327.22
1481768095 28263550 29507474 10188 1921617 28260662 29495196 13076 1933895 15234.48 56.38 1100.50 16327.62
1481768096 28263602 29507485 10188 1921617 28260715 29495208 13076 1933895 15234.96 56.38 1099.67 16327.62
1481768097 28263657 29507496 10188 1921617 28260769 29495218 13076 1933895 15234.16 57.00 1100.48 16327.37
1481768098 28263711 29507506 10188 1921617 28260823 29495229 13076 1933895 15234.12 56.74 1100.14 16327.26
1481768099 28263764 29507517 10188 1921617 28260876 29495240 13076 1933895 15234.66 56.51 1099.62 16327.12
1481768100 28263822 29507525 10188 1921617 28260934 29495247 13076 1933895 15235.19 56.98 1099.75 16327.02
1481768101 28263877 29507534 10188 1921617 28260989 29495257 13076 1933895 15234.56 56.39 1100.03 16327.61
1481768102 28263933 29507545 10188 1921617 28261045 29495267 13076 1933895 15233.71 56.51 1100.93 16327.49
1481768103 28263986 29507557 10188 1921617 28261098 29495280 13076 1933895 15233.84 55.79 1100.41 16328.21
1481768105 28264039 29507569 10188 1921617 28261151 29495292 13076 1933895 15233.88 56.27 1100.76 16328.09
1481768106 28264096 29507578 10188 1921617 28261208 29495300 13076 1933895 15233.88 55.99 1100.39 16328.01
1481768107 28264151 29507588 10188 1921617 28261263 29495310 13076 1933895 15234.24 56.68 1100.73 16327.32
1481768108 28264207 29507597 10188 1921617 28261319 29495319 13076 1933895 15234.30 57.41 1100.67 16326.59
1481768109 28264260 29507607 10188 1921617 28261373 29495330 13076 1933895 15233.69 56.92 1100.57 16327.08
1481768110 28264318 29507616 10188 1921617 28261430 29495338 13076 1933895 15234.73 56.90 1099.90 16327.10
1481768111 28264375 29507623 10188 1921617 28261487 29495345 13076 1933895 15234.68 57.25 1099.95 16326.75
1481768112 28264428 29507635 10188 1921617 28261540 29495357 13076 1933895 15233.93 56.44 1099.94 16327.56
1481768113 28264481 29507647 10188 1921617 28261593 29495369 13076 1933895 15234.17 56.68 1100.47 16327.68
1481768115 28264537 29507655 10188 1921617 28261649 29495378 13076 1933895 15234.39 57.29 1100.61 16326.71
1481768116 28264594 29507662 10188 1921617 28261706 29495385 13076 1933895 15233.90 56.90 1100.35 16327.10
1481768117 28264651 29507671 10188 1921617 28261763 29495394 13076 1933895 15234.03 57.04 1100.23 16326.96
1481768118 28264707 29507679 10188 1921617 28261819 29495402 13076 1933895 15234.41 56.88 1100.57 16327.12
1481768119 28264765 29507685 10188 1921617 28261877 29495408 13076 1933895 15233.91 57.16 1099.99 16326.84
1481768120 28264821 29507695 10188 1921617 28261933 29495417 13076 1933895 15234.55 57.28 1099.89 16326.95
1481768121 28264873 29507707 10188 1921617 28261986 29495430 13076 1933895 15234.52 56.56 1100.08 16327.08
1481768122 28264928 29507717 10188 1921617 28262041 29495439 13076 1933895 15234.28 57.37 1100.36 16326.99
1481768123 28264987 29507725 10188 1921617 28262099 29495447 13076 1933895 15234.30 57.01 1100.31 16326.99
1481768125 28265043 29507732 10188 1921617 28262155 29495454 13076 1933895 15234.12 56.73 1100.51 16326.90
1481768126 28265098 29507743 10188 1921617 28262210 29495465 13076 1933895 15234.41 57.01 1099.81 16327.36
1481768127 28265153 29507753 10188 1921617 28262265 29495475 13076 1933895 15233.89 57.61 1100.74 16326.75
1481768128 28265208 29507762 10188 1921617 28262320 29495484 13076 1933895 15234.43 56.86 1100.17 16326.78
1481768129 28265262 29507772 10188 1921617 28262374 29495494 13076 1933895 15234.10 57.01 1100.88 16326.99
1481768130 28265320 29507779 10188 1921617 28262432 29495501 13076 1933895 15234.56 57.11 1100.10 16326.53
1481768131 28265377 29507789 10188 1921617 28262489 29495511 13076 1933895 15233.87 56.85 1100.42 16326.78
1481768132 28265431 29507799 10188 1921617 28262543 29495521 13076 1933895 15234.42 56.77 1100.93 16326.87
1481768134 28265485 29507810 10188 1921617 28262597 29495532 13076 1933895 15234.46 57.37 1100.45 16326.99
1481768135 28265537 29507823 10188 1921617 28262649 29495545 13076 1933895 15234.39 56.29 1100.58 16327.35
1481768136 28265594 29507831 10188 1921617 28262706 29495553 13076 1933895 15234.30 57.14 1100.32 16327.23
1481768138 28265650 29507839 10188 1921617 28262762 29495562 13076 1933895 15234.29 56.99 1099.62 16327.01
1481768139 28265703 29507851 10188 1921617 28262815 29495573 13076 1933895 15233.77 57.02 1100.12 16326.98
1481768140 28265756 29507862 10188 1921617 28262868 29495584 13076 1933895 15234.05 56.76 1100.20 16327.24
1481768141 28265811 29507872 10188 1921617 28262924 29495595 13076 1933895 15234.21 57.14 1100.77 16327.23
1481768142 28265868 29507881 10188 1921617 28262980 29495603 13076 1933895 15234.07 56.77 1100.56 16327.23
1481768143 28265922 29507891 10188 1921617 28263034 29495614 13076 1933895 15234.06 56.65 1100.57 16327.71
1481768144 28265966 29507913 10188 1921617 28263078 29495636 13076 1933895 15244.62 152.86 1089.25 16230.77
1481768145 28265997 29507946 10188 1921617 28263109 29495668 13076 1933895 15244.71 152.88 1089.54 16231.12
1481768146 28266028 29507978 10188 1921617 28263140 29495700 13076 1933895 15245.32 153.09 1088.87 16230.52
1481768147 28266059 29508011 10188 1921617 28263171 29495733 13076 1933895 15245.79 153.21 1088.82 16230.81
1481768149 28266090 29508042 10188 1921617 28263202 29495764 13076 1933895 15245.42 152.97 1088.76 16231.04
1481768150 28266124 29508073 10188 1921617 28263236 29495795 13076 1933895 15245.92 152.71 1088.69 16231.29
1481768151 28266155 29508106 10188 1921617 28263267 29495828 13076 1933895 15246.16 153.24 1088.03 16230.78
1481768152 28266186 29508138 10188 1921617 28263298 29495860 13076 1933895 15245.74 152.89 1088.14 16230.75
1481768153 28266225 29508178 10188 1921617 28263338 29495900 13076 1933895 15240.42 150.74 1094.18 16233.62
