144 1 0 3.62054998006e-05 0.649178981781
144 1 1 3.24745756572e-05 0.583647012711
144 1 2 3.38822100997e-05 0.60796380043
144 1 3 3.53303644945e-05 0.633635997772
144 1 4 5.69857712474e-05 1.02370882034
144 1 5 3.50233421514e-05 0.630396842957
144 1 6 3.14457788525e-05 0.564912796021
144 1 7 3.52443501338e-05 0.633145809174
144 1 8 3.28685553211e-05 0.58998298645
144 1 9 3.27898386516e-05 0.5891020298
144 1 10 3.18732814314e-05 0.572355031967
144 1 11 3.27286829058e-05 0.587423086166
144 1 12 4.2026734169e-05 0.753931045532
144 1 13 3.63989979469e-05 0.652261972427
144 1 14 3.57108557291e-05 0.640141963959
144 1 15 3.34556368148e-05 0.601319074631
144 1 16 3.24590236485e-05 0.583091020584
144 1 17 3.59986635519e-05 0.645117998123
144 1 18 3.44149688918e-05 0.617166042328
144 1 19 3.23133431456e-05 0.580050945282
144 1 20 3.73126442903e-05 0.668493032455
144 1 21 3.46884136556e-05 0.622977018356
144 1 22 5.59438959962e-05 1.00564217567
144 1 23 3.24425423458e-05 0.582529067993
144 1 24 3.21328277833e-05 0.575569152832
144 1 25 3.36227594105e-05 0.602577924728
144 1 26 3.21654350703e-05 0.576575994492
144 1 27 3.36444064946e-05 0.605561971664
144 1 28 3.18568274609e-05 0.571192026138
144 1 29 3.25477438947e-05 0.583482980728
144 1 30 3.32340138584e-05 0.594579935074
144 1 31 5.41021719201e-05 0.972661018372
144 1 32 3.28357567088e-05 0.589023113251
144 1 33 3.33542207724e-05 0.597438812256
144 1 34 3.33744875816e-05 0.599976062775
144 1 35 3.24186130249e-05 0.581218004227
144 1 36 3.87780726209e-05 0.694591999054
144 1 37 3.44106367418e-05 0.616543054581
144 1 38 3.45040717885e-05 0.618972063065
144 1 39 3.2978703994e-05 0.59073805809
144 1 40 5.29321087592e-05 0.950942993164
144 1 41 3.34213076006e-05 0.599092006683
144 1 42 3.16221123918e-05 0.567386865616
144 1 43 3.36975949108e-05 0.60386800766
144 1 44 3.42474363135e-05 0.614468097687
144 1 45 3.58757644185e-05 0.643255233765
144 1 46 3.22482925646e-05 0.577804803848
144 1 47 3.41425900829e-05 0.611716032028
144 1 48 3.39284698091e-05 0.609492063522
144 1 49 5.92455819675e-05 1.06339001656
144 1 50 3.4367875551e-05 0.616978168488
144 1 51 3.52442408051e-05 0.631953001022
144 1 52 3.13905678552e-05 0.563946008682
144 1 53 3.36476726897e-05 0.60445189476
144 1 54 3.29781846826e-05 0.59193110466
144 1 55 3.19953059352e-05 0.574898004532
144 1 56 3.43774828112e-05 0.616426944733
144 1 57 3.49413729528e-05 0.62771487236
144 1 58 3.42389223404e-05 0.614578008652
144 1 59 3.3928756797e-05 0.608508110046
144 1 60 3.78919087814e-05 0.679656982422
144 1 61 3.44255737765e-05 0.618418931961
144 1 62 3.41533452945e-05 0.612809896469
144 1 63 3.33887549779e-05 0.599017858505
144 1 64 3.3365426965e-05 0.598151922226
144 1 65 3.43069521287e-05 0.614459991455
144 1 66 3.31451979496e-05 0.595221996307
144 1 67 5.47581441657e-05 0.98486995697
144 1 68 3.61295846792e-05 0.647863864899
144 1 69 3.2757764342e-05 0.587815999985
144 1 70 3.40710891082e-05 0.612046003342
144 1 71 3.21198313332e-05 0.577877044678
144 1 72 3.27515599379e-05 0.588610887527
144 1 73 3.38380003036e-05 0.607882976532
144 1 74 3.54789968725e-05 0.63688993454
144 1 75 3.32928873675e-05 0.598834037781
144 1 76 3.23365618299e-05 0.580532073975
144 1 77 5.60775640073e-05 1.00817704201
144 1 78 3.13581108951e-05 0.564045906067
144 1 79 3.28136449777e-05 0.589168071747
144 1 80 3.29760117746e-05 0.591632127762
144 1 81 3.52544357071e-05 0.632095813751
144 1 82 3.46095466592e-05 0.621718883514
144 1 83 3.19569998893e-05 0.574836969376
144 1 84 3.80973647552e-05 0.683451890945
144 1 85 3.34241228148e-05 0.600061893463
144 1 86 3.35321805762e-05 0.602105140686
144 1 87 3.54548352281e-05 0.635910987854
144 1 88 3.21916056297e-05 0.578755140305
144 1 89 3.20220231381e-05 0.575067996979
144 1 90 3.31369163e-05 0.595763206482
144 1 91 3.45384556671e-05 0.621287107468
144 1 92 3.31567321282e-05 0.594963788986
144 1 93 5.56312158924e-05 1.00022387505
144 1 94 3.69200995656e-05 0.661748886108
144 1 95 3.74422671392e-05 0.671361207962
144 1 96 3.45223433488e-05 0.620000839233
144 1 97 3.57574160925e-05 0.642044067383
144 1 98 3.23542457483e-05 0.581024169922
144 1 99 3.67387232397e-05 0.657201051712
144 1 100 3.38783425967e-05 0.609246015549
144 1 101 5.4270565462e-05 0.977204084396
144 1 102 3.42308593482e-05 0.61407494545
144 1 103 3.23839148264e-05 0.581730127335
144 1 104 3.6134026158e-05 0.647661209106
144 1 105 3.43852451495e-05 0.617162227631
144 1 106 3.61574088353e-05 0.648298978806
144 1 107 3.65765614342e-05 0.65495300293
144 1 108 3.87153999392e-05 0.694828987122
144 1 109 3.40740956476e-05 0.610997915268
144 1 110 3.59438215389e-05 0.644491910934
144 1 111 3.61337391701e-05 0.648391008377
144 1 112 3.43007750567e-05 0.615859031677
144 1 113 3.25699102902e-05 0.585022926331
144 1 114 3.3067847889e-05 0.593022108078
144 1 115 5.32001690841e-05 0.957295894623
144 1 116 3.61354337651e-05 0.648256063461
144 1 117 3.20945627356e-05 0.575838804245
144 1 118 3.22669741075e-05 0.579344034195
144 1 119 3.183660165e-05 0.57183599472
144 1 120 3.36587832196e-05 0.603575944901
144 1 121 5.55688165326e-05 1.00032997131
144 1 122 3.4753354908e-05 0.623123884201
144 1 123 3.18425190663e-05 0.57120513916
144 1 124 3.36964742916e-05 0.605021953583
144 1 125 3.39594781638e-05 0.609124898911
144 1 126 3.6477181639e-05 0.653403997421
144 1 127 3.26544897116e-05 0.588665008545
144 1 128 3.61734118249e-05 0.648052930832
144 1 129 3.54015238171e-05 0.635065078735
144 1 130 3.18792945104e-05 0.572145938873
144 1 131 3.31034480494e-05 0.59415602684
144 1 132 3.84820241468e-05 0.69192481041
144 1 133 3.37538718631e-05 0.606038093567
144 1 134 3.33833022086e-05 0.59921002388
144 1 135 3.58675784315e-05 0.642846107483
144 1 136 3.24749993059e-05 0.582634210587
144 1 137 3.13391696965e-05 0.56316614151
144 1 138 3.33005267109e-05 0.598910093307
144 1 139 3.56552757474e-05 0.638772964478
144 1 140 3.31742247214e-05 0.596167087555
144 1 141 3.33317947213e-05 0.597781896591
144 1 142 5.42351702929e-05 0.976222038269
144 1 143 3.39809065905e-05 0.610248088837
