1481668507          0          0          0          0
1481668508          0          0          0          0
1481668509          0          0          0          0
1481668510          0          0          0          0
1481668512          0          0          0          0
1481668513          0          0          0          0
1481668514          0          0          0          0
1481668515          0          0          0          0
1481668516          0          0          0          0
1481668517          0          0          0          0
1481668518          0          0          0          0
1481668520          0          0          0          0
1481668521          0          0          0          0
1481668522          0          0          0          0
1481668523          0          0          0          0
1481668524          0          0          0          0
1481668525          0          0          0          0
1481668526          0          0          0          0
1481668527          0          0          0          0
1481668529          0          0          0          0
1481668530          0          0          0          0
1481668531          0          0          0          0
1481668532          0          0          0          0
1481668533          0          0          0          0
1481668534          0          0          0          0
1481668535          0          0          0          0
1481668537          0          0          0          0
1481668538          0          0          0          0
1481668539          0          0          0          0
1481668540          0          0          0          0
1481668541          0          0          0          0
1481668542          0          0          0          0
1481668543          0          0          0          0
1481668544          0          0          0          0
1481668546          0          0          0          0
1481668547          0          0          0          0
1481668548          0          0          0          0
1481668549          0          0          0          0
1481668551          0          0          0          0
1481668552          0          0          0          0
1481668553          0          0          0          0
1481668554          0          0          0          0
1481668555          0          0          0          0
1481668556          0          0          0          0
1481668558          0          0          0          0
1481668559          0          0          0          0
1481668560          0          0          0          0
1481668561          0          0          0          0
1481668562          0          0          0          0
1481668563          0          0          0          0
1481668564          0          0          0          0
1481668566          0          0          0          0
1481668567          0          0          0          0
1481668568          0          0          0          0
1481668569          0          0          0          0
1481668570          0          0          0          0
1481668571          0          0          0          0
1481668572          0          0          0          0
1481668573          0          0          0          0
1481668575          0          0          0          0
1481668576          0          0          0          0
1481668577          0          0          0          0
1481668578          0          0          0          0
1481668579          0          0          0          0
1481668580          0          0          0          0
1481668581          0          0          0          0
1481668583          0          0          0          0
1481668584          0          0          0          0
1481668585          0          0          0          0
1481668586          0          0          0          0
1481668587          0          0          0          0
1481668588          0          0          0          0
1481668589          0          0          0          0
1481668591          0          0          0          0
1481668592          0          0          0          0
1481668593          0          0          0          0
1481668594          0          0          0          0
1481668595          0          0          0          0
1481668596          0          0          0          0
1481668597          0          0          0          0
1481668599          0          0          0          0
1481668600          0          0          0          0
1481668601          0          0          0          0
1481668602          0          0          0          0
1481668603          0          0          0          0
1481668604          0          0          0          0
1481668605          0          0          0          0
1481668607          0          0          0          0
1481668608          0          0          0          0
1481668609          0          0          0          0
1481668610          0          0          0          0
1481668611          0          0          0          0
1481668612          0          0          0          0
1481668613          0          0          0          0
1481668615          0          0          0          0
1481668616          0          0          0          0
1481668617          0          0          0          0
1481668618          0          0          0          0
1481668619          0          0          0          0
1481668620          0          0          0          0
1481668623          0          0          0          0
1481668624          0          0          0          0
1481668625          0          0          0          0
1481668626          0          0          0          0
1481668627          0          0          0          0
1481668628          0          0          0          0
1481668629          0          0          0          0
1481668631          0          0          0          0
1481668632          0          0          0          0
1481668633          0          0          0          0
1481668634          0          0          0          0
1481668635          0          0          0          0
1481668636          0          0          0          0
1481668637          0          0          0          0
1481668638          0          0          0          0
1481668640          0          0          0          0
1481668641          0          0          0          0
1481668642          0          0          0          0
1481668643          0          0          0          0
1481668644          0          0          0          0
1481668645          0          0          0          0
1481668646          0          0          0          0
1481668648          0          0          0          0
1481668649          0          0          0          0
1481668650          0          0          0          0
1481668651          0          0          0          0
1481668652          0          0          0          0
1481668653          0          0          0          0
1481668654          0          0          0          0
1481668656          0          0          0          0
1481668657          0          0          0          0
1481668658          0          0          0          0
1481668659          0          0          0          0
1481668660          0          0          0          0
1481668661          0          0          0          0
1481668662          0          0          0          0
1481668663          0          0          0          0
1481668665          0          0          0          0
1481668666          0          0          0          0
1481668667          0          0          0          0
1481668668          0          0          0          0
1481668669          0          0          0          0
1481668670          0          0          0          0
1481668671          0          0          0          0
1481668673          0          0          0          0
1481668674          0          0          0          0
1481668675          0          0          0          0
1481668676          0          0          0          0
1481668677          0          0          0          0
1481668678          0          0          0          0
1481668679          0          0          0          0
1481668681          0          0          0          0
1481668682          0          0          0          0
1481668683          0          0          0          0
1481668684          0          0          0          0
1481668685          0          0          0          0
1481668686          0          0          0          0
1481668693          0          0          0          0
1481668694          0          0          0          0
