1481670183          0          0          0          0
1481670184          0          0          0          0
1481670185          0          0          0          0
1481670187          0          0          0          0
1481670188          0          0          0          0
1481670190          0          0          0          0
1481670191          0          0          0          0
1481670193          0          0          0          0
1481670194          0          0          0          0
1481670196          0          0          0          0
1481670197          0          0          0          0
1481670199          0          0          0          0
1481670201          0          0          0          0
1481670204          0          0          0          0
1481670207          0          0          0          0
1481670209          0          0          0          0
1481670212          0          0          0          0
1481670215          0          0          0          0
1481670217          0          0          0          0
1481670220          0          0          0          0
1481670223          0          0          0          0
1481670226          0          0          0          0
1481670229          0          0          0          0
1481670233          0          0          0          0
1481670236          0          0          0          0
1481670238          0          0          0          0
1481670239          0          0          0          0
1481670240          0          0          0          0
1481670241          0          0          0          0
